    0.8200    0.9281    0.0122         2
    0.8250    0.9119    0.0113         2
    0.8300    0.9004    0.0124         2
    0.8350    0.8886    0.0106         2
    0.8400    0.8823    0.0105         2
    0.8450    0.8754    0.0106         2
    0.8500    0.8604    0.0102         2
    0.8550    0.8496    0.0105         2
    0.8600    0.8476    0.0106         2
    0.8650    0.8465    0.0112         2
    0.8700    0.8455    0.0104         2
    0.8750    0.8418    0.0109         2
    0.8800    0.8548    0.0103         1
    0.8850    0.8215    0.0101         2
    0.8900    0.8203    0.0095         2
    0.8950    0.8191    0.0092         2
    0.9000    0.8100    0.0103         2
    0.9050    0.7984    0.0090         2
    0.9100    0.7959    0.0091         2
    0.9150    0.7961    0.0095         2
    0.9200    0.7980    0.0095         2
    0.9250    0.7943    0.0092         2
    0.9300    0.7930    0.0102         2
    0.9350    0.7739    0.0087         1
    0.9400    0.7871    0.0095         2
    0.9450    0.8000    0.0104         2
    0.9500    0.8138    0.0104         2
    0.9550    0.8129    0.0095         2
    0.9600    0.8184    0.0090         2
    0.9650    0.8267    0.0091         2
    0.9700    0.8356    0.0085         2
    0.9750    0.8329    0.0082         2
    0.9800    0.8382    0.0081         2
    0.9850    0.8426    0.0079         2
    0.9900    0.8543    0.0078         2
    0.9950    0.8622    0.0080         2
    1.0000    0.8674    0.0085         2
    1.0050    0.8777    0.0079         2
    1.0100    0.8704    0.0082         1
    1.0150    0.8919    0.0082         2
    1.0200    0.8871    0.0078         2
    1.0250    0.8892    0.0080         2
    1.0300    0.8942    0.0077         2
    1.0350    0.8961    0.0072         2
    1.0400    0.9017    0.0079         2
    1.0450    0.9105    0.0079         2
    1.0500    0.9063    0.0076         2
    1.0550    0.9106    0.0078         2
    1.0600    0.9164    0.0077         2
    1.0650    0.9241    0.0075         2
    1.0700    0.9231    0.0073         2
    1.0750    0.9276    0.0078         2
    1.0800    0.9326    0.0074         2
    1.0850    0.9448    0.0077         2
    1.0900    0.9479    0.0079         2
    1.0950    0.9528    0.0086         2
    1.1000    0.9524    0.0081         2
    1.1050    0.9516    0.0084         2
    1.1100    0.9472    0.0082         2
    1.1150    0.9282    0.0079         1
    1.1200    0.9369    0.0095         2
    1.1250    0.9424    0.0101         2
    1.1300    0.9545    0.0112         2
    1.1350    0.9619    0.0110         2
    1.1400    0.9593    0.0101         2
    1.1450    0.9590    0.0102         2
    1.1500    0.9523    0.0098         2
    1.1550    0.9545    0.0095         2
    1.1600    0.9607    0.0093         2
    1.1650    0.9692    0.0095         2
    1.1700    0.9798    0.0075         2
    1.1750    0.9909    0.0076         2
    1.1800    0.9907    0.0075         2
    1.1850    0.9920    0.0075         2
    1.1900    0.9959    0.0075         2
    1.1950    0.9948    0.0076         2
    1.2000    0.9970    0.0072         2
    1.2050    0.9937    0.0076         2
    1.2100    0.9958    0.0072         2
    1.2150    0.9983    0.0075         2
    1.2200    1.0064    0.0075         2
    1.2250    0.9994    0.0079         2
    1.2300    0.9981    0.0073         2
    1.2350    1.0010    0.0075         2
    1.2400    1.0015    0.0077         2
    1.2450    1.0067    0.0074         2
    1.2500    1.0109    0.0076         2
    1.2550    1.0183    0.0079         2
    1.2600    1.0147    0.0084         2
    1.2650    1.0042    0.0079         2
    1.2700    0.9994    0.0075         2
    1.2750    1.0020    0.0089         2
    1.2800    1.0108    0.0073         2
    1.2850    1.0090    0.0072         2
    1.2900    1.0118    0.0072         2
    1.2950    1.0161    0.0082         2
    1.3000    1.0121    0.0084         2
    1.3050    1.0099    0.0080         2
    1.3100    1.0163    0.0077         2
    1.3150    1.0188    0.0078         2
    1.3200    1.0145    0.0078         2
    1.3250    1.0225    0.0086         2
    1.3300    1.0201    0.0086         2
    1.3350    1.0153    0.0089         2
    1.3400    1.0029    0.0105         2
    1.3450    1.0091    0.0114         2
    1.3500    1.0131    0.0132         2
    1.3550    1.0153    0.0181         2
    1.3600    1.0348    0.0108         1
    1.3650    1.0175    0.0153         1
    1.3700   -1.0000   -1.0000         0
    1.3750   -1.0000   -1.0000         0
    1.3800    1.0398    0.0206         1
    1.3850    1.0395    0.0196         1
    1.3900    1.0314    0.0290         1
    1.3950    1.0402    0.0219         2
    1.4000   -1.0000   -1.0000         0
    1.4050    1.0362    0.0213         1
    1.4100    1.0349    0.0166         2
    1.4150    1.0377    0.0153         2
    1.4200    1.0262    0.0148         2
    1.4250    1.0294    0.0138         2
    1.4300    1.0353    0.0124         2
    1.4350    1.0332    0.0126         2
    1.4400    1.0363    0.0126         2
    1.4450    1.0369    0.0116         2
    1.4500    1.0385    0.0115         2
    1.4550    1.0413    0.0101         1
    1.4600    1.0379    0.0111         1
    1.4650    1.0400    0.0101         2
    1.4700    1.0451    0.0103         2
    1.4750    1.0217    0.0106         1
    1.4800    1.0326    0.0100         2
    1.4850    1.0233    0.0093         2
    1.4900    1.0247    0.0099         2
    1.4950    1.0300    0.0096         2
    1.5000    1.0236    0.0096         2
    1.5050    1.0198    0.0091         2
    1.5100    1.0292    0.0092         2
    1.5150    1.0308    0.0086         2
    1.5200    1.0254    0.0088         2
    1.5250    1.0394    0.0093         2
    1.5300    1.0361    0.0083         2
    1.5350    1.0228    0.0083         2
    1.5400    1.0156    0.0083         2
    1.5450    1.0219    0.0084         2
    1.5500    1.0298    0.0087         2
    1.5550    1.0224    0.0088         2
    1.5600    1.0110    0.0087         2
    1.5650    1.0130    0.0084         2
    1.5700    1.0265    0.0095         2
    1.5750    1.0204    0.0088         2
    1.5800    1.0105    0.0089         2
    1.5850    0.9947    0.0090         2
    1.5900    0.9926    0.0086         2
    1.5950    1.0018    0.0090         2
    1.6000    1.0085    0.0085         2
    1.6050    1.0059    0.0085         2
    1.6100    0.9904    0.0090         2
    1.6150    0.9757    0.0092         2
    1.6200    0.9668    0.0095         2
    1.6250    0.9839    0.0092         2
    1.6300    0.9916    0.0089         2
    1.6350    0.9892    0.0093         2
    1.6400    0.9841    0.0097         2
    1.6450    0.9904    0.0095         2
    1.6500    0.9850    0.0095         2
    1.6550    0.9889    0.0091         2
    1.6600    0.9828    0.0092         2
    1.6650    0.9759    0.0097         2
    1.6700    0.9694    0.0098         2
    1.6750    0.9653    0.0099         2
    1.6800    0.9645    0.0102         2
    1.6850    0.9741    0.0098         2
    1.6900    0.9774    0.0095         2
    1.6950    0.9761    0.0095         2
    1.7000    0.9757    0.0099         2
    1.7050    0.9609    0.0097         2
    1.7100    0.9504    0.0092         2
    1.7150    0.9577    0.0097         2
    1.7200    0.9613    0.0103         2
    1.7250    0.9545    0.0095         2
    1.7300    0.9650    0.0103         2
    1.7350    0.9527    0.0098         2
    1.7400    0.9530    0.0101         2
    1.7450    0.9501    0.0094         2
    1.7500    0.9459    0.0100         2
    1.7550    0.9525    0.0103         2
    1.7600    0.9355    0.0107         2
    1.7650    0.9083    0.0102         2
    1.7700    0.9330    0.0103         2
    1.7750    0.9534    0.0110         2
    1.7800    0.9397    0.0104         2
    1.7850    0.9298    0.0108         2
    1.7900    0.9235    0.0126         2
    1.7950    0.9249    0.0130         2
    1.8000    0.9120    0.0129         2
    1.8050    0.9025    0.0142         2
    1.8100    0.9160    0.0171         2
    1.8150    0.9425    0.0181         2
    1.8200    0.9146    0.0201         2
    1.8250   -1.0000   -1.0000         0
    1.8300    0.8929    0.0352         2
    1.8350    0.9223    0.0465         2
    1.8400    0.9191    0.0668         2
    1.8450    0.9198    0.0682         2
    1.8500    0.8986    0.0597         2
    1.8550   -1.0000   -1.0000         0
    1.8600    0.8768    0.0683         1
    1.8650   -1.0000   -1.0000         0
    1.8700   -1.0000   -1.0000         0
    1.8750   -1.0000   -1.0000         0
    1.8800    0.9086    0.0407         2
    1.8850    0.8620    0.0437         1
    1.8900    0.9027    0.0345         2
    1.8950    0.9230    0.0217         1
    1.9000   -1.0000   -1.0000         0
    1.9050    0.9200    0.0488         2
    1.9100   -1.0000   -1.0000         0
    1.9150   -1.0000   -1.0000         0
    1.9200    0.8598    0.0319         1
    1.9250    0.9189    0.0242         2
    1.9300    0.9082    0.0289         1
    1.9350    0.8893    0.0213         2
    1.9400    0.8777    0.0199         2
    1.9450    0.8731    0.0185         2
    1.9500    0.8854    0.0187         2
    1.9550    0.8807    0.0200         2
    1.9600    0.9126    0.0201         2
    1.9650    0.8715    0.0159         2
    1.9700    0.8573    0.0146         2
    1.9750    0.8630    0.0139         2
    1.9800    0.8859    0.0131         2
    1.9850    0.8864    0.0135         2
    1.9900    0.8989    0.0139         2
    1.9950    0.9133    0.0159         2
    2.0000    0.9002    0.0164         2
    2.0050    0.8497    0.0207         2
    2.0100    0.8798    0.0229         1
    2.0150    0.8704    0.0182         2
    2.0200    0.8903    0.0168         2
    2.0250    0.8953    0.0139         2
    2.0300    0.8951    0.0147         2
    2.0350    0.8882    0.0145         2
    2.0400    0.8635    0.0137         2
    2.0450    0.8783    0.0130         2
    2.0500    0.8900    0.0134         2
    2.0550    0.8815    0.0136         2
    2.0600    0.8902    0.0141         2
    2.0650    0.8931    0.0143         2
    2.0700    0.8748    0.0152         2
    2.0750    0.8741    0.0142         2
    2.0800    0.8962    0.0134         2
    2.0850    0.9115    0.0133         2
    2.0900    0.8866    0.0127         2
    2.0950    0.8907    0.0137         2
    2.1000    0.9176    0.0136         2
    2.1050    0.9352    0.0146         2
    2.1100    0.9242    0.0153         1
    2.1150    0.9156    0.0132         2
    2.1200    0.8955    0.0135         2
    2.1250    0.8993    0.0132         2
    2.1300    0.8967    0.0133         2
    2.1350    0.9099    0.0132         2
    2.1400    0.9171    0.0142         2
    2.1450    0.8962    0.0137         2
    2.1500    0.8800    0.0133         2
    2.1550    0.9006    0.0155         2
    2.1600    0.9267    0.0157         2
    2.1650    0.8953    0.0139         2
    2.1700    0.8924    0.0142         2
    2.1750    0.9120    0.0147         2
    2.1800    0.9224    0.0157         2
    2.1850    0.9189    0.0142         2
    2.1900    0.9158    0.0148         2
    2.1950    0.9219    0.0156         2
    2.2000    0.9246    0.0145         2
    2.2050    0.9265    0.0149         2
    2.2100    0.9165    0.0146         2
    2.2150    0.9349    0.0154         2
    2.2200    0.9427    0.0155         2
    2.2250    0.9375    0.0158         2
    2.2300    0.9448    0.0158         2
    2.2350    0.9150    0.0165         2
    2.2400    0.8918    0.0162         2
    2.2450    0.9045    0.0166         2
    2.2500    0.9059    0.0164         2
    2.2550    0.9171    0.0162         2
    2.2600    0.9210    0.0176         2
    2.2650    0.9154    0.0166         2
    2.2700    0.9261    0.0175         2
    2.2750    0.9176    0.0175         2
    2.2800    0.9109    0.0180         2
    2.2850    0.9310    0.0184         2
    2.2900    0.9372    0.0175         2
    2.2950    0.9527    0.0206         2
    2.3000    0.9476    0.0187         2
    2.3050    0.9392    0.0171         2
    2.3100    0.9314    0.0177         2
    2.3150    0.9263    0.0180         2
    2.3200    0.9147    0.0179         2
    2.3250    0.9182    0.0187         2
    2.3300    0.9147    0.0187         2
    2.3350    0.9132    0.0200         2
    2.3400    0.9215    0.0185         2
    2.3450    0.9312    0.0183         2
    2.3500    0.9289    0.0199         2
    2.3550   -1.0000   -1.0000         0
    2.3600    0.9224    0.0225         1
    2.3650    0.8926    0.0197         2
    2.3700    0.8670    0.0199         2
    2.3750    0.8709    0.0202         2
    2.3800   -1.0000   -1.0000         0
    2.3850    0.8939    0.0222         1
    2.3900    0.9487    0.0208         1
    2.3950   -1.0000   -1.0000         0
    2.4000    0.8983    0.0212         1
    2.4050    0.8708    0.0227         2
    2.4100    0.8618    0.0204         2
    2.4150    0.8645    0.0212         2
    2.4200    0.8827    0.0206         2
    2.4250   -1.0000   -1.0000         0
    2.4300    0.9299    0.0226         1
    2.4350    0.9147    0.0211         2
    2.4400    0.9295    0.0226         1
    2.4450    0.9521    0.0260         1
    2.4500    0.9204    0.0229         2
    2.4550    0.9100    0.0248         2
    2.4600    0.9317    0.0228         2
    2.4650    0.8903    0.0191         1
    2.4700   -1.0000   -1.0000         0
    2.4750    0.9214    0.0243         1
    2.4800   -1.0000   -1.0000         0
    2.4850   -1.0000   -1.0000         0
    2.4900   -1.0000   -1.0000         0
