0.8200 0.87409 0.00352
0.8250 0.87141 0.00346
0.8300 0.87146 0.00342
0.8350 0.87436 0.00343
0.8400 0.87279 0.00334
0.8450 0.87471 0.00330
0.8500 0.87473 0.00324
0.8550 0.87652 0.00340
0.8600 0.88027 0.00342
0.8650 0.87896 0.00371
0.8700 0.88258 0.00353
0.8750 0.88081 0.00350
0.8800 0.87978 0.00337
0.8850 0.88111 0.00316
0.8900 0.88522 0.00307
0.8950 0.88535 0.00307
0.9000 0.88767 0.00300
0.9050 0.88530 0.00294
0.9100 0.88849 0.00296
0.9150 0.88961 0.00310
0.9200 0.89052 0.00321
0.9250 0.89410 0.00331
0.9300 0.88991 0.00327
0.9350 0.89514 0.00337
0.9400 0.90007 0.00337
0.9450 0.90406 0.00315
0.9500 0.90405 0.00333
0.9550 0.90427 0.00303
0.9600 0.90902 0.00294
0.9650 0.90911 0.00292
0.9700 0.91110 0.00288
0.9750 0.91292 0.00283
0.9800 0.91996 0.00295
0.9850 0.91984 0.00278
0.9900 0.92436 0.00276
0.9950 0.92442 0.00281
1.0000 0.92861 0.00282
1.0050 0.93063 0.00267
1.0100 0.93308 0.00264
1.0150 0.93512 0.00255
1.0200 0.93640 0.00260
1.0250 0.93601 0.00268
1.0300 0.94152 0.00260
1.0350 0.93962 0.00261
1.0400 0.94202 0.00263
1.0450 0.94577 0.00267
1.0500 0.94456 0.00248
1.0550 0.94830 0.00256
1.0600 0.95151 0.00256
1.0650 0.95081 0.00262
1.0700 0.95454 0.00253
1.0750 0.95936 0.00256
1.0800 0.95875 0.00253
1.0850 0.96163 0.00250
1.0900 0.95855 0.00251
1.0950 0.96557 0.00254
1.1000 0.96492 0.00254
1.1050 0.96698 0.00288
1.1100 0.96774 0.00282
1.1150 0.97307 0.00390
1.1200 0.97319 0.00363
1.1250 0.97201 0.00342
1.1300 0.97462 0.00332
1.1350 0.97719 0.00355
1.1400 0.97583 0.00336
1.1450 0.98033 0.00339
1.1500 0.98196 0.00326
1.1550 0.98258 0.00318
1.1600 0.98675 0.00294
1.1650 0.98662 0.00266
1.1700 0.98697 0.00250
1.1750 0.98932 0.00244
1.1800 0.99093 0.00236
1.1850 0.99420 0.00238
1.1900 0.99167 0.00238
1.1950 0.99657 0.00235
1.2000 0.99572 0.00240
1.2050 0.99760 0.00234
1.2100 0.99947 0.00241
1.2150 0.99756 0.00250
1.2200 1.00368 0.00234
1.2250 0.99943 0.00234
1.2300 1.00466 0.00236
1.2350 1.00474 0.00249
1.2400 1.00319 0.00235
1.2450 1.01072 0.00239
1.2500 1.00625 0.00237
1.2550 1.01080 0.00247
1.2600 1.00606 0.00244
1.2650 1.01126 0.00244
1.2700 1.01220 0.00244
1.2750 1.00935 0.00243
1.2800 1.01692 0.00261
1.2850 1.01283 0.00263
1.2900 1.01783 0.00266
1.2950 1.01553 0.00257
1.3000 1.01754 0.00278
1.3050 1.01716 0.00291
1.3100 1.01791 0.00271
1.3150 1.02157 0.00275
1.3200 1.01880 0.00258
1.3250 1.02262 0.00261
1.3300 1.02215 0.00262
1.3350 1.01915 0.00300
1.3400 1.02354 0.00379
1.3450 1.01401 0.00428
1.3500 1.02050 0.00499
1.3550 1.01562 0.00740
1.3600 1.02069 0.00774
1.3650 1.03452 0.00669
1.3700 1.02828 0.01117
1.3750 1.03551 0.00873
1.3800 1.02591 0.00444
1.3850 1.02824 0.00572
1.3900 1.03630 0.00649
1.3950 1.02974 0.00609
1.4000 1.03203 0.00610
1.4050 1.03260 0.00546
1.4100 1.03305 0.00559
1.4150 1.03630 0.00506
1.4200 1.03916 0.00474
1.4250 1.03600 0.00423
1.4300 1.03937 0.00459
1.4350 1.04115 0.00334
1.4400 1.04105 0.00337
1.4450 1.04230 0.00358
1.4500 1.04653 0.00404
1.4550 1.04198 0.00320
1.4600 1.04588 0.00305
1.4650 1.04203 0.00330
1.4700 1.04724 0.00315
1.4750 1.04672 0.00303
1.4800 1.04915 0.00310
1.4850 1.04918 0.00312
1.4900 1.04725 0.00302
1.4950 1.04971 0.00287
1.5000 1.05166 0.00273
1.5050 1.05101 0.00280
1.5100 1.05166 0.00280
1.5150 1.05435 0.00271
1.5200 1.05367 0.00277
1.5250 1.05669 0.00283
1.5300 1.05462 0.00278
1.5350 1.05921 0.00286
1.5400 1.05988 0.00264
1.5450 1.05916 0.00273
1.5500 1.06298 0.00269
1.5550 1.05888 0.00270
1.5600 1.06315 0.00289
1.5650 1.06369 0.00294
1.5700 1.06236 0.00280
1.5750 1.06309 0.00277
1.5800 1.06197 0.00287
1.5850 1.06489 0.00277
1.5900 1.06628 0.00281
1.5950 1.06557 0.00290
1.6000 1.06922 0.00292
1.6050 1.06691 0.00279
1.6100 1.06726 0.00284
1.6150 1.06936 0.00292
1.6200 1.06675 0.00293
1.6250 1.07019 0.00285
1.6300 1.07045 0.00282
1.6350 1.06908 0.00290
1.6400 1.07016 0.00298
1.6450 1.07397 0.00295
1.6500 1.07203 0.00294
1.6550 1.07422 0.00288
1.6600 1.07178 0.00288
1.6650 1.07214 0.00313
1.6700 1.07429 0.00330
1.6750 1.07266 0.00312
1.6800 1.07458 0.00325
1.6850 1.07592 0.00306
1.6900 1.07569 0.00323
1.6950 1.07765 0.00313
1.7000 1.07500 0.00305
1.7050 1.07446 0.00305
1.7100 1.07756 0.00325
1.7150 1.07399 0.00308
1.7200 1.07664 0.00312
1.7250 1.08029 0.00309
1.7300 1.07966 0.00315
1.7350 1.07955 0.00315
1.7400 1.08434 0.00323
1.7450 1.08216 0.00332
1.7500 1.08208 0.00338
1.7550 1.08358 0.00333
1.7600 1.08206 0.00343
1.7650 1.08085 0.00349
1.7700 1.08677 0.00331
1.7750 1.08467 0.00336
1.7800 1.08429 0.00348
1.7850 1.08672 0.00354
1.7900 1.08186 0.00382
1.7950 1.08495 0.00428
1.8000 1.08717 0.00451
1.8050 1.08841 0.00515
1.8100 1.08715 0.00589
1.8150 1.08232 0.00694
1.8200 1.08612 0.00639
1.8250 1.09806 0.01979
1.8300 1.09020 0.01244
1.8350 1.08499 0.01329
1.8400 1.09172 0.01048
1.8450 1.09369 0.01188
1.8500 1.09023 0.01159
1.8550 1.09946 0.00774
1.8600 1.08914 0.01390
1.8650 1.08914 0.01213
1.8700 1.08585 0.01854
1.8800 1.09490 0.01129
1.8850 1.09750 0.00781
1.8900 1.09898 0.00846
1.8950 1.09774 0.00872
1.9000 1.09851 0.00982
1.9050 1.10714 0.00826
1.9100 1.10774 0.00940
1.9150 1.10008 0.00986
1.9200 1.09795 0.00903
1.9250 1.09565 0.00682
1.9300 1.10740 0.00600
1.9350 1.11224 0.00574
1.9400 1.10699 0.00555
1.9450 1.10899 0.00544
1.9500 1.10312 0.00544
1.9550 1.10200 0.00536
1.9600 1.10215 0.00592
1.9650 1.10294 0.00552
1.9700 1.10937 0.00507
1.9750 1.10745 0.00446
1.9800 1.11099 0.00434
1.9850 1.11433 0.00413
1.9900 1.11230 0.00513
1.9950 1.10776 0.00620
2.0000 1.09763 0.00988
2.0050 1.11992 0.00769
2.0100 1.12473 0.00503
2.0150 1.12568 0.00615
2.0200 1.11552 0.00645
2.0250 1.11637 0.00506
2.0300 1.11778 0.00441
2.0350 1.11516 0.00424
2.0400 1.11783 0.00443
2.0450 1.11544 0.00502
2.0500 1.12070 0.00539
2.0550 1.11869 0.00468
2.0600 1.11848 0.00470
2.0650 1.12081 0.00463
2.0700 1.12249 0.00477
2.0750 1.12442 0.00444
2.0800 1.12390 0.00433
2.0850 1.12658 0.00440
2.0900 1.12840 0.00436
2.0950 1.12924 0.00435
2.1000 1.12898 0.00437
2.1050 1.13099 0.00432
2.1100 1.13031 0.00444
2.1150 1.13346 0.00435
2.1200 1.13414 0.00436
2.1250 1.13286 0.00437
2.1300 1.13672 0.00442
2.1350 1.13407 0.00442
2.1400 1.13349 0.00444
2.1450 1.13761 0.00453
2.1500 1.13760 0.00453
2.1550 1.13731 0.00458
2.1600 1.13718 0.00467
2.1650 1.13953 0.00471
2.1700 1.14300 0.00473
2.1750 1.13939 0.00472
2.1800 1.13974 0.00476
2.1850 1.14039 0.00478
2.1900 1.13972 0.00483
2.1950 1.14176 0.00485
2.2000 1.13985 0.00498
2.2050 1.14415 0.00492
2.2100 1.14254 0.00491
2.2150 1.14260 0.00553
2.2200 1.14443 0.00508
2.2250 1.14402 0.00501
2.2300 1.14576 0.00509
2.2350 1.14232 0.00503
2.2400 1.14388 0.00508
2.2450 1.14896 0.00518
2.2500 1.14619 0.00516
2.2550 1.14847 0.00524
2.2600 1.14748 0.00525
2.2650 1.14972 0.00536
2.2700 1.15086 0.00535
2.2750 1.14999 0.00536
2.2800 1.15323 0.00547
2.2850 1.15126 0.00549
2.2900 1.14910 0.00547
2.2950 1.15037 0.00570
2.3000 1.15248 0.00566
2.3050 1.15223 0.00559
2.3100 1.15398 0.00559
2.3150 1.15567 0.00622
2.3200 1.15196 0.00581
2.3250 1.15479 0.00580
2.3300 1.15454 0.00575
2.3350 1.15633 0.00572
2.3400 1.15741 0.00586
2.3450 1.15465 0.00587
2.3500 1.15580 0.00605
2.3550 1.15558 0.00607
2.3600 1.15691 0.00600
2.3650 1.16155 0.00606
2.3700 1.16303 0.00613
2.3750 1.16080 0.00620
2.3800 1.16052 0.00630
2.3850 1.16340 0.00638
2.3900 1.16669 0.00687
2.3950 1.16287 0.00607
2.4000 1.16628 0.00619
2.4050 1.16539 0.00628
2.4100 1.16606 0.00641
2.4150 1.16471 0.00696
2.4200 1.16692 0.00646
2.4250 1.16573 0.00662
2.4300 1.17093 0.00673
2.4350 1.16711 0.00742
2.4400 1.17095 0.00688
2.4450 1.16699 0.00756
2.4500 1.16626 0.00712
2.4550 1.16669 0.00746
2.4600 1.17038 0.00711
2.4650 1.17574 0.00731
2.4700 1.17189 0.00739
2.4750 1.17002 0.00779
2.4800 1.18347 0.00810
2.4850 1.17399 0.00892
2.4900 1.14894 0.01069
