0.5010 0.9763 0.0112
0.5015 0.9703 0.0177
0.5020 0.9743 0.0141
0.5025 0.9739 0.0150
0.5030 0.9749 0.0145
0.5035 0.9856 0.0042
0.5040 0.9947 0.0044
0.5045 0.9990 0.0083
0.5050 0.9942 0.0030
0.5055 0.9914 0.0012
0.5060 0.9881 0.0039
0.5065 0.9853 0.0073
0.5070 0.9794 0.0135
0.5075 0.9809 0.0124
0.5080 0.9829 0.0109
0.5085 0.9851 0.0091
0.5090 0.9850 0.0096
0.5095 0.9852 0.0098
0.5100 0.9875 0.0079
0.5105 0.9913 0.0045
0.5110 0.9883 0.0078
0.5115 0.9882 0.0083
0.5120 0.9937 0.0032
0.5125 0.9981 0.0018
0.5130 0.9875 0.0101
0.5135 0.9895 0.0084
0.5140 0.9944 0.0039
0.5145 0.9885 0.0101
0.5150 0.9854 0.0136
0.5155 0.9922 0.0071
0.5160 0.9895 0.0101
0.5165 0.9840 0.0159
0.5170 0.9868 0.0134
0.5175 0.9917 0.0087
0.5180 0.9962 0.0046
0.5185 0.9964 0.0046
0.5190 0.9985 0.0029
0.5195 0.9991 0.0025
0.5200 0.9966 0.0052
0.5205 0.9945 0.0077
0.5210 0.9954 0.0070
0.5215 0.9980 0.0046
0.5220 1.0029 0.0011
0.5225 1.0044 0.0013
0.5230 1.0020 0.0013
0.5235 1.0024 0.0011
0.5240 1.0049 0.0011
0.5245 0.9997 0.0043
0.5250 0.9983 0.0059
0.5255 0.9991 0.0053
0.5260 0.9944 0.0102
0.5265 0.9916 0.0132
0.5270 0.9956 0.0094
0.5275 0.9988 0.0064
0.5280 0.9959 0.0096
0.5285 0.9983 0.0072
0.5290 0.9938 0.0120
0.5295 0.9909 0.0151
0.5300 0.9873 0.0188
0.5305 0.9932 0.0131
0.5310 0.9951 0.0114
0.5315 0.9987 0.0079
0.5320 0.9994 0.0074
0.5325 1.0005 0.0065
0.5330 0.9985 0.0087
0.5335 0.9992 0.0081
0.5340 0.9957 0.0117
0.5345 0.9964 0.0112
0.5350 1.0022 0.0056
0.5355 1.0009 0.0070
0.5360 0.9977 0.0104
0.5365 1.0022 0.0059
0.5370 1.0039 0.0044
0.5375 0.9976 0.0108
0.5380 1.0018 0.0067
0.5385 1.0085 0.0012
0.5390 1.0072 0.0016
0.5395 1.0077 0.0013
0.5400 1.0137 0.0046
0.5405 1.0116 0.0024
0.5410 1.0106 0.0013
0.5415 1.0137 0.0043
0.5420 1.0113 0.0018
0.5425 1.0041 0.0055
0.5430 1.0063 0.0034
0.5435 1.0008 0.0090
0.5440 0.9926 0.0174
0.5445 0.9855 0.0245
0.5450 0.9820 0.0281
0.5455 0.9790 0.0313
0.5460 0.9823 0.0280
0.5465 0.9898 0.0206
0.5470 0.9960 0.0145
0.5475 1.0017 0.0089
0.5480 1.0044 0.0063
0.5485 1.0034 0.0073
0.5490 1.0008 0.0101
0.5495 1.0027 0.0082
0.5500 1.0000 0.0110
0.5505 0.9995 0.0116
0.5510 0.9975 0.0136
0.5515 0.9967 0.0145
0.5520 0.9988 0.0125
0.5525 1.0013 0.0100
0.5530 1.0024 0.0090
0.5535 1.0040 0.0074
0.5540 1.0029 0.0086
0.5545 1.0022 0.0094
0.5550 1.0007 0.0109
0.5555 0.9984 0.0133
0.5560 1.0032 0.0085
0.5565 1.0066 0.0052
0.5570 1.0088 0.0030
0.5575 1.0143 0.0025
0.5580 1.0171 0.0053
0.5585 1.0134 0.0015
0.5590 1.0080 0.0039
0.5595 1.0002 0.0117
0.5600 0.9956 0.0163
0.5605 0.9923 0.0196
0.5610 0.9946 0.0173
0.5615 1.0029 0.0090
0.5620 1.0122 0.0013
0.5625 1.0121 0.0013
0.5630 1.0113 0.0016
0.5635 1.0139 0.0020
0.5640 1.0099 0.0019
0.5645 1.0011 0.0107
0.5650 1.0060 0.0058
0.5655 1.0122 0.0014
0.5660 1.0162 0.0045
0.5665 1.0202 0.0085
0.5670 1.0239 0.0123
0.5675 1.0218 0.0102
0.5680 1.0172 0.0057
0.5685 1.0084 0.0031
0.5690 1.0055 0.0059
0.5695 1.0047 0.0067
0.5700 1.0028 0.0086
0.5705 1.0056 0.0057
0.5710 1.0038 0.0074
0.5715 1.0011 0.0101
0.5720 1.0015 0.0096
0.5725 1.0027 0.0083
0.5730 1.0015 0.0095
0.5735 1.0038 0.0072
0.5740 1.0173 0.0064
0.5745 1.0189 0.0081
0.5750 1.0169 0.0061
0.5755 1.0151 0.0044
0.5760 1.0160 0.0054
0.5765 1.0070 0.0035
0.5770 1.0028 0.0077
0.5775 1.0047 0.0057
0.5780 1.0051 0.0052
0.5785 1.0021 0.0081
0.5790 1.0001 0.0101
0.5795 1.0024 0.0077
0.5800 1.0008 0.0092
0.5805 1.0011 0.0089
0.5810 1.0048 0.0051
0.5815 1.0058 0.0040
0.5820 1.0031 0.0066
0.5825 1.0022 0.0075
0.5830 1.0045 0.0051
0.5835 1.0056 0.0039
0.5840 1.0049 0.0044
0.5845 1.0062 0.0031
0.5850 1.0119 0.0027
0.5855 1.0122 0.0031
0.5860 1.0061 0.0030
0.5865 1.0045 0.0045
0.5870 1.0059 0.0030
0.5875 1.0022 0.0066
0.5880 1.0045 0.0042
0.5885 1.0120 0.0033
0.5890 1.0084 0.0011
0.5895 1.0036 0.0048
0.5900 1.0001 0.0082
0.5905 0.9924 0.0159
0.5910 0.9875 0.0207
0.5915 0.9893 0.0187
0.5920 0.9924 0.0155
0.5925 0.9961 0.0118
0.5930 0.9969 0.0108
0.5935 0.9968 0.0109
0.5940 0.9999 0.0077
0.5945 1.0038 0.0036
0.5950 1.0032 0.0042
0.5955 1.0061 0.0012
0.5960 1.0082 0.0010
0.5965 1.0099 0.0028
0.5970 1.0110 0.0040
0.5975 1.0109 0.0039
0.5980 1.0060 0.0018
0.5985 1.0033 0.0035
0.5990 1.0046 0.0021
0.5995 1.0053 0.0012
0.6000 1.0083 0.0019
0.6005 1.0164 0.0100
0.6010 1.0228 0.0165
0.6015 1.0209 0.0147
0.6020 1.0166 0.0105
0.6025 1.0115 0.0055
0.6030 1.0073 0.0014
0.6035 1.0036 0.0022
0.6040 1.0043 0.0015
0.6045 1.0063 0.0015
0.6050 1.0090 0.0034
0.6055 1.0082 0.0026
0.6060 1.0070 0.0015
0.6065 1.0044 0.0011
0.6070 1.0038 0.0016
0.6075 1.0056 0.0013
0.6080 1.0072 0.0020
0.6085 1.0047 0.0014
0.6090 1.0052 0.0011
0.6095 1.0051 0.0011
0.6100 1.0019 0.0031
0.6105 1.0001 0.0048
0.6110 1.0044 0.0015
0.6115 1.0065 0.0017
0.6120 1.0066 0.0019
0.6125 1.0095 0.0049
0.6130 1.0117 0.0071
0.6135 1.0097 0.0051
0.6140 1.0079 0.0033
0.6145 1.0074 0.0029
0.6150 1.0076 0.0031
0.6155 1.0075 0.0030
0.6160 1.0075 0.0031
0.6165 1.0082 0.0038
0.6170 1.0073 0.0029
0.6175 1.0059 0.0016
0.6180 1.0062 0.0019
0.6185 1.0060 0.0017
0.6190 1.0022 0.0021
0.6195 1.0032 0.0010
0.6200 1.0022 0.0020
0.6205 1.0017 0.0025
0.6210 1.0063 0.0020
0.6215 1.0154 0.0112
0.6220 1.0184 0.0142
0.6225 1.0186 0.0144
0.6230 1.0182 0.0139
0.6235 1.0185 0.0142
0.6240 1.0144 0.0102
0.6245 1.0144 0.0101
0.6250 1.0157 0.0114
0.6255 1.0128 0.0085
0.6260 1.0101 0.0058
0.6265 1.0129 0.0086
0.6270 1.0116 0.0072
0.6275 1.0107 0.0063
0.6280 1.0137 0.0093
0.6285 1.0131 0.0087
0.6290 1.0110 0.0066
0.6295 1.0098 0.0054
0.6300 1.0095 0.0050
0.6305 1.0129 0.0084
0.6310 1.0143 0.0098
0.6315 1.0122 0.0076
0.6320 1.0105 0.0059
0.6325 1.0140 0.0094
0.6330 1.0133 0.0086
0.6335 1.0109 0.0062
0.6340 1.0117 0.0069
0.6345 1.0163 0.0115
0.6350 1.0170 0.0122
0.6355 1.0181 0.0132
0.6360 1.0197 0.0148
0.6365 1.0195 0.0145
0.6370 1.0186 0.0135
0.6375 1.0163 0.0112
0.6380 1.0133 0.0081
0.6385 1.0156 0.0104
0.6390 1.0200 0.0147
0.6395 1.0200 0.0146
0.6400 1.0180 0.0126
0.6405 1.0190 0.0135
0.6410 1.0187 0.0132
0.6415 1.0133 0.0077
0.6420 1.0095 0.0038
0.6425 1.0097 0.0039
0.6430 1.0089 0.0030
0.6435 1.0060 0.0011
0.6440 1.0112 0.0052
0.6445 1.0171 0.0110
0.6450 1.0210 0.0148
0.6455 1.0227 0.0165
0.6460 1.0233 0.0170
0.6465 1.0168 0.0104
0.6470 1.0134 0.0069
0.6475 1.0099 0.0033
0.6480 1.0139 0.0072
0.6485 1.0181 0.0113
0.6490 1.0150 0.0081
0.6495 1.0163 0.0094
0.6500 1.0135 0.0065
0.6505 1.0141 0.0070
0.6510 1.0099 0.0026
0.6515 1.0166 0.0093
0.6520 1.0169 0.0095
0.6525 1.0204 0.0129
0.6530 1.0145 0.0069
0.6535 1.0144 0.0067
0.6540 1.0160 0.0083
0.6545 1.0190 0.0111
0.6550 1.0294 0.0214
0.6555 1.0337 0.0257
0.6560 1.0304 0.0222
0.6565 1.0253 0.0170
0.6570 1.0200 0.0116
0.6575 1.0114 0.0029
0.6580 1.0079 0.0016
0.6585 1.0124 0.0038
0.6590 1.0160 0.0073
0.6595 1.0163 0.0075
0.6600 1.0145 0.0057
0.6605 1.0118 0.0028
0.6610 1.0111 0.0020
0.6615 1.0115 0.0024
0.6620 1.0147 0.0054
0.6625 1.0174 0.0081
0.6630 1.0213 0.0119
0.6635 1.0192 0.0097
0.6640 1.0157 0.0061
0.6645 1.0148 0.0051
0.6650 1.0164 0.0067
0.6655 1.0178 0.0080
0.6660 1.0195 0.0096
0.6665 1.0215 0.0115
0.6670 1.0213 0.0113
0.6675 1.0187 0.0085
0.6680 1.0162 0.0060
0.6685 1.0171 0.0068
0.6690 1.0186 0.0082
0.6695 1.0217 0.0112
0.6700 1.0229 0.0124
0.6705 1.0249 0.0143
0.6710 1.0259 0.0152
0.6715 1.0227 0.0119
0.6720 1.0155 0.0047
0.6725 1.0182 0.0073
0.6730 1.0176 0.0067
0.6735 1.0166 0.0056
0.6740 1.0216 0.0105
0.6745 1.0255 0.0144
0.6750 1.0229 0.0117
0.6755 1.0235 0.0123
0.6760 1.0243 0.0130
0.6765 1.0241 0.0128
0.6770 1.0239 0.0125
0.6775 1.0194 0.0080
0.6780 1.0141 0.0027
0.6785 1.0148 0.0033
0.6790 1.0144 0.0029
0.6795 1.0174 0.0058
0.6800 1.0195 0.0079
0.6805 1.0251 0.0134
0.6810 1.0292 0.0175
0.6815 1.0300 0.0183
0.6820 1.0271 0.0154
0.6825 1.0281 0.0163
0.6830 1.0276 0.0158
0.6835 1.0262 0.0144
0.6840 1.0245 0.0127
0.6845 1.0267 0.0149
0.6850 1.0297 0.0179
0.6855 1.0394 0.0276
0.6860 1.0516 0.0398
0.6865 1.0539 0.0420
0.6870 1.0462 0.0344
0.6875 1.0411 0.0293
0.6880 1.0324 0.0206
0.6885 1.0171 0.0053
0.6890 1.0138 0.0021
0.6895 1.0196 0.0079
0.6900 1.0238 0.0122
0.6905 1.0211 0.0095
0.6910 1.0199 0.0084
0.6915 1.0222 0.0107
0.6920 1.0262 0.0147
0.6925 1.0239 0.0125
0.6930 1.0221 0.0107
0.6935 1.0188 0.0074
0.6940 1.0162 0.0049
0.6945 1.0117 0.0014
0.6950 1.0145 0.0033
0.6955 1.0153 0.0041
0.6960 1.0180 0.0069
0.6965 1.0194 0.0083
0.6970 1.0269 0.0158
0.6975 1.0269 0.0159
0.6980 1.0286 0.0177
0.6985 1.0294 0.0185
0.6990 1.0305 0.0196
0.6995 1.0324 0.0216
0.7000 1.0351 0.0243
0.7005 1.0360 0.0253
0.7010 1.0375 0.0268
0.7015 1.0407 0.0301
0.7020 1.0382 0.0276
0.7025 1.0376 0.0270
0.7030 1.0381 0.0276
0.7035 1.0368 0.0263
0.7040 1.0307 0.0203
0.7045 1.0279 0.0175
0.7050 1.0274 0.0171
0.7055 1.0257 0.0154
0.7060 1.0263 0.0161
0.7065 1.0429 0.0327
0.7070 1.0422 0.0320
0.7075 1.0436 0.0335
0.7080 1.0471 0.0370
0.7085 1.0482 0.0381
0.7090 1.0358 0.0257
0.7095 1.0388 0.0288
0.7100 1.0362 0.0262
0.7105 1.0375 0.0276
0.7110 1.0402 0.0303
0.7115 1.0394 0.0295
0.7120 1.0356 0.0258
0.7125 1.0353 0.0255
0.7130 1.0326 0.0229
0.7135 1.0307 0.0210
0.7140 1.0343 0.0246
0.7145 1.0353 0.0256
0.7150 1.0348 0.0251
0.7155 1.0356 0.0259
0.7160 1.0359 0.0263
0.7165 1.0353 0.0257
0.7170 1.0343 0.0247
0.7175 1.0328 0.0233
0.7180 1.0328 0.0233
0.7185 1.0295 0.0200
0.7190 1.0225 0.0130
0.7195 1.0152 0.0057
0.7200 1.0114 0.0020
0.7205 1.0049 0.0046
0.7210 1.0027 0.0067
0.7215 1.0075 0.0019
0.7220 1.0166 0.0072
0.7225 1.0226 0.0132
0.7230 1.0301 0.0208
0.7235 1.0351 0.0258
0.7240 1.0347 0.0254
0.7245 1.0327 0.0234
0.7250 1.0324 0.0231
0.7255 1.0303 0.0210
0.7260 1.0301 0.0209
0.7265 1.0274 0.0182
0.7270 1.0297 0.0204
0.7275 1.0290 0.0198
0.7280 1.0217 0.0125
0.7285 1.0232 0.0139
0.7290 1.0319 0.0226
0.7295 1.0319 0.0226
0.7300 1.0324 0.0231
0.7305 1.0395 0.0302
0.7310 1.0343 0.0251
0.7315 1.0259 0.0166
0.7320 1.0251 0.0158
0.7325 1.0233 0.0141
0.7330 1.0291 0.0199
0.7335 1.0324 0.0232
0.7340 1.0326 0.0234
0.7345 1.0344 0.0252
0.7350 1.0379 0.0287
0.7355 1.0392 0.0299
0.7360 1.0435 0.0342
0.7365 1.0411 0.0318
0.7370 1.0361 0.0268
0.7375 1.0373 0.0281
0.7380 1.0353 0.0260
0.7385 1.0381 0.0289
0.7390 1.0473 0.0381
0.7395 1.0503 0.0411
0.7400 1.0435 0.0344
0.7405 1.0389 0.0298
0.7410 1.0394 0.0304
0.7415 1.0390 0.0300
0.7420 1.0414 0.0325
0.7425 1.0499 0.0410
0.7430 1.0530 0.0442
0.7435 1.0467 0.0379
0.7440 1.0461 0.0374
0.7445 1.0507 0.0421
0.7450 1.0451 0.0365
0.7455 1.0405 0.0321
0.7460 1.0425 0.0341
0.7465 1.0401 0.0318
0.7470 1.0343 0.0261
0.7475 1.0385 0.0303
0.7480 1.0484 0.0404
0.7485 1.0527 0.0448
0.7490 1.0571 0.0493
0.7495 1.0576 0.0500
0.7500 1.0524 0.0449
0.7505 1.0454 0.0380
0.7510 1.0431 0.0358
0.7515 1.0382 0.0310
0.7520 1.0374 0.0304
0.7525 1.0430 0.0361
0.7530 1.0456 0.0388
0.7535 1.0421 0.0355
0.7540 1.0413 0.0349
0.7545 1.0418 0.0355
0.7550 1.0439 0.0377
0.7555 1.0429 0.0370
0.7560 1.0439 0.0381
0.7565 1.0449 0.0393
0.7570 1.0461 0.0407
0.7575 1.0430 0.0378
0.7580 1.0434 0.0383
0.7585 1.0440 0.0391
0.7590 1.0441 0.0394
0.7595 1.0429 0.0384
0.7600 1.0417 0.0374
0.7605 1.0401 0.0359
0.7610 1.0480 0.0441
0.7615 1.0489 0.0451
0.7620 1.0489 0.0454
0.7625 1.0385 0.0352
0.7630 1.0469 0.0438
0.7635 1.0410 0.0381
0.7640 1.0360 0.0333
0.7645 1.0281 0.0257
0.7650 1.0294 0.0272
0.7655 1.0059 0.0038
0.7660 0.9913 0.0106
0.7665 0.9934 0.0082
0.7670 0.9983 0.0031
0.7675 1.0044 0.0032
0.7680 1.0192 0.0182
0.7685 1.0324 0.0316
0.7690 1.0405 0.0399
0.7695 1.0473 0.0469
0.7700 1.0507 0.0504
0.7705 1.0534 0.0534
0.7710 1.0596 0.0597
0.7715 1.0639 0.0642
0.7720 1.0611 0.0616
0.7725 1.0568 0.0575
0.7730 1.0498 0.0506
0.7735 1.0370 0.0379
0.7740 1.0264 0.0276
0.7745 1.0268 0.0281
0.7750 1.0366 0.0381
0.7755 1.0470 0.0486
0.7760 1.0514 0.0531
0.7765 1.0474 0.0493
0.7770 1.0427 0.0446
0.7775 1.0367 0.0388
0.7780 1.0408 0.0430
0.7785 1.0495 0.0518
0.7790 1.0577 0.0601
0.7795 1.0608 0.0633
0.7800 1.0554 0.0580
0.7805 1.0457 0.0484
0.7810 1.0403 0.0431
0.7815 1.0450 0.0478
0.7820 1.0498 0.0528
0.7825 1.0562 0.0593
0.7830 1.0494 0.0524
0.7835 1.0407 0.0438
0.7840 1.0358 0.0390
0.7845 1.0323 0.0356
0.7850 1.0352 0.0384
0.7855 1.0464 0.0497
0.7860 1.0557 0.0591
0.7865 1.0553 0.0587
0.7870 1.0554 0.0588
0.7875 1.0556 0.0590
0.7880 1.0538 0.0573
0.7885 1.0543 0.0578
0.7890 1.0582 0.0617
0.7895 1.0595 0.0630
0.7900 1.0564 0.0598
0.7905 1.0419 0.0454
0.7910 1.0352 0.0387
0.7915 1.0304 0.0338
0.7920 1.0362 0.0396
0.7925 1.0440 0.0474
0.7930 1.0632 0.0666
0.7935 1.0721 0.0755
0.7940 1.0692 0.0725
0.7945 1.0583 0.0616
0.7950 1.0526 0.0559
0.7955 1.0520 0.0552
0.7960 1.0543 0.0575
0.7965 1.0622 0.0653
0.7970 1.0648 0.0678
0.7975 1.0573 0.0604
0.7980 1.0488 0.0518
0.7985 1.0388 0.0417
0.7990 1.0337 0.0365
0.7995 1.0412 0.0440
0.8000 1.0484 0.0511
0.8005 1.0502 0.0528
0.8010 1.0542 0.0568
0.8015 1.0505 0.0530
0.8020 1.0370 0.0394
0.8025 1.0306 0.0329
0.8030 1.0325 0.0348
0.8035 1.0371 0.0392
0.8040 1.0460 0.0480
0.8045 1.0574 0.0593
0.8050 1.0583 0.0602
0.8055 1.0537 0.0555
0.8060 1.0464 0.0481
0.8065 1.0464 0.0480
0.8070 1.0432 0.0446
0.8075 1.0494 0.0507
0.8080 1.0578 0.0591
0.8085 1.0580 0.0592
0.8090 1.0498 0.0509
0.8095 1.0485 0.0494
0.8100 1.0431 0.0440
0.8105 1.0370 0.0377
0.8110 1.0445 0.0451
0.8115 1.0547 0.0552
0.8120 1.0557 0.0561
0.8125 1.0607 0.0610
0.8130 1.0593 0.0595
0.8135 1.0449 0.0450
0.8140 1.0324 0.0323
0.8145 1.0315 0.0314
0.8150 1.0362 0.0359
0.8155 1.0409 0.0405
0.8160 1.0520 0.0515
0.8165 1.0587 0.0581
0.8170 1.0539 0.0532
0.8175 1.0364 0.0356
0.8180 1.0277 0.0268
0.8185 1.0208 0.0198
0.8190 1.0168 0.0157
0.8195 1.0207 0.0195
0.8200 1.0292 0.0279
0.8205 1.0341 0.0328
0.8210 1.0340 0.0325
0.8215 1.0313 0.0298
0.8220 1.0272 0.0255
0.8225 1.0218 0.0201
0.8230 1.0223 0.0204
0.8235 1.0339 0.0319
0.8240 1.0475 0.0454
0.8245 1.0626 0.0604
0.8250 1.0747 0.0724
0.8255 1.0628 0.0605
0.8260 1.0570 0.0546
0.8265 1.0376 0.0350
0.8270 1.0315 0.0288
0.8275 1.0383 0.0356
0.8280 1.0583 0.0554
0.8285 1.0585 0.0556
0.8290 1.0741 0.0710
0.8295 1.0744 0.0712
0.8300 1.0595 0.0562
0.8305 1.0441 0.0407
0.8310 1.0431 0.0396
0.8315 1.0512 0.0475
0.8320 1.0571 0.0533
0.8325 1.0631 0.0592
0.8330 1.0639 0.0599
0.8335 1.0537 0.0496
0.8340 1.0377 0.0334
0.8345 1.0191 0.0147
0.8350 1.0151 0.0106
0.8355 1.0236 0.0189
0.8360 1.0383 0.0334
0.8365 1.0453 0.0404
0.8370 1.0516 0.0465
0.8375 1.0450 0.0397
0.8380 1.0454 0.0400
0.8385 1.0272 0.0217
0.8390 1.0195 0.0138
0.8395 1.0290 0.0232
0.8400 1.0475 0.0415
0.8405 1.0510 0.0449
0.8410 1.0723 0.0660
0.8415 1.0792 0.0727
0.8420 1.0711 0.0645
0.8425 1.0590 0.0522
0.8430 1.0501 0.0432
0.8435 1.0517 0.0447
0.8440 1.0589 0.0517
0.8445 1.0614 0.0540
0.8450 1.0652 0.0576
0.8455 1.0612 0.0535
0.8460 1.0410 0.0332
0.8465 1.0237 0.0156
0.8470 1.0183 0.0101
0.8475 1.0182 0.0098
0.8480 1.0268 0.0182
0.8485 1.0418 0.0330
0.8490 1.0594 0.0504
0.8495 1.0690 0.0598
0.8500 1.0652 0.0559
0.8505 1.0595 0.0499
0.8510 1.0502 0.0404
0.8515 1.0358 0.0258
0.8520 1.0389 0.0287
0.8525 1.0573 0.0468
0.8530 1.0789 0.0682
0.8535 1.0983 0.0874
0.8540 1.1096 0.0985
0.8545 1.1047 0.0934
0.8550 1.0871 0.0755
0.8555 1.0653 0.0535
0.8560 1.0509 0.0389
0.8565 1.0495 0.0371
0.8570 1.0474 0.0348
0.8575 1.0510 0.0382
0.8580 1.0639 0.0509
0.8585 1.0561 0.0427
0.8590 1.0462 0.0326
0.8595 1.0414 0.0276
0.8600 1.0328 0.0187
0.8605 1.0200 0.0057
0.8610 1.0311 0.0164
0.8615 1.0520 0.0371
0.8620 1.0720 0.0568
0.8625 1.0827 0.0673
0.8630 1.0938 0.0781
0.8635 1.1002 0.0842
0.8640 1.0833 0.0670
0.8645 1.0635 0.0470
0.8650 1.0592 0.0425
0.8655 1.0657 0.0487
0.8660 1.0639 0.0465
0.8665 1.0702 0.0526
0.8670 1.0815 0.0637
0.8675 1.0880 0.0699
0.8680 1.0802 0.0618
0.8685 1.0703 0.0516
0.8690 1.0640 0.0451
0.8695 1.0680 0.0489
0.8700 1.0755 0.0561
0.8705 1.0777 0.0581
0.8710 1.0834 0.0635
0.8715 1.0864 0.0663
0.8720 1.0785 0.0581
0.8725 1.0671 0.0464
0.8730 1.0578 0.0369
0.8735 1.0488 0.0277
0.8740 1.0407 0.0193
0.8745 1.0350 0.0134
0.8750 1.0382 0.0163
0.8755 1.0483 0.0263
0.8760 1.0640 0.0417
0.8765 1.0773 0.0547
0.8770 1.0819 0.0590
0.8775 1.0753 0.0522
0.8780 1.0652 0.0419
0.8785 1.0552 0.0317
0.8790 1.0433 0.0195
0.8795 1.0405 0.0164
0.8800 1.0518 0.0274
0.8805 1.0622 0.0376
0.8810 1.0644 0.0396
0.8815 1.0705 0.0454
0.8820 1.0601 0.0347
0.8825 1.0418 0.0161
0.8830 1.0204 0.0055
0.8835 1.0145 0.0117
0.8840 1.0201 0.0063
0.8845 1.0389 0.0121
0.8850 1.0607 0.0337
0.8855 1.0822 0.0550
0.8860 1.0835 0.0559
0.8865 1.0758 0.0479
0.8870 1.0695 0.0414
0.8875 1.0576 0.0292
0.8880 1.0515 0.0228
0.8885 1.0507 0.0217
0.8890 1.0529 0.0236
0.8895 1.0515 0.0219
0.8900 1.0585 0.0287
0.8905 1.0672 0.0371
0.8910 1.0752 0.0449
0.8915 1.0749 0.0442
0.8920 1.0845 0.0536
0.8925 1.0741 0.0428
0.8930 1.0535 0.0220
0.8935 1.0469 0.0151
0.8940 1.0436 0.0115
0.8945 1.0427 0.0103
0.8950 1.0606 0.0280
0.8955 1.0770 0.0441
0.8960 1.0837 0.0505
0.8965 1.0789 0.0455
0.8970 1.0592 0.0255
0.8975 1.0441 0.0100
0.8980 1.0389 0.0045
0.8985 1.0303 0.0043
0.8990 1.0400 0.0051
0.8995 1.0566 0.0215
0.9000 1.0564 0.0210
0.9005 1.0676 0.0319
0.9010 1.0754 0.0393
0.9015 1.0744 0.0380
0.9020 1.0556 0.0190
0.9025 1.0419 0.0050
0.9030 1.0190 0.0182
0.9035 1.0119 0.0255
0.9040 1.0134 0.0243
0.9045 1.0322 0.0059
0.9050 1.0533 0.0150
0.9055 1.0694 0.0308
0.9060 1.0773 0.0384
0.9065 1.0740 0.0348
0.9070 1.0601 0.0207
0.9075 1.0415 0.0018
0.9080 1.0233 0.0167
0.9085 1.0112 0.0291
0.9090 1.0053 0.0353
0.9095 1.0146 0.0263
0.9100 1.0361 0.0050
0.9105 1.0579 0.0165
0.9110 1.0652 0.0234
0.9115 1.0705 0.0285
0.9120 1.0672 0.0249
0.9125 1.0455 0.0029
0.9130 1.0281 0.0147
0.9135 1.0203 0.0228
0.9140 1.0185 0.0249
0.9145 1.0168 0.0269
0.9150 1.0336 0.0104
0.9155 1.0509 0.0066
0.9160 1.0656 0.0211
0.9165 1.0679 0.0230
0.9170 1.0562 0.0111
0.9175 1.0364 0.0090
0.9180 1.0156 0.0301
0.9185 0.9929 0.0531
0.9190 0.9877 0.0586
0.9195 1.0062 0.0404
0.9200 1.0142 0.0327
0.0000 0.0000 0.4866
0.0000 0.0000 0.4866
0.0000 0.0000 0.4866
0.0000 0.0000 0.4866
0.0000 0.0000 0.4866
0.0000 0.0000 0.4866
0.0000 0.0000 0.4866
0.0000 0.0000 0.4866
0.0000 0.0000 0.4866
0.0000 0.0000 0.4866
0.0000 0.0000 0.4866
0.0000 0.0000 0.4866
0.0000 0.0000 0.4866
