    0.6500   -1.0000   -1.0000         3
    0.6550   -1.0000   -1.0000         3
    0.6600   -1.0000   -1.0000         3
    0.6650   -1.0000   -1.0000         3
    0.6700   -1.0000   -1.0000         3
    0.6750   -1.0000   -1.0000         3
    0.6800   -1.0000   -1.0000         3
    0.6850   -1.0000   -1.0000         3
    0.6900   -1.0000   -1.0000         3
    0.6950   -1.0000   -1.0000         3
    0.7000   -1.0000   -1.0000         3
    0.7050   -1.0000   -1.0000         3
    0.7100   -1.0000   -1.0000         3
    0.7150   -1.0000   -1.0000         3
    0.7200   -1.0000   -1.0000         3
    0.7250   -1.0000   -1.0000         3
    0.7300   -1.0000   -1.0000         3
    0.7350   -1.0000   -1.0000         3
    0.7400   -1.0000   -1.0000         3
    0.7450   -1.0000   -1.0000         3
    0.7500   -1.0000   -1.0000         3
    0.7550   -1.0000   -1.0000         3
    0.7600   -1.0000   -1.0000         3
    0.7650    1.0339    0.0181         3
    0.7700    1.0263    0.0176         3
    0.7750    1.0213    0.0176         3
    0.7800    1.0253    0.0172         3
    0.7850    1.0251    0.0170         3
    0.7900    1.0199    0.0168         3
    0.7950    1.0142    0.0166         3
    0.8000    1.0091    0.0165         3
    0.8050    1.0083    0.0165         3
    0.8100    1.0146    0.0168         3
    0.8150    1.0171    0.0165         3
    0.8200    1.0162    0.0163         3
    0.8250    1.0076    0.0161         3
    0.8300    1.0044    0.0159         3
    0.8350    0.9984    0.0156         3
    0.8400    1.0016    0.0166         3
    0.8450    0.9966    0.0154         3
    0.8500    0.9869    0.0154         3
    0.8550    0.9866    0.0152         3
    0.8600    0.9892    0.0155         3
    0.8650    0.9792    0.0157         3
    0.8700    0.9715    0.0149         3
    0.8750    0.9762    0.0144         3
    0.8800    0.9716    0.0143         3
    0.8850    0.9712    0.0141         3
    0.8900    0.9732    0.0145         3
    0.8950    0.9736    0.0140         3
    0.9000    0.9743    0.0139         3
    0.9050    0.9641    0.0136         3
    0.9100    0.9651    0.0135         3
    0.9150    0.9689    0.0133         3
    0.9200    0.9679    0.0132         3
    0.9250    0.9648    0.0133         3
    0.9300    0.9735    0.0135         3
    0.9350    0.9716    0.0136         3
    0.9400    0.9671    0.0136         3
    0.9450    0.9696    0.0137         3
    0.9500    0.9723    0.0133         3
    0.9550    0.9746    0.0131         3
    0.9600    0.9727    0.0129         3
    0.9650    0.9753    0.0128         3
    0.9700    0.9804    0.0128         3
    0.9750    0.9830    0.0127         3
    0.9800    0.9808    0.0125         3
    0.9850    0.9794    0.0122         3
    0.9900    0.9839    0.0121         3
    0.9950    0.9825    0.0121         3
    1.0000    0.9861    0.0119         3
    1.0050    0.9894    0.0123         3
    1.0100    0.9873    0.0120         3
    1.0150    0.9891    0.0123         3
    1.0200    0.9891    0.0119         3
    1.0250    0.9899    0.0121         3
    1.0300    1.0017    0.0119         3
    1.0350    0.9985    0.0123         3
    1.0400    0.9927    0.0118         3
    1.0450    1.0019    0.0123         3
    1.0500    1.0030    0.0123         3
    1.0550    1.0030    0.0120         3
    1.0600    1.0106    0.0123         3
    1.0650    1.0103    0.0123         3
    1.0700    1.0120    0.0124         3
    1.0750    1.0180    0.0126         3
    1.0800    1.0299    0.0131         3
    1.0850    1.0251    0.0128         3
    1.0900    1.0320    0.0130         3
    1.0950    1.0449    0.0131         3
    1.1000    1.0500    0.0132         3
    1.1050    1.0551    0.0133         3
    1.1100    1.0667    0.0136         3
    1.1150   -1.0000   -1.0000         1
    1.1200   -1.0000   -1.0000         0
    1.1250    1.0728    0.0165         3
    1.1300    1.0787    0.0150         3
    1.1350    1.0875    0.0152         3
    1.1400    1.0953    0.0153         3
    1.1450    1.1022    0.0147         3
    1.1500    1.0988    0.0145         3
    1.1550    1.1020    0.0146         3
    1.1600    1.1106    0.0143         3
    1.1650    1.1233    0.0150         3
    1.1700    1.1278    0.0141         3
    1.1750    1.1221    0.0149         3
    1.1800    1.1245    0.0144         3
    1.1850    1.1395    0.0144         3
    1.1900    1.1337    0.0164         3
    1.1950    1.1286    0.0149         3
    1.2000    1.1423    0.0148         3
    1.2050    1.1484    0.0152         2
    1.2100   -1.0000   -1.0000         2
    1.2150    1.1468    0.0148         3
    1.2200    1.1580    0.0158         3
    1.2250    1.1594    0.0151         3
    1.2300    1.1568    0.0153         3
    1.2350    1.1575    0.0151         3
    1.2400    1.1642    0.0154         3
    1.2450    1.1736    0.0153         3
    1.2500    1.1799    0.0154         3
    1.2550    1.1725    0.0158         3
    1.2600    1.1881    0.0159         3
    1.2650    1.1912    0.0161         3
    1.2700    1.1767    0.0161         3
    1.2750    1.1828    0.0160         3
    1.2800    1.1973    0.0158         3
    1.2850    1.2043    0.0156         3
    1.2900    1.2041    0.0158         3
    1.2950    1.2052    0.0154         3
    1.3000    1.2138    0.0159         3
    1.3050    1.2116    0.0155         3
    1.3100    1.2163    0.0157         3
    1.3150    1.2307    0.0160         3
    1.3200    1.2345    0.0181         3
    1.3250    1.2324    0.0162         3
    1.3300   -1.0000   -1.0000         1
    1.3350    1.2302    0.0173         2
    1.3400   -1.0000   -1.0000         3
    1.3450   -1.0000   -1.0000         2
    1.3500    1.2589    0.0219         2
    1.3550   -1.0000   -1.0000         1
    1.3600    1.2527    0.0294         2
    1.3650   -1.0000   -1.0000         1
    1.3700   -1.0000   -1.0000         2
    1.3750   -1.0000   -1.0000         1
    1.3800   -1.0000   -1.0000         2
    1.3850   -1.0000   -1.0000         1
    1.3900    1.2827    0.0279         2
    1.3950    1.2787    0.0285         2
    1.4000    1.2984    0.0271         3
    1.4050    1.3003    0.0260         3
    1.4100    1.3009    0.0245         3
    1.4150    1.3108    0.0233         3
    1.4200    1.2970    0.0230         2
    1.4250    1.3158    0.0226         3
    1.4300    1.3243    0.0229         3
    1.4350    1.3226    0.0220         3
    1.4400    1.3176    0.0215         3
    1.4450   -1.0000   -1.0000         1
    1.4500    1.3253    0.0196         2
    1.4550    1.3275    0.0201         3
    1.4600    1.3424    0.0199         3
    1.4650    1.3494    0.0199         3
    1.4700    1.3457    0.0200         3
    1.4750    1.3417    0.0198         3
    1.4800    1.3494    0.0196         3
    1.4850    1.3575    0.0195         3
    1.4900    1.3461    0.0190         3
    1.4950   -1.0000   -1.0000         1
    1.5000    1.3485    0.0204         3
    1.5050    1.3709    0.0187         3
    1.5100    1.3510    0.0186         3
    1.5150    1.3696    0.0188         3
    1.5200    1.3719    0.0185         3
    1.5250    1.3642    0.0187         3
    1.5300    1.3661    0.0186         3
    1.5350    1.3602    0.0186         3
    1.5400    1.3636    0.0189         3
    1.5450    1.3712    0.0184         3
    1.5500    1.3634    0.0193         3
    1.5550    1.3804    0.0187         3
    1.5600    1.3810    0.0192         3
    1.5650    1.3851    0.0191         3
    1.5700    1.3733    0.0194         3
    1.5750    1.3786    0.0197         3
    1.5800    1.3838    0.0200         3
    1.5850    1.3794    0.0199         3
    1.5900    1.3695    0.0195         3
    1.5950    1.3682    0.0203         3
    1.6000    1.3706    0.0197         3
    1.6050    1.3671    0.0197         3
    1.6100    1.3819    0.0201         3
    1.6150    1.3869    0.0206         3
    1.6200    1.3753    0.0202         3
    1.6250    1.3665    0.0197         3
    1.6300    1.3802    0.0198         3
    1.6350   -1.0000   -1.0000         3
    1.6400    1.3806    0.0201         3
    1.6450    1.3753    0.0203         3
    1.6500    1.3659    0.0202         3
    1.6550    1.3629    0.0201         3
    1.6600    1.3749    0.0212         3
    1.6650    1.3707    0.0205         3
    1.6700    1.3615    0.0210         3
    1.6750    1.3554    0.0214         3
    1.6800    1.3555    0.0212         3
    1.6850    1.3450    0.0208         3
    1.6900    1.3462    0.0224         3
    1.6950    1.3468    0.0215         3
    1.7000    1.3451    0.0210         3
    1.7050    1.3537    0.0237         3
    1.7100    1.3507    0.0215         3
    1.7150    1.3612    0.0216         3
    1.7200    1.3556    0.0225         3
    1.7250    1.3538    0.0221         3
    1.7300    1.3292    0.0244         3
    1.7350    1.3405    0.0229         3
    1.7400    1.3465    0.0225         3
    1.7450    1.3498    0.0225         3
    1.7500   -1.0000   -1.0000         3
    1.7550    1.3365    0.0226         3
    1.7600    1.3268    0.0231         3
    1.7650    1.3394    0.0241         3
    1.7700   -1.0000   -1.0000         3
    1.7750    1.3265    0.0267         3
    1.7800    1.3357    0.0237         3
    1.7850    1.3367    0.0242         3
    1.7900    1.3235    0.0249         3
    1.7950    1.3341    0.0256         3
    1.8000    1.3357    0.0269         3
    1.8050    1.3299    0.0293         3
    1.8100    1.3291    0.0300         3
    1.8150   -1.0000   -1.0000         3
    1.8200    1.2938    0.0334         2
    1.8250    1.3392    0.0362         3
    1.8300    1.3058    0.0398         2
    1.8350    1.3102    0.0468         2
    1.8400    1.3094    0.0502         2
    1.8450    1.2940    0.0504         2
    1.8500    1.3367    0.0506         3
    1.8550    1.3174    0.0471         3
    1.8600   -1.0000   -1.0000         1
    1.8650   -1.0000   -1.0000         1
    1.8700   -1.0000   -1.0000         1
    1.8750   -1.0000   -1.0000         1
    1.8800    1.2913    0.0459         2
    1.8850    1.2968    0.0389         2
    1.8900    1.3195    0.0393         2
    1.8950    1.3216    0.0430         3
    1.9000    1.3141    0.0475         3
    1.9050    1.3111    0.0486         2
    1.9100    1.3269    0.0483         3
    1.9150    1.3453    0.0449         3
    1.9200    1.3230    0.0412         3
    1.9250    1.3241    0.0389         3
    1.9300    1.3313    0.0376         3
    1.9350    1.3336    0.0360         3
    1.9400    1.3186    0.0354         3
    1.9450    1.3286    0.0364         3
    1.9500   -1.0000   -1.0000         2
    1.9550   -1.0000   -1.0000         2
    1.9600    1.3307    0.0401         3
    1.9650    1.3288    0.0372         3
    1.9700    1.3069    0.0338         3
    1.9750    1.3072    0.0316         3
    1.9800    1.3145    0.0301         3
    1.9850    1.3043    0.0338         3
    1.9900   -1.0000   -1.0000         2
    1.9950    1.3312    0.0360         3
    2.0000    1.3109    0.0442         3
    2.0050   -1.0000   -1.0000         0
    2.0100    1.2928    0.0531         2
    2.0150    1.3176    0.0490         3
    2.0200    1.3143    0.0418         3
    2.0250    1.3446    0.0368         3
    2.0300    1.3355    0.0335         3
    2.0350    1.3051    0.0325         3
    2.0400    1.3073    0.0323         3
    2.0450    1.3180    0.0343         3
    2.0500    1.3145    0.0387         3
    2.0550    1.3305    0.0400         3
    2.0600    1.3220    0.0389         3
    2.0650    1.3229    0.0384         3
    2.0700    1.3112    0.0382         3
    2.0750    1.3030    0.0345         2
    2.0800    1.3447    0.0346         3
    2.0850    1.3417    0.0342         3
    2.0900    1.3307    0.0338         3
    2.0950    1.3433    0.0339         3
    2.1000    1.3479    0.0340         3
    2.1050    1.3431    0.0344         3
    2.1100    1.3416    0.0345         3
    2.1150    1.3520    0.0348         3
    2.1200    1.3433    0.0355         3
    2.1250    1.3558    0.0349         3
    2.1300    1.3535    0.0351         3
    2.1350    1.3404    0.0354         3
    2.1400    1.3356    0.0364         3
    2.1450   -1.0000   -1.0000         2
    2.1500    1.3391    0.0359         3
    2.1550    1.3771    0.0369         3
    2.1600    1.3782    0.0375         3
    2.1650    1.3684    0.0381         3
    2.1700    1.3811    0.0388         3
    2.1750    1.3574    0.0388         3
    2.1800    1.3699    0.0378         3
    2.1850    1.3811    0.0383         3
    2.1900    1.3876    0.0384         3
    2.1950    1.3731    0.0395         3
    2.2000    1.3721    0.0391         3
    2.2050    1.3821    0.0394         3
    2.2100    1.3606    0.0392         3
    2.2150    1.3563    0.0421         3
    2.2200    1.3712    0.0393         3
    2.2250    1.3765    0.0407         3
    2.2300   -1.0000   -1.0000         1
    2.2350    1.3873    0.0411         3
    2.2400    1.3777    0.0420         3
    2.2450    1.3533    0.0410         3
    2.2500    1.3778    0.0417         3
    2.2550    1.3903    0.0426         3
    2.2600    1.3973    0.0436         3
    2.2650    1.3849    0.0431         3
    2.2700    1.4062    0.0439         3
    2.2750    1.3937    0.0442         3
    2.2800    1.3624    0.0436         3
    2.2850   -1.0000   -1.0000         1
    2.2900    1.3928    0.0455         3
    2.2950    1.3928    0.0459         3
    2.3000    1.3774    0.0469         3
    2.3050    1.3885    0.0451         3
    2.3100    1.3930    0.0475         3
    2.3150    1.4049    0.0488         1
    2.3200    1.3671    0.0467         3
    2.3250    1.3704    0.0464         3
    2.3300    1.3744    0.0480         3
    2.3350    1.3973    0.0490         3
    2.3400    1.4012    0.0488         3
    2.3450    1.3963    0.0501         3
    2.3500    1.3966    0.0513         3
    2.3550   -1.0000   -1.0000         2
    2.3600    1.3737    0.0512         3
    2.3650    1.4041    0.0534         3
    2.3700   -1.0000   -1.0000         1
    2.3750    1.4053    0.0536         3
    2.3800    1.4132    0.0531         3
    2.3850   -1.0000   -1.0000         2
    2.3900    1.4041    0.0535         3
    2.3950    1.3842    0.0522         3
    2.4000    1.4052    0.0532         3
    2.4050   -1.0000   -1.0000         1
    2.4100    1.4054    0.0548         3
    2.4150    1.4092    0.0557         3
    2.4200    1.4028    0.0548         3
    2.4250    1.4359    0.0552         3
    2.4300    1.4282    0.0587         3
    2.4350   -1.0000   -1.0000         2
    2.4400    1.3824    0.0569         2
    2.4450   -1.0000   -1.0000         1
    2.4500   -1.0000   -1.0000         0
    2.4550    1.4107    0.0601         2
    2.4600   -1.0000   -1.0000         3
    2.4650   -1.0000   -1.0000         1
    2.4700   -1.0000   -1.0000         0
    2.4750   -1.0000   -1.0000         3
    2.4800   -1.0000   -1.0000         1
    2.4850   -1.0000   -1.0000         0
    2.4900   -1.0000   -1.0000         0
