    0.6500   -1.0000   -1.0000         3
    0.6550   -1.0000   -1.0000         3
    0.6600   -1.0000   -1.0000         3
    0.6650   -1.0000   -1.0000         3
    0.6700   -1.0000   -1.0000         3
    0.6750   -1.0000   -1.0000         3
    0.6800   -1.0000   -1.0000         3
    0.6850   -1.0000   -1.0000         3
    0.6900   -1.0000   -1.0000         3
    0.6950   -1.0000   -1.0000         3
    0.7000   -1.0000   -1.0000         3
    0.7050   -1.0000   -1.0000         3
    0.7100   -1.0000   -1.0000         3
    0.7150    0.9066    0.0156         3
    0.7200    0.8990    0.0152         3
    0.7250    0.9146    0.0143         3
    0.7300    0.9162    0.0137         3
    0.7350    0.9203    0.0132         3
    0.7400    0.9178    0.0127         3
    0.7450    0.9433    0.0130         3
    0.7500    0.9706    0.0142         3
    0.7550    0.9524    0.0139         3
    0.7600   -1.0000   -1.0000         3
    0.7650   -1.0000   -1.0000         3
    0.7700    0.9356    0.0114         3
    0.7750    0.9397    0.0111         3
    0.7800    0.9473    0.0112         3
    0.7850    0.9457    0.0113         3
    0.7900    0.9553    0.0109         3
    0.7950    0.9583    0.0109         3
    0.8000    0.9530    0.0107         3
    0.8050    0.9631    0.0108         3
    0.8100    0.9594    0.0109         3
    0.8150    0.9601    0.0109         3
    0.8200    0.9600    0.0108         3
    0.8250    0.9557    0.0108         3
    0.8300    0.9528    0.0106         3
    0.8350    0.9523    0.0104         3
    0.8400    0.9577    0.0105         3
    0.8450    0.9719    0.0111         2
    0.8500    0.9696    0.0105         3
    0.8550    0.9587    0.0104         3
    0.8600    0.9623    0.0102         3
    0.8650    0.9592    0.0101         3
    0.8700    0.9609    0.0103         3
    0.8750    0.9603    0.0099         3
    0.8800    0.9589    0.0097         3
    0.8850    0.9631    0.0097         3
    0.8900    0.9686    0.0097         3
    0.8950    0.9667    0.0102         3
    0.9000    0.9656    0.0095         3
    0.9050    0.9635    0.0094         3
    0.9100    0.9665    0.0092         3
    0.9150    0.9757    0.0092         3
    0.9200    0.9759    0.0092         3
    0.9250    0.9714    0.0092         3
    0.9300    0.9714    0.0097         3
    0.9350    0.9806    0.0096         3
    0.9400    0.9804    0.0095         3
    0.9450    0.9798    0.0093         3
    0.9500    0.9782    0.0098         3
    0.9550    0.9831    0.0092         3
    0.9600    0.9865    0.0089         3
    0.9650    0.9811    0.0090         3
    0.9700    0.9804    0.0088         3
    0.9750    0.9920    0.0087         3
    0.9800    0.9977    0.0083         2
    0.9850    0.9951    0.0089         3
    0.9900    0.9913    0.0085         3
    0.9950    0.9880    0.0087         3
    1.0000    0.9830    0.0088         3
    1.0050    0.9926    0.0085         3
    1.0100    0.9932    0.0088         3
    1.0150    0.9866    0.0083         3
    1.0200    0.9945    0.0086         3
    1.0250    0.9952    0.0084         3
    1.0300    0.9942    0.0084         3
    1.0350    0.9908    0.0087         3
    1.0400    0.9903    0.0087         3
    1.0450    1.0054    0.0084         3
    1.0500    1.0099    0.0086         3
    1.0550    1.0042    0.0085         3
    1.0600    1.0041    0.0086         3
    1.0650    1.0091    0.0085         3
    1.0700    1.0079    0.0087         3
    1.0750    1.0044    0.0087         3
    1.0800    0.9984    0.0091         3
    1.0850    1.0009    0.0090         3
    1.0900    1.0040    0.0096         3
    1.0950    1.0137    0.0098         3
    1.1000    1.0104    0.0096         3
    1.1050    1.0034    0.0094         3
    1.1100    1.0027    0.0092         3
    1.1150    1.0038    0.0094         3
    1.1200    1.0199    0.0095         3
    1.1250    1.0150    0.0099         3
    1.1300    1.0179    0.0099         3
    1.1350    1.0167    0.0101         3
    1.1400    1.0092    0.0102         3
    1.1450    1.0111    0.0097         3
    1.1500    1.0198    0.0095         3
    1.1550    1.0155    0.0098         3
    1.1600    1.0062    0.0096         3
    1.1650    1.0187    0.0096         3
    1.1700    1.0165    0.0098         3
    1.1750    1.0129    0.0096         3
    1.1800    1.0226    0.0094         3
    1.1850    1.0236    0.0095         3
    1.1900    1.0144    0.0097         3
    1.1950    1.0147    0.0098         3
    1.2000    1.0241    0.0104         3
    1.2050    1.0198    0.0114         3
    1.2100    1.0254    0.0104         3
    1.2150    1.0233    0.0100         3
    1.2200    1.0202    0.0099         3
    1.2250    1.0241    0.0100         3
    1.2300    1.0264    0.0097         3
    1.2350    1.0170    0.0103         3
    1.2400    1.0279    0.0099         3
    1.2450    1.0297    0.0099         3
    1.2500    1.0255    0.0098         3
    1.2550    1.0223    0.0100         3
    1.2600    1.0153    0.0103         3
    1.2650    1.0154    0.0108         3
    1.2700    1.0148    0.0123         2
    1.2750    1.0049    0.0110         2
    1.2800    1.0206    0.0114         3
    1.2850    1.0255    0.0108         3
    1.2900    1.0342    0.0106         3
    1.2950    1.0189    0.0104         3
    1.3000    1.0258    0.0099         3
    1.3050    1.0289    0.0102         3
    1.3100    1.0245    0.0103         3
    1.3150    1.0234    0.0101         3
    1.3200    1.0272    0.0100         3
    1.3250    1.0439    0.0100         3
    1.3300    1.0444    0.0098         1
    1.3350    1.0337    0.0113         3
    1.3400    1.0288    0.0118         3
    1.3450    1.0402    0.0132         2
    1.3500   -1.0000   -1.0000         2
    1.3550   -1.0000   -1.0000         0
    1.3600   -1.0000   -1.0000         0
    1.3650    1.0109    0.0174         1
    1.3700   -1.0000   -1.0000         1
    1.3750   -1.0000   -1.0000         1
    1.3800    1.0075    0.0178         1
    1.3850    1.0347    0.0167         3
    1.3900    1.0304    0.0166         3
    1.3950    1.0337    0.0161         2
    1.4000    1.0469    0.0157         2
    1.4050    1.0393    0.0168         3
    1.4100    1.0281    0.0141         3
    1.4150    1.0509    0.0137         1
    1.4200    1.0142    0.0122         1
    1.4250    1.0278    0.0127         3
    1.4300    1.0426    0.0128         3
    1.4350    1.0373    0.0126         3
    1.4400    1.0364    0.0129         3
    1.4450    1.0467    0.0124         3
    1.4500    1.0465    0.0123         3
    1.4550    1.0353    0.0120         3
    1.4600    1.0393    0.0119         3
    1.4650    1.0549    0.0127         3
    1.4700    1.0475    0.0127         3
    1.4750    1.0234    0.0123         3
    1.4800    1.0407    0.0131         3
    1.4850    1.0412    0.0128         3
    1.4900    1.0355    0.0120         3
    1.4950    1.0511    0.0113         3
    1.5000    1.0362    0.0123         3
    1.5050    1.0459    0.0120         3
    1.5100    1.0400    0.0116         3
    1.5150    1.0459    0.0113         3
    1.5200    1.0318    0.0122         3
    1.5250    1.0318    0.0123         3
    1.5300    1.0366    0.0117         3
    1.5350    1.0527    0.0121         3
    1.5400    1.0448    0.0117         3
    1.5450    1.0326    0.0117         3
    1.5500    1.0357    0.0120         3
    1.5550    1.0365    0.0116         3
    1.5600    1.0464    0.0118         3
    1.5650    1.0603    0.0124         3
    1.5700    1.0616    0.0121         3
    1.5750    1.0624    0.0120         3
    1.5800    1.0503    0.0125         3
    1.5850    1.0500    0.0123         3
    1.5900    1.0520    0.0133         3
    1.5950    1.0454    0.0126         3
    1.6000    1.0433    0.0127         3
    1.6050    1.0649    0.0121         3
    1.6100    1.0655    0.0131         3
    1.6150    1.0412    0.0123         3
    1.6200    1.0441    0.0128         3
    1.6250    1.0603    0.0121         3
    1.6300    1.0547    0.0128         3
    1.6350    1.0398    0.0120         3
    1.6400    1.0409    0.0140         3
    1.6450    1.0387    0.0129         3
    1.6500    1.0282    0.0122         3
    1.6550    1.0554    0.0134         3
    1.6600    1.0400    0.0137         3
    1.6650    1.0552    0.0137         3
    1.6700    1.0514    0.0127         3
    1.6750    1.0567    0.0135         3
    1.6800    1.0372    0.0134         3
    1.6850    1.0635    0.0131         3
    1.6900    1.0753    0.0137         3
    1.6950    1.0696    0.0145         3
    1.7000    1.0734    0.0146         3
    1.7050    1.0625    0.0140         3
    1.7100    1.0325    0.0136         3
    1.7150   -1.0000   -1.0000         3
    1.7200    1.0447    0.0142         3
    1.7250    1.0656    0.0138         3
    1.7300    1.0541    0.0139         3
    1.7350    1.0712    0.0150         3
    1.7400    1.0706    0.0158         3
    1.7450    1.0681    0.0149         3
    1.7500    1.0543    0.0141         3
    1.7550    1.0682    0.0135         3
    1.7600    1.0675    0.0149         3
    1.7650    1.0432    0.0146         3
    1.7700    1.0461    0.0154         3
    1.7750    1.0467    0.0140         3
    1.7800    1.0479    0.0159         3
    1.7850    1.0359    0.0151         3
    1.7900    1.0404    0.0165         3
    1.7950   -1.0000   -1.0000         1
    1.8000    1.0398    0.0188         3
    1.8050    1.0446    0.0178         3
    1.8100    1.0449    0.0190         3
    1.8150    1.0645    0.0200         3
    1.8200    1.0510    0.0202         3
    1.8250    1.0383    0.0214         2
    1.8300    1.0711    0.0223         3
    1.8350    1.0581    0.0285         2
    1.8400    1.0744    0.0289         1
    1.8450    1.0583    0.0289         3
    1.8500    1.0218    0.0304         2
    1.8550    1.0672    0.0270         3
    1.8600    1.0412    0.0264         2
    1.8650    1.0180    0.0292         2
    1.8700    1.0373    0.0338         1
    1.8750    1.0710    0.0309         1
    1.8800   -1.0000   -1.0000         1
    1.8850    1.0209    0.0221         2
    1.8900    1.0446    0.0223         3
    1.8950    1.0479    0.0236         3
    1.9000    1.0885    0.0274         3
    1.9050    1.0637    0.0267         3
    1.9100    1.0573    0.0256         3
    1.9150    1.0444    0.0230         3
    1.9200    1.0502    0.0232         3
    1.9250    1.0907    0.0231         2
    1.9300    1.0451    0.0216         3
    1.9350    1.0440    0.0211         3
    1.9400    1.0656    0.0207         3
    1.9450    1.0475    0.0204         3
    1.9500    1.0539    0.0219         3
    1.9550    1.0551    0.0231         2
    1.9600    1.0672    0.0231         3
    1.9650    1.0755    0.0232         2
    1.9700    1.0560    0.0197         3
    1.9750    1.0266    0.0196         3
    1.9800    1.0454    0.0185         3
    1.9850    1.0431    0.0181         3
    1.9900    1.0360    0.0200         2
    1.9950    1.0336    0.0222         2
    2.0000   -1.0000   -1.0000         0
    2.0050    1.0249    0.0301         1
    2.0100    1.0738    0.0339         3
    2.0150    1.0620    0.0304         2
    2.0200    1.0551    0.0228         3
    2.0250    1.0660    0.0207         3
    2.0300    1.0472    0.0205         3
    2.0350    1.0450    0.0194         3
    2.0400    1.0521    0.0196         3
    2.0450    1.0570    0.0215         3
    2.0500    1.0773    0.0228         3
    2.0550    1.0487    0.0223         2
    2.0600    1.0491    0.0244         3
    2.0650    1.0456    0.0217         3
    2.0700    1.0916    0.0234         2
    2.0750    1.0821    0.0228         3
    2.0800    1.0580    0.0201         3
    2.0850    1.0611    0.0196         3
    2.0900    1.0794    0.0204         3
    2.0950    1.0836    0.0195         3
    2.1000    1.0822    0.0196         3
    2.1050   -1.0000   -1.0000         2
    2.1100    1.0941    0.0203         3
    2.1150   -1.0000   -1.0000         2
    2.1200    1.0923    0.0222         3
    2.1250    1.0754    0.0208         3
    2.1300    1.0748    0.0214         3
    2.1350    1.0766    0.0212         3
    2.1400    1.0620    0.0204         3
    2.1450    1.0450    0.0202         3
    2.1500    1.0659    0.0204         3
    2.1550    1.0867    0.0212         3
    2.1600    1.0713    0.0226         3
    2.1650    1.0662    0.0224         3
    2.1700    1.0817    0.0217         3
    2.1750    1.0866    0.0218         3
    2.1800    1.0741    0.0231         3
    2.1850    1.0852    0.0224         3
    2.1900    1.0686    0.0233         3
    2.1950    1.0605    0.0233         3
    2.2000    1.0570    0.0236         3
    2.2050    1.0506    0.0248         2
    2.2100    1.0434    0.0212         1
    2.2150    1.0306    0.0224         2
    2.2200    1.0839    0.0231         3
    2.2250    1.0955    0.0222         3
    2.2300    1.0714    0.0228         3
    2.2350    1.0792    0.0237         3
    2.2400    1.0874    0.0240         3
    2.2450    1.0655    0.0234         3
    2.2500    1.0872    0.0243         3
    2.2550    1.0970    0.0240         3
    2.2600    1.0687    0.0247         3
    2.2650    1.0554    0.0257         3
    2.2700    1.0575    0.0243         3
    2.2750    1.0595    0.0249         3
    2.2800    1.0757    0.0247         3
    2.2850    1.0959    0.0260         3
    2.2900    1.0896    0.0253         3
    2.2950    1.0828    0.0259         3
    2.3000    1.0770    0.0255         3
    2.3050    1.0572    0.0254         3
    2.3100    1.0648    0.0260         3
    2.3150    1.0663    0.0266         3
    2.3200    1.0565    0.0265         3
    2.3250    1.0758    0.0267         2
    2.3300    1.0889    0.0273         3
    2.3350    1.0617    0.0270         3
    2.3400    1.0654    0.0279         3
    2.3450    1.0588    0.0277         3
    2.3500    1.0589    0.0289         3
    2.3550    1.0704    0.0285         3
    2.3600    1.0862    0.0271         3
    2.3650    1.0811    0.0301         3
    2.3700    1.0704    0.0301         3
    2.3750    1.0493    0.0298         3
    2.3800    1.0655    0.0296         3
    2.3850    1.0526    0.0288         3
    2.3900    1.0688    0.0301         3
    2.3950    1.0480    0.0315         3
    2.4000    1.0563    0.0293         3
    2.4050    1.0752    0.0292         3
    2.4100   -1.0000   -1.0000         0
    2.4150   -1.0000   -1.0000         0
    2.4200    1.0856    0.0325         3
    2.4250    1.0875    0.0306         3
    2.4300    1.0577    0.0327         3
    2.4350    1.0390    0.0333         3
    2.4400    1.0486    0.0308         3
    2.4450    1.0705    0.0325         3
    2.4500    1.0810    0.0367         3
    2.4550    1.0913    0.0344         2
    2.4600    1.0587    0.0300         1
    2.4650    1.0949    0.0343         1
    2.4700   -1.0000   -1.0000         2
    2.4750    1.0843    0.0345         1
    2.4800    1.0870    0.0381         1
    2.4850   -1.0000   -1.0000         0
    2.4900   -1.0000   -1.0000         0
