    0.6500   -1.0000   -1.0000         3
    0.6550   -1.0000   -1.0000         3
    0.6600   -1.0000   -1.0000         3
    0.6650   -1.0000   -1.0000         3
    0.6700   -1.0000   -1.0000         3
    0.6750   -1.0000   -1.0000         3
    0.6800   -1.0000   -1.0000         3
    0.6850   -1.0000   -1.0000         3
    0.6900    1.2346    0.0424         3
    0.6950    1.2498    0.0361         3
    0.7000   -1.0000   -1.0000         3
    0.7050    1.2227    0.0305         3
    0.7100    1.2233    0.0278         3
    0.7150    1.2572    0.0290         3
    0.7200    1.2119    0.0258         3
    0.7250    1.2265    0.0232         3
    0.7300    1.2179    0.0235         3
    0.7350    1.2217    0.0218         3
    0.7400    1.2305    0.0217         3
    0.7450    1.2079    0.0201         3
    0.7500    1.2353    0.0219         3
    0.7550    1.2179    0.0234         3
    0.7600    1.1932    0.0214         3
    0.7650    1.2201    0.0198         3
    0.7700    1.2104    0.0179         3
    0.7750    1.2048    0.0181         3
    0.7800    1.1808    0.0180         3
    0.7850    1.1817    0.0176         3
    0.7900    1.1759    0.0167         3
    0.7950    1.1674    0.0166         3
    0.8000    1.1629    0.0172         3
    0.8050    1.1551    0.0166         3
    0.8100    1.1303    0.0167         3
    0.8150    1.1392    0.0162         3
    0.8200    1.1260    0.0165         3
    0.8250    1.1106    0.0171         3
    0.8300    1.1172    0.0153         3
    0.8350    1.1120    0.0155         3
    0.8400    1.0947    0.0169         3
    0.8450    1.0961    0.0176         3
    0.8500    1.0972    0.0168         3
    0.8550    1.0847    0.0160         3
    0.8600    1.0736    0.0157         3
    0.8650    1.0648    0.0147         3
    0.8700    1.0690    0.0160         3
    0.8750    1.0665    0.0147         3
    0.8800    1.0436    0.0150         3
    0.8850   -1.0000   -1.0000         3
    0.8900    1.0270    0.0145         3
    0.8950    1.0347    0.0135         3
    0.9000    1.0182    0.0137         3
    0.9050    1.0259    0.0145         3
    0.9100    1.0140    0.0140         3
    0.9150    1.0149    0.0136         3
    0.9200    1.0134    0.0133         3
    0.9250    1.0000    0.0134         3
    0.9300    1.0069    0.0127         3
    0.9350    1.0062    0.0141         3
    0.9400    1.0068    0.0134         3
    0.9450    0.9931    0.0137         3
    0.9500    1.0036    0.0162         3
    0.9550    0.9987    0.0131         3
    0.9600    0.9749    0.0133         3
    0.9650    0.9737    0.0124         3
    0.9700    0.9887    0.0116         3
    0.9750    0.9853    0.0119         3
    0.9800    0.9826    0.0128         3
    0.9850    0.9978    0.0134         3
    0.9900    0.9862    0.0126         3
    0.9950    0.9868    0.0128         3
    1.0000    0.9848    0.0122         3
    1.0050    0.9795    0.0120         3
    1.0100    0.9846    0.0123         3
    1.0150    0.9998    0.0126         3
    1.0200    0.9977    0.0116         3
    1.0250    0.9998    0.0119         3
    1.0300    1.0049    0.0138         3
    1.0350    0.9889    0.0123         3
    1.0400    0.9863    0.0119         3
    1.0450    0.9831    0.0123         3
    1.0500    1.0068    0.0119         3
    1.0550    1.0112    0.0117         3
    1.0600    1.0021    0.0122         3
    1.0650    1.0088    0.0118         3
    1.0700    1.0044    0.0119         3
    1.0750    1.0051    0.0123         3
    1.0800    1.0162    0.0122         3
    1.0850    1.0197    0.0127         3
    1.0900    1.0056    0.0129         3
    1.0950    1.0035    0.0133         3
    1.1000    1.0213    0.0124         3
    1.1050    1.0343    0.0133         3
    1.1100    1.0383    0.0125         3
    1.1150    1.0550    0.0133         3
    1.1200    1.0465    0.0142         3
    1.1250    1.0598    0.0138         3
    1.1300    1.0737    0.0138         3
    1.1350    1.0567    0.0147         3
    1.1400    1.0510    0.0179         2
    1.1450    1.1055    0.0147         2
    1.1500    1.1083    0.0152         2
    1.1550    1.0894    0.0150         3
    1.1600    1.0959    0.0144         3
    1.1650    1.1187    0.0149         3
    1.1700    1.1156    0.0135         3
    1.1750    1.1168    0.0136         3
    1.1800    1.1256    0.0149         3
    1.1850    1.1297    0.0139         3
    1.1900    1.1157    0.0140         3
    1.1950    1.1147    0.0144         3
    1.2000    1.1221    0.0156         3
    1.2050    1.1055    0.0168         3
    1.2100    1.1247    0.0152         3
    1.2150    1.1408    0.0155         3
    1.2200    1.1498    0.0147         3
    1.2250    1.1553    0.0162         3
    1.2300    1.1324    0.0145         3
    1.2350    1.1367    0.0147         3
    1.2400    1.1458    0.0153         3
    1.2450    1.1531    0.0153         3
    1.2500    1.1586    0.0150         3
    1.2550    1.1463    0.0159         3
    1.2600    1.1430    0.0155         3
    1.2650    1.1289    0.0156         3
    1.2700    1.1394    0.0159         3
    1.2750    1.1567    0.0152         3
    1.2800    1.1512    0.0156         3
    1.2850    1.1456    0.0148         3
    1.2900    1.1733    0.0167         3
    1.2950    1.1578    0.0164         3
    1.3000    1.1607    0.0146         3
    1.3050    1.1687    0.0146         3
    1.3100    1.1634    0.0144         3
    1.3150    1.1523    0.0161         3
    1.3200    1.1784    0.0156         3
    1.3250    1.2004    0.0155         3
    1.3300    1.2160    0.0169         3
    1.3350    1.1980    0.0147         3
    1.3400    1.1964    0.0169         3
    1.3450   -1.0000   -1.0000         1
    1.3500    1.1978    0.0263         1
    1.3550    1.2036    0.0312         3
    1.3600    1.2124    0.0301         2
    1.3650    1.1942    0.0252         3
    1.3700   -1.0000   -1.0000         1
    1.3750   -1.0000   -1.0000         0
    1.3800   -1.0000   -1.0000         0
    1.3850    1.2506    0.0296         3
    1.3900    1.2399    0.0251         3
    1.3950    1.2580    0.0234         3
    1.4000    1.2229    0.0247         3
    1.4050    1.2405    0.0224         3
    1.4100   -1.0000   -1.0000         2
    1.4150    1.2457    0.0219         2
    1.4200    1.2823    0.0213         3
    1.4250   -1.0000   -1.0000         0
    1.4300    1.3060    0.0225         3
    1.4350    1.2834    0.0227         3
    1.4400    1.3049    0.0200         3
    1.4450    1.2892    0.0206         3
    1.4500    1.2904    0.0205         3
    1.4550    1.2716    0.0187         3
    1.4600    1.2931    0.0201         3
    1.4650    1.3343    0.0198         3
    1.4700    1.3166    0.0201         3
    1.4750    1.2912    0.0191         3
    1.4800   -1.0000   -1.0000         0
    1.4850    1.3152    0.0189         3
    1.4900    1.2900    0.0184         3
    1.4950    1.3057    0.0173         3
    1.5000    1.3350    0.0197         3
    1.5050    1.3531    0.0180         3
    1.5100    1.3495    0.0185         3
    1.5150    1.3533    0.0186         3
    1.5200    1.3139    0.0171         3
    1.5250    1.3334    0.0178         3
    1.5300    1.3366    0.0177         3
    1.5350    1.3024    0.0180         3
    1.5400    1.3125    0.0188         3
    1.5450    1.3369    0.0195         3
    1.5500    1.3175    0.0183         3
    1.5550    1.3111    0.0187         3
    1.5600    1.3399    0.0193         3
    1.5650    1.3166    0.0173         3
    1.5700    1.3134    0.0182         3
    1.5750    1.3583    0.0183         3
    1.5800    1.3406    0.0205         3
    1.5850   -1.0000   -1.0000         3
    1.5900   -1.0000   -1.0000         3
    1.5950    1.3697    0.0197         3
    1.6000    1.3604    0.0189         3
    1.6050   -1.0000   -1.0000         3
    1.6100   -1.0000   -1.0000         3
    1.6150    1.3224    0.0217         3
    1.6200    1.3307    0.0194         3
    1.6250    1.3348    0.0189         3
    1.6300   -1.0000   -1.0000         3
    1.6350   -1.0000   -1.0000         3
    1.6400   -1.0000   -1.0000         3
    1.6450    1.3406    0.0202         3
    1.6500    1.3277    0.0191         3
    1.6550    1.3322    0.0191         3
    1.6600    1.3226    0.0205         3
    1.6650    1.2961    0.0191         3
    1.6700    1.3467    0.0201         3
    1.6750   -1.0000   -1.0000         3
    1.6800   -1.0000   -1.0000         3
    1.6850    1.3153    0.0211         3
    1.6900    1.2854    0.0218         3
    1.6950    1.3131    0.0218         3
    1.7000    1.3225    0.0233         3
    1.7050    1.3062    0.0208         3
    1.7100    1.3118    0.0198         3
    1.7150    1.3052    0.0195         3
    1.7200    1.3169    0.0223         3
    1.7250    1.3259    0.0217         3
    1.7300    1.3057    0.0215         3
    1.7350    1.2906    0.0216         3
    1.7400    1.3227    0.0237         3
    1.7450    1.3033    0.0221         3
    1.7500    1.3003    0.0228         3
    1.7550    1.2773    0.0214         3
    1.7600    1.2995    0.0217         3
    1.7650    1.3054    0.0224         3
    1.7700    1.2806    0.0221         3
    1.7750    1.2864    0.0229         3
    1.7800    1.2403    0.0235         3
    1.7850    1.2692    0.0224         3
    1.7900    1.3169    0.0225         3
    1.7950    1.2939    0.0242         3
    1.8000    1.3063    0.0257         3
    1.8050    1.3194    0.0256         3
    1.8100    1.3022    0.0257         3
    1.8150    1.2762    0.0278         3
    1.8200    1.2692    0.0280         3
    1.8250    1.2873    0.0295         3
    1.8300    1.3354    0.0345         2
    1.8350    1.2697    0.0365         1
    1.8400    1.2745    0.0413         3
    1.8450    1.3040    0.0397         3
    1.8500    1.3109    0.0422         3
    1.8550    1.2947    0.0444         3
    1.8600    1.2995    0.0369         3
    1.8650    1.2897    0.0412         2
    1.8700    1.2898    0.0499         3
    1.8750    1.3008    0.0444         1
    1.8800    1.2228    0.0360         2
    1.8850    1.2526    0.0360         3
    1.8900    1.2833    0.0320         3
    1.8950   -1.0000   -1.0000         1
    1.9000    1.3043    0.0425         2
    1.9050    1.3008    0.0401         3
    1.9100    1.3146    0.0403         3
    1.9150    1.2981    0.0370         3
    1.9200    1.3018    0.0354         3
    1.9250    1.2601    0.0397         3
    1.9300    1.2307    0.0300         3
    1.9350    1.2782    0.0320         3
    1.9400    1.2800    0.0306         3
    1.9450    1.2646    0.0313         3
    1.9500    1.2445    0.0299         3
    1.9550    1.2272    0.0328         3
    1.9600    1.2270    0.0330         3
    1.9650    1.2389    0.0339         3
    1.9700    1.2450    0.0288         3
    1.9750    1.2849    0.0299         3
    1.9800    1.2835    0.0278         3
    1.9850    1.2623    0.0261         3
    1.9900    1.2346    0.0281         3
    1.9950    1.2296    0.0306         3
    2.0000    1.2537    0.0398         2
    2.0050   -1.0000   -1.0000         0
    2.0100   -1.0000   -1.0000         0
    2.0150    1.2971    0.0455         3
    2.0200    1.2542    0.0373         3
    2.0250    1.2665    0.0319         3
    2.0300    1.2956    0.0300         3
    2.0350    1.2853    0.0299         3
    2.0400    1.2879    0.0309         3
    2.0450    1.2161    0.0299         3
    2.0500    1.2271    0.0344         1
    2.0550    1.2618    0.0330         3
    2.0600    1.2318    0.0331         3
    2.0650    1.2478    0.0326         3
    2.0700    1.3077    0.0344         3
    2.0750    1.2886    0.0341         3
    2.0800    1.2721    0.0325         3
    2.0850    1.2383    0.0310         3
    2.0900    1.2478    0.0294         3
    2.0950    1.2772    0.0323         3
    2.1000    1.2524    0.0318         3
    2.1050    1.3003    0.0309         3
    2.1100    1.2900    0.0319         3
    2.1150    1.2240    0.0346         3
    2.1200    1.2723    0.0306         3
    2.1250    1.3281    0.0313         3
    2.1300    1.3036    0.0339         3
    2.1350    1.2595    0.0306         3
    2.1400    1.2479    0.0302         3
    2.1450    1.2349    0.0329         3
    2.1500    1.2786    0.0314         3
    2.1550    1.2954    0.0315         3
    2.1600    1.2947    0.0319         3
    2.1650    1.2951    0.0335         3
    2.1700    1.3032    0.0339         3
    2.1750    1.3449    0.0384         3
    2.1800    1.3174    0.0333         3
    2.1850    1.2668    0.0340         3
    2.1900   -1.0000   -1.0000         0
    2.1950    1.2658    0.0357         3
    2.2000    1.3466    0.0364         3
    2.2050    1.2923    0.0388         3
    2.2100    1.2869    0.0354         3
    2.2150    1.2985    0.0358         3
    2.2200    1.2803    0.0361         3
    2.2250    1.3296    0.0350         3
    2.2300    1.2992    0.0371         3
    2.2350    1.2506    0.0349         3
    2.2400    1.3314    0.0356         3
    2.2450    1.3035    0.0373         3
    2.2500    1.2749    0.0393         3
    2.2550    1.3224    0.0368         3
    2.2600    1.3570    0.0401         3
    2.2650    1.2649    0.0382         3
    2.2700    1.2724    0.0360         3
    2.2750    1.3297    0.0386         3
    2.2800    1.3553    0.0395         3
    2.2850   -1.0000   -1.0000         1
    2.2900    1.3360    0.0379         3
    2.2950    1.3103    0.0409         3
    2.3000    1.3339    0.0409         3
    2.3050    1.2858    0.0405         3
    2.3100    1.2652    0.0370         3
    2.3150    1.3526    0.0408         3
    2.3200    1.2705    0.0419         3
    2.3250    1.2524    0.0359         1
    2.3300    1.3068    0.0416         3
    2.3350    1.3054    0.0413         3
    2.3400   -1.0000   -1.0000         1
    2.3450   -1.0000   -1.0000         0
    2.3500    1.2408    0.0377         2
    2.3550    1.2586    0.0431         2
    2.3600   -1.0000   -1.0000         0
    2.3650    1.3064    0.0447         3
    2.3700    1.3547    0.0439         3
    2.3750    1.3058    0.0480         3
    2.3800   -1.0000   -1.0000         0
    2.3850   -1.0000   -1.0000         3
    2.3900    1.3744    0.0474         3
    2.3950   -1.0000   -1.0000         1
    2.4000    1.3452    0.0419         3
    2.4050    1.2958    0.0440         3
    2.4100   -1.0000   -1.0000         0
    2.4150    1.3198    0.0466         3
    2.4200    1.2992    0.0458         3
    2.4250    1.3584    0.0448         3
    2.4300    1.3657    0.0482         2
    2.4350    1.2744    0.0489         2
    2.4400   -1.0000   -1.0000         0
    2.4450    1.3557    0.0456         3
    2.4500   -1.0000   -1.0000         0
    2.4550    1.3030    0.0511         3
    2.4600    1.3230    0.0454         1
    2.4650   -1.0000   -1.0000         0
    2.4700    1.3193    0.0471         1
    2.4750   -1.0000   -1.0000         0
    2.4800   -1.0000   -1.0000         0
    2.4850    1.3101    0.0540         1
    2.4900    1.2987    0.0551         1
