    0.6500   -1.0000   -1.0000
    0.6550   -1.0000   -1.0000
    0.6600   -1.0000   -1.0000
    0.6650   -1.0000   -1.0000
    0.6700   -1.0000   -1.0000
    0.6750   -1.0000   -1.0000
    0.6800   -1.0000   -1.0000
    0.6850   -1.0000   -1.0000
    0.6900   -1.0000   -1.0000
    0.6950   -1.0000   -1.0000
    0.7000   -1.0000   -1.0000
    0.7050   -1.0000   -1.0000
    0.7100   -1.0000   -1.0000
    0.7150   -1.0000   -1.0000
    0.7200   -1.0000   -1.0000
    0.7250   -1.0000   -1.0000
    0.7300   -1.0000   -1.0000
    0.7350   -1.0000   -1.0000
    0.7400   -1.0000   -1.0000
    0.7450   -1.0000   -1.0000
    0.7500   -1.0000   -1.0000
    0.7550   -1.0000   -1.0000
    0.7600   -1.0000   -1.0000
    0.7650   -1.0000   -1.0000
    0.7700    1.3379    1.3380
    0.7750    1.2779    1.2779
    0.7800    1.2903    1.2903
    0.7850    1.2327    1.2328
    0.7900    1.0461    1.0461
    0.7950    1.1489    1.1489
    0.8000    1.0674    1.0674
    0.8050    1.1500    1.1500
    0.8100    1.1215    1.1215
    0.8150    1.0763    1.0763
    0.8200    1.0872    1.0872
    0.8250    1.1682    1.1682
    0.8300    1.0506    1.0506
    0.8350    1.1101    1.1102
    0.8400    1.0836    1.0836
    0.8450    1.0742    1.0742
    0.8500    1.0880    1.0880
    0.8550    1.0231    1.0231
    0.8600    1.0384    1.0384
    0.8650    1.0210    1.0211
    0.8700    1.0449    1.0450
    0.8750    1.2110    1.2110
    0.8800    1.2244    1.2244
    0.8850    1.1565    1.1565
    0.8900    1.0956    1.0956
    0.8950    1.0475    1.0475
    0.9000    1.1079    1.1079
    0.9050    1.0857    1.0857
    0.9100    1.0043    1.0043
    0.9150    1.0363    1.0363
    0.9200    1.1328    1.1328
    0.9250    1.0358    1.0358
    0.9300    1.0218    1.0218
    0.9350    1.0394    1.0394
    0.9400    1.0216    1.0216
    0.9450    1.0800    1.0800
    0.9500    1.0368    1.0368
    0.9550    1.0526    1.0526
    0.9600    1.0045    1.0045
    0.9650    1.0527    1.0527
    0.9700    1.1034    1.1034
    0.9750    1.0533    1.0533
    0.9800    1.0851    1.0851
    0.9850    1.0748    1.0748
    0.9900    1.0417    1.0417
    0.9950    1.1429    1.1429
    1.0000    1.0676    1.0676
    1.0050    1.1466    1.1466
    1.0100    1.0358    1.0358
    1.0150    1.1494    1.1494
    1.0200    1.1423    1.1423
    1.0250    1.0783    1.0783
    1.0300    1.1970    1.1970
    1.0350    1.1300    1.1300
    1.0400    1.1304    1.1304
    1.0450    1.0593    1.0593
    1.0500    1.1972    1.1972
    1.0550    1.1003    1.1003
    1.0600    1.1025    1.1025
    1.0650    1.1205    1.1205
    1.0700    1.1149    1.1149
    1.0750    1.1031    1.1031
    1.0800    1.2148    1.2148
    1.0850    1.1386    1.1386
    1.0900    1.1262    1.1262
    1.0950    1.1525    1.1525
    1.1000    1.2169    1.2169
    1.1050    1.1449    1.1449
    1.1100    1.1555    1.1555
    1.1150    1.2633    1.2633
    1.1200    1.0393    1.0393
    1.1250    1.0450    1.0450
    1.1300    1.2410    1.2410
    1.1350    1.1913    1.1913
    1.1400    1.1917    1.1917
    1.1450    1.2513    1.2513
    1.1500    1.1500    1.1500
    1.1550    1.2566    1.2566
    1.1600    1.2623    1.2623
    1.1650    1.3231    1.3231
    1.1700    1.2458    1.2458
    1.1750    1.3471    1.3471
    1.1800    1.2689    1.2689
    1.1850    1.2582    1.2583
    1.1900    1.3653    1.3653
    1.1950    1.3729    1.3729
    1.2000    1.5175    1.5175
    1.2050    1.3446    1.3447
    1.2100    1.3081    1.3081
    1.2150    1.5134    1.5134
    1.2200    1.1881    1.1881
    1.2250    1.4287    1.4287
    1.2300    1.3515    1.3515
    1.2350    1.5286    1.5286
    1.2400    1.4038    1.4038
    1.2450    1.4222    1.4222
    1.2500    1.2515    1.2515
    1.2550    1.4088    1.4088
    1.2600    1.4053    1.4053
    1.2650    1.5457    1.5457
    1.2700    1.5427    1.5427
    1.2750    1.2728    1.2728
    1.2800    1.4185    1.4185
    1.2850    1.2307    1.2307
    1.2900    1.2549    1.2549
    1.2950    1.3015    1.3015
    1.3000    1.0000    1.0000
    1.3050    1.3613    1.3613
    1.3100    1.4885    1.4885
    1.3150    1.3519    1.3519
    1.3200    1.4012    1.4012
    1.3250    1.5049    1.5049
    1.3300    1.3844    1.3844
    1.3350    1.2617    1.2617
    1.3400    1.5354    1.5354
    1.3450    1.3749    1.3749
    1.3500    1.2847    1.2847
    1.3550    1.3460    1.3460
    1.3600    1.2939    1.2939
    1.3650    1.3066    1.3066
    1.3700    1.2614    1.2614
    1.3750    1.3013    1.3013
    1.3800    1.1241    1.1241
    1.3850    1.5876    1.5876
    1.3900    1.1780    1.1780
    1.3950    1.5399    1.5399
    1.4000   -1.0000   -1.0000
    1.4050   -1.0000   -1.0000
    1.4100   -1.0000   -1.0000
    1.4150   -1.0000   -1.0000
    1.4200   -1.0000   -1.0000
    1.4250   -1.0000   -1.0000
    1.4300    1.5479    1.5479
    1.4350    1.4710    1.4710
    1.4400    1.4623    1.4623
    1.4450    1.3679    1.3679
    1.4500    1.3541    1.3541
    1.4550    1.3430    1.3430
    1.4600    1.1987    1.1987
    1.4650    1.7710    1.7710
    1.4700    1.4493    1.4493
    1.4750    1.2564    1.2564
    1.4800    1.2363    1.2363
    1.4850    1.1545    1.1545
    1.4900    1.3706    1.3706
    1.4950    1.3979    1.3979
    1.5000    1.0997    1.0997
    1.5050    1.1386    1.1386
    1.5100    1.0758    1.0758
    1.5150    1.2558    1.2558
    1.5200    1.3437    1.3438
    1.5250    1.1291    1.1291
    1.5300    1.2334    1.2334
    1.5350    1.6150    1.6150
    1.5400    1.5267    1.5267
    1.5450    1.3208    1.3208
    1.5500    1.3547    1.3547
    1.5550    1.3730    1.3730
    1.5600    1.4046    1.4046
    1.5650    1.1474    1.1474
    1.5700    1.3338    1.3338
    1.5750    1.3287    1.3287
    1.5800    1.0033    1.0033
    1.5850    1.2593    1.2593
    1.5900    1.3255    1.3255
    1.5950    1.3688    1.3688
    1.6000    1.3386    1.3386
    1.6050    1.1979    1.1979
    1.6100    1.0254    1.0254
    1.6150    1.4406    1.4406
    1.6200    1.2422    1.2422
    1.6250    1.0656    1.0656
    1.6300    1.1871    1.1871
    1.6350    1.1947    1.1947
    1.6400    1.2930    1.2930
    1.6450    1.0546    1.0546
    1.6500    1.2808    1.2808
    1.6550    1.1467    1.1467
    1.6600    1.2011    1.2011
    1.6650    1.2897    1.2897
    1.6700    1.1296    1.1296
    1.6750    1.2269    1.2269
    1.6800    1.1406    1.1406
    1.6850    1.2265    1.2265
    1.6900    1.0764    1.0764
    1.6950    1.1179    1.1179
    1.7000    1.0690    1.0690
    1.7050    0.9973    0.9973
    1.7100    0.9885    0.9885
    1.7150    1.2171    1.2171
    1.7200    1.0690    1.0690
    1.7250    1.1198    1.1199
    1.7300    1.0583    1.0583
    1.7350    0.9180    0.9180
    1.7400    1.1139    1.1139
    1.7450    1.2383    1.2383
    1.7500    1.1374    1.1374
    1.7550    1.0505    1.0505
    1.7600    1.2229    1.2229
    1.7650    1.0866    1.0866
    1.7700    1.0023    1.0023
    1.7750    1.1377    1.1377
    1.7800    1.1233    1.1233
    1.7850    1.2269    1.2269
    1.7900    1.2888    1.2888
    1.7950    1.4509    1.4509
    1.8000    1.1990    1.1990
    1.8050    1.0445    1.0445
    1.8100    0.9005    0.9006
    1.8150    0.9461    0.9461
    1.8200    1.0205    1.0205
    1.8250    1.0406    1.0406
    1.8300    1.2168    1.2168
    1.8350    1.2266    1.2267
    1.8400    1.1975    1.1975
    1.8450    1.1211    1.1211
    1.8500    1.1266    1.1266
    1.8550    1.2273    1.2273
    1.8600    0.8749    0.8749
    1.8650    1.1584    1.1584
    1.8700    0.7968    0.7969
    1.8750   -1.0000   -1.0000
    1.8800    0.7678    0.7678
    1.8850    1.2471    1.2472
    1.8900    1.2598    1.2599
    1.8950    1.1283    1.1283
    1.9000    0.9960    0.9960
    1.9050    0.9093    0.9093
    1.9100    1.0635    1.0635
    1.9150    1.0644    1.0645
    1.9200    1.1858    1.1858
    1.9250    1.4436    1.4436
    1.9300    1.5539    1.5539
    1.9350    1.3416    1.3416
    1.9400    1.2662    1.2663
    1.9450    1.3735    1.3735
    1.9500    1.3149    1.3149
    1.9550    1.3127    1.3128
    1.9600    1.0893    1.0893
    1.9650    1.4030    1.4030
    1.9700    1.2123    1.2123
    1.9750    1.4333    1.4333
    1.9800    1.5869    1.5869
    1.9850    1.3855    1.3856
    1.9900    1.2369    1.2369
    1.9950    1.2906    1.2906
    2.0000    1.2205    1.2205
    2.0050    1.0927    1.0928
    2.0100    0.7615    0.7615
    2.0150    1.4049    1.4050
    2.0200    1.3517    1.3518
    2.0250    0.8928    0.8928
    2.0300    1.2530    1.2530
    2.0350    1.2143    1.2143
    2.0400    1.1658    1.1658
    2.0450    1.3005    1.3005
    2.0500    1.1933    1.1933
    2.0550    1.3425    1.3426
    2.0600    1.6342    1.6342
    2.0650    1.3965    1.3965
    2.0700    1.2492    1.2492
    2.0750    1.1688    1.1688
    2.0800    1.6538    1.6538
    2.0850    1.3682    1.3682
    2.0900    1.1350    1.1350
    2.0950    1.2509    1.2509
    2.1000    1.0945    1.0945
    2.1050    1.3517    1.3517
    2.1100    1.4021    1.4021
    2.1150    1.3975    1.3975
    2.1200    1.0580    1.0580
    2.1250    1.3258    1.3258
    2.1300    1.4436    1.4436
    2.1350    1.1950    1.1950
    2.1400    1.2817    1.2817
    2.1450    1.3157    1.3157
    2.1500    1.4638    1.4638
    2.1550    1.1949    1.1949
    2.1600    1.3755    1.3755
    2.1650    1.2582    1.2582
    2.1700    1.3054    1.3055
    2.1750    1.3385    1.3385
    2.1800    1.0400    1.0400
    2.1850    1.1768    1.1768
    2.1900    1.1375    1.1375
    2.1950    1.1071    1.1071
    2.2000    0.9299    0.9300
    2.2050    1.3983    1.3984
    2.2100    1.1536    1.1536
    2.2150    1.3911    1.3911
    2.2200    1.3649    1.3650
    2.2250    1.0814    1.0814
    2.2300    1.3301    1.3301
    2.2350    1.3523    1.3523
    2.2400    1.3099    1.3099
    2.2450    1.5002    1.5002
    2.2500    1.3697    1.3697
    2.2550    1.4796    1.4797
    2.2600    1.2896    1.2896
    2.2650    1.1506    1.1506
    2.2700    1.5519    1.5519
    2.2750    1.3341    1.3342
    2.2800    1.4669    1.4669
    2.2850    1.1351    1.1351
    2.2900    1.1830    1.1830
    2.2950    1.2508    1.2508
    2.3000    1.3697    1.3698
    2.3050    1.2460    1.2461
    2.3100    1.3947    1.3947
    2.3150    1.2493    1.2493
    2.3200    1.5658    1.5658
    2.3250    1.0865    1.0865
    2.3300    1.5202    1.5202
    2.3350    1.0698    1.0698
    2.3400    1.4285    1.4286
    2.3450    1.4443    1.4443
    2.3500    1.1880    1.1880
    2.3550    1.9456    1.9456
    2.3600    1.3294    1.3295
    2.3650    1.2674    1.2674
    2.3700    1.9653    1.9653
    2.3750    1.3334    1.3334
    2.3800    1.4603    1.4604
    2.3850    1.5728    1.5729
    2.3900    1.7393    1.7393
    2.3950    1.5904    1.5904
    2.4000    1.5686    1.5686
    2.4050    1.3428    1.3428
    2.4100    1.2899    1.2900
    2.4150    1.4268    1.4268
    2.4200    1.1657    1.1657
    2.4250    1.7929    1.7930
    2.4300    1.7166    1.7167
    2.4350    1.1487    1.1487
    2.4400    1.7167    1.7167
    2.4450    1.3705    1.3705
    2.4500    1.5363    1.5363
    2.4550    1.6955    1.6955
    2.4600    1.3860    1.3860
    2.4650    1.4552    1.4553
    2.4700    1.7406    1.7406
    2.4750    1.5422    1.5423
    2.4800   -1.0000   -1.0000
    2.4850    1.4895    1.4896
    2.4900    1.1997    1.1998
