    0.6500   -1.0000   -1.0000         0
    0.6550   -1.0000   -1.0000         0
    0.6600   -1.0000   -1.0000         0
    0.6650   -1.0000   -1.0000         0
    0.6700   -1.0000   -1.0000         0
    0.6750   -1.0000   -1.0000         0
    0.6800   -1.0000   -1.0000         0
    0.6850   -1.0000   -1.0000         0
    0.6900   -1.0000   -1.0000         0
    0.6950   -1.0000   -1.0000         0
    0.7000   -1.0000   -1.0000         0
    0.7050   -1.0000   -1.0000         0
    0.7100   -1.0000   -1.0000         0
    0.7150   -1.0000   -1.0000         0
    0.7200   -1.0000   -1.0000         0
    0.7250   -1.0000   -1.0000         0
    0.7300   -1.0000   -1.0000         0
    0.7350   -1.0000   -1.0000         0
    0.7400   -1.0000   -1.0000         0
    0.7450   -1.0000   -1.0000         0
    0.7500   -1.0000   -1.0000         0
    0.7550   -1.0000   -1.0000         0
    0.7600   -1.0000   -1.0000         0
    0.7650   -1.0000   -1.0000         0
    0.7700   -1.0000   -1.0000         0
    0.7750   -1.0000   -1.0000         0
    0.7800   -1.0000   -1.0000         0
    0.7850   -1.0000   -1.0000         0
    0.7900   -1.0000   -1.0000         0
    0.7950   -1.0000   -1.0000         0
    0.8000   -1.0000   -1.0000         0
    0.8050   -1.0000   -1.0000         0
    0.8100    1.0531    0.0557         4
    0.8150    1.0271    0.0534         4
    0.8200    1.0033    0.0472         4
    0.8250    1.0117    0.0419         4
    0.8300    1.0212    0.0422         4
    0.8350    0.9949    0.0431         4
    0.8400    0.9874    0.0422         4
    0.8450    0.9665    0.0426         4
    0.8500    0.9571    0.0401         4
    0.8550    0.9482    0.0433         4
    0.8600    0.9100    0.0433         4
    0.8650    0.9438    0.0452         4
    0.8700    0.9487    0.0440         4
    0.8750    0.8874    0.0464         4
    0.8800    0.8583    0.0397         3
    0.8850    0.8919    0.0397         4
    0.8900    0.9235    0.0365         4
    0.8950    0.9741    0.0373         4
    0.9000    0.9586    0.0349         4
    0.9050    0.9213    0.0344         4
    0.9100    0.9291    0.0334         4
    0.9150    0.9034    0.0348         4
    0.9200    0.9263    0.0333         4
    0.9250    0.9529    0.0338         4
    0.9300    0.9086    0.0339         4
    0.9350    0.8885    0.0349         4
    0.9400    0.9273    0.0347         4
    0.9450    0.9810    0.0348         4
    0.9500    0.9572    0.0354         4
    0.9550    0.9374    0.0317         4
    0.9600    0.9422    0.0333         4
    0.9650    0.9141    0.0309         4
    0.9700    0.9141    0.0321         4
    0.9750    0.9653    0.0343         4
    0.9800    0.9829    0.0325         4
    0.9850    0.9726    0.0373         4
    0.9900    0.9493    0.0301         4
    0.9950    0.9311    0.0302         4
    1.0000    0.9652    0.0297         4
    1.0050    0.9668    0.0343         4
    1.0100    0.9389    0.0307         4
    1.0150    0.9589    0.0307         4
    1.0200    0.9967    0.0295         4
    1.0250    1.0127    0.0300         4
    1.0300    1.0083    0.0300         4
    1.0350    0.9853    0.0291         4
    1.0400    1.0212    0.0316         4
    1.0450    1.0038    0.0291         4
    1.0500    0.9771    0.0302         4
    1.0550    0.9930    0.0308         4
    1.0600    0.9809    0.0331         4
    1.0650    1.0054    0.0304         4
    1.0700    1.0346    0.0310         4
    1.0750    1.0080    0.0308         4
    1.0800    0.9906    0.0304         4
    1.0850    1.0369    0.0318         4
    1.0900    1.0367    0.0286         4
    1.0950    1.0155    0.0310         4
    1.1000    1.0473    0.0319         4
    1.1050    0.9962    0.0351         4
    1.1100    0.9763    0.0305         4
    1.1150    1.0338    0.0302         4
    1.1200    1.0376    0.0330         4
    1.1250    1.0656    0.0366         4
    1.1300    1.0715    0.0398         4
    1.1350    1.0473    0.0375         4
    1.1400    1.0655    0.0370         4
    1.1450    1.0800    0.0346         4
    1.1500    1.1093    0.0368         4
    1.1550    1.0912    0.0358         4
    1.1600    0.9973    0.0351         4
    1.1650   -1.0000   -1.0000         0
    1.1700    1.0628    0.0401         4
    1.1750    1.0560    0.0305         4
    1.1800    1.0543    0.0328         4
    1.1850    1.0700    0.0332         4
    1.1900    1.0613    0.0335         4
    1.1950    1.0798    0.0320         4
    1.2000    1.0885    0.0355         4
    1.2050    1.0807    0.0374         4
    1.2100    1.0628    0.0336         4
    1.2150    1.0728    0.0330         4
    1.2200    1.1169    0.0335         4
    1.2250    1.1298    0.0355         4
    1.2300    1.0813    0.0348         4
    1.2350    1.0798    0.0386         4
    1.2400    1.1636    0.0398         4
    1.2450    1.1510    0.0379         4
    1.2500    1.0613    0.0319         4
    1.2550   -1.0000   -1.0000         0
    1.2600    1.0898    0.0394         4
    1.2650    1.1308    0.0360         4
    1.2700    1.1465    0.0359         4
    1.2750    1.1822    0.0353         4
    1.2800    1.2024    0.0348         4
    1.2850    1.1875    0.0337         3
    1.2900    1.1100    0.0338         4
    1.2950    1.0579    0.0382         1
    1.3000    1.1175    0.0351         4
    1.3050    1.1082    0.0410         4
    1.3100    1.1369    0.0335         4
    1.3150    1.1815    0.0333         3
    1.3200    1.1115    0.0315         4
    1.3250    1.0709    0.0339         4
    1.3300    1.1074    0.0359         4
    1.3350    1.0936    0.0372         4
    1.3400    1.1069    0.0359         4
    1.3450    1.1286    0.0417         2
    1.3500    1.0989    0.0463         2
    1.3550    1.1001    0.0607         4
    1.3600    1.1592    0.0607         4
    1.3650    1.1470    0.0643         4
    1.3700    1.1858    0.0648         4
    1.3750    1.2565    0.0752         4
    1.3800    1.1704    0.0638         4
    1.3850    1.1387    0.0679         2
    1.3900    1.3093    0.0683         2
    1.3950    1.1637    0.0541         4
    1.4000    1.1789    0.0514         2
    1.4050    1.2066    0.0568         3
    1.4100    1.2787    0.0503         4
    1.4150    1.1636    0.0443         4
    1.4200    1.1013    0.0503         2
    1.4250    1.1816    0.0433         2
    1.4300    1.2277    0.0425         4
    1.4350    1.2389    0.0423         4
    1.4400    1.1617    0.0432         4
    1.4450    1.1991    0.0371         2
    1.4500    1.1858    0.0387         4
    1.4550    1.2151    0.0398         4
    1.4600    1.3013    0.0472         3
    1.4650    1.2914    0.0437         2
    1.4700    1.2277    0.0431         4
    1.4750    1.2600    0.0427         4
    1.4800    1.3080    0.0415         4
    1.4850    1.2816    0.0391         4
    1.4900    1.2703    0.0396         4
    1.4950    1.2144    0.0399         4
    1.5000    1.1684    0.0402         2
    1.5050    1.2564    0.0401         4
    1.5100    1.3559    0.0419         4
    1.5150    1.2951    0.0385         4
    1.5200    1.2711    0.0353         4
    1.5250    1.2929    0.0408         4
    1.5300    1.2817    0.0380         4
    1.5350    1.3078    0.0401         4
    1.5400    1.3586    0.0398         4
    1.5450    1.3110    0.0409         4
    1.5500    1.2531    0.0383         4
    1.5550    1.2329    0.0383         4
    1.5600    1.2490    0.0391         4
    1.5650    1.2666    0.0373         4
    1.5700    1.2407    0.0363         4
    1.5750    1.2758    0.0403         4
    1.5800    1.3370    0.0426         4
    1.5850    1.3187    0.0397         4
    1.5900    1.3523    0.0419         4
    1.5950    1.3214    0.0388         4
    1.6000    1.2526    0.0405         4
    1.6050    1.2682    0.0422         4
    1.6100    1.2910    0.0393         4
    1.6150    1.3198    0.0492         4
    1.6200    1.2653    0.0398         4
    1.6250    1.2691    0.0469         4
    1.6300    1.2783    0.0393         4
    1.6350    1.1814    0.0386         4
    1.6400    1.0803    0.0342         4
    1.6450    1.0746    0.0378         4
    1.6500    1.1503    0.0395         4
    1.6550    1.1732    0.0386         4
    1.6600    1.1738    0.0421         4
    1.6650    1.1567    0.0402         4
    1.6700    1.1068    0.0410         4
    1.6750    1.1215    0.0417         4
    1.6800    1.1766    0.0408         4
    1.6850    1.1330    0.0421         4
    1.6900    1.1160    0.0420         4
    1.6950    1.2495    0.0435         4
    1.7000    1.3310    0.0429         4
    1.7050    1.2561    0.0416         4
    1.7100    1.1277    0.0382         4
    1.7150    1.1737    0.0435         4
    1.7200    1.3126    0.0454         4
    1.7250    1.3190    0.0436         4
    1.7300    1.2385    0.0422         4
    1.7350    1.2277    0.0474         4
    1.7400    1.2662    0.0488         4
    1.7450    1.2656    0.0474         4
    1.7500    1.2692    0.0494         4
    1.7550    1.2585    0.0457         4
    1.7600    1.2537    0.0484         4
    1.7650    1.3594    0.0494         4
    1.7700    1.2761    0.0485         4
    1.7750    1.1084    0.0464         4
    1.7800    1.1369    0.0454         4
    1.7850    1.1857    0.0447         4
    1.7900    1.1760    0.0439         4
    1.7950    1.1298    0.0457         4
    1.8000    1.1041    0.0486         4
    1.8050    1.0394    0.0475         4
    1.8100    1.0011    0.0508         4
    1.8150    1.1117    0.0582         4
    1.8200    1.2316    0.0622         4
    1.8250    1.3432    0.0711         4
    1.8300    1.2326    0.0700         3
    1.8350    1.1252    0.0724         4
    1.8400    1.0868    0.0923         4
    1.8450    1.3201    0.1218         4
    1.8500    1.3004    0.0962         4
    1.8550    1.1841    0.1023         4
    1.8600    1.1997    0.0861         4
    1.8650    1.1215    0.0963         4
    1.8700    1.2550    0.1278         4
    1.8750    1.0727    0.0957         2
    1.8800    0.9323    0.1134         1
    1.8850    1.2627    0.1072         3
    1.8900    1.1401    0.0779         4
    1.8950    1.1568    0.0767         4
    1.9000    1.1860    0.0862         4
    1.9050    1.2248    0.0969         4
    1.9100    1.1291    0.0882         4
    1.9150    1.0103    0.0920         1
    1.9200    1.2225    0.1012         3
    1.9250    1.1802    0.0813         4
    1.9300    1.0443    0.0790         4
    1.9350    1.1295    0.0797         4
    1.9400    1.1285    0.0729         4
    1.9450    1.1988    0.0840         4
    1.9500    1.2807    0.0765         4
    1.9550    1.2164    0.0803         4
    1.9600    1.1181    0.0772         4
    1.9650    1.1543    0.0779         4
    1.9700    1.2983    0.0813         3
    1.9750    1.3623    0.0694         3
    1.9800    1.2882    0.0723         4
    1.9850    1.1608    0.0606         4
    1.9900    1.1544    0.0641         4
    1.9950    1.2815    0.0667         4
    2.0000    1.3645    0.0746         3
    2.0050    1.1863    0.0830         3
    2.0100    1.2382    0.1035         4
    2.0150    1.2472    0.0941         1
    2.0200    1.1546    0.0865         4
    2.0250    1.0130    0.0935         4
    2.0300    1.3221    0.0837         3
    2.0350    1.3441    0.0742         3
    2.0400    1.2390    0.0543         4
    2.0450    1.1894    0.0637         4
    2.0500    1.2581    0.0654         4
    2.0550    1.1859    0.0761         4
    2.0600    1.2706    0.0856         4
    2.0650    1.3197    0.0719         4
    2.0700    1.1816    0.0725         4
    2.0750    1.1608    0.0748         4
    2.0800    1.1153    0.0687         4
    2.0850    1.0514    0.0634         4
    2.0900    1.1355    0.0654         4
    2.0950    1.1824    0.0607         4
    2.1000    1.1686    0.0648         4
    2.1050    1.2261    0.0644         4
    2.1100    1.2385    0.0661         4
    2.1150    1.2048    0.0607         4
    2.1200    1.1847    0.0642         4
    2.1250    1.1682    0.0675         4
    2.1300    1.2341    0.0678         4
    2.1350    1.3011    0.0750         4
    2.1400    1.2930    0.0707         4
    2.1450    1.2662    0.0732         4
    2.1500    1.2293    0.0722         4
    2.1550    1.2705    0.0740         4
    2.1600    1.3474    0.0807         4
    2.1650    1.3158    0.0698         4
    2.1700    1.3302    0.0923         4
    2.1750    1.3592    0.0752         4
    2.1800    1.1871    0.0678         4
    2.1850    1.0528    0.0691         4
    2.1900    1.0787    0.0860         3
    2.1950    1.1743    0.0798         4
    2.2000    1.2531    0.0823         4
    2.2050    1.2866    0.0840         4
    2.2100    1.3378    0.0953         4
    2.2150    1.4297    0.0879         4
    2.2200    1.3361    0.0743         4
    2.2250    1.1111    0.0729         4
    2.2300    1.0611    0.0843         3
    2.2350    1.2041    0.0840         4
    2.2400    1.2985    0.0955         4
    2.2450    1.2945    0.0873         4
    2.2500    1.2613    0.0799         4
    2.2550    1.1841    0.0818         4
    2.2600    1.3000    0.1033         4
    2.2650    1.3429    0.0890         4
    2.2700    1.1828    0.0836         4
    2.2750    1.1615    0.0865         4
    2.2800    1.1689    0.0813         4
    2.2850    1.0691    0.0832         4
    2.2900    1.0964    0.0847         4
    2.2950    1.1840    0.0909         4
    2.3000    1.2347    0.0946         4
    2.3050    1.2764    0.0958         4
    2.3100    1.2938    0.0889         4
    2.3150    1.2263    0.0956         4
    2.3200    1.2501    0.1004         4
    2.3250    1.2526    0.0889         1
    2.3300    1.3973    0.0927         1
    2.3350    1.2472    0.0892         4
    2.3400    1.1923    0.1098         1
    2.3450   -1.0000   -1.0000         0
    2.3500    1.1610    0.0991         3
    2.3550    1.1504    0.0978         4
    2.3600    1.1781    0.0982         4
    2.3650    1.2429    0.1082         4
    2.3700    1.2566    0.1031         1
    2.3750    1.3641    0.1004         1
    2.3800   -1.0000   -1.0000         0
    2.3850    1.2305    0.1106         3
    2.3900    1.2045    0.1028         1
    2.3950   -1.0000   -1.0000         0
    2.4000    1.3252    0.1014         3
    2.4050    1.2684    0.1030         4
    2.4100    1.3861    0.1153         4
    2.4150    1.4185    0.1094         1
    2.4200   -1.0000   -1.0000         0
    2.4250    1.3630    0.1044         3
    2.4300    1.3059    0.1182         4
    2.4350    1.4552    0.1118         4
    2.4400    1.5427    0.0996         1
    2.4450    1.1996    0.0964         1
    2.4500   -1.0000   -1.0000         0
    2.4550    1.2950    0.1067         1
    2.4600    1.3253    0.1105         1
    2.4650    1.4313    0.1039         1
    2.4700   -1.0000   -1.0000         0
    2.4750    1.5537    0.1120         1
    2.4800   -1.0000   -1.0000         0
    2.4850    1.9337    0.1354         1
    2.4900    2.0897    0.1304         1
