    0.6500   -1.0000   -1.0000         0
    0.6550   -1.0000   -1.0000         0
    0.6600   -1.0000   -1.0000         0
    0.6650   -1.0000   -1.0000         0
    0.6700   -1.0000   -1.0000         0
    0.6750   -1.0000   -1.0000         0
    0.6800    0.9345    0.1215         5
    0.6850    0.9023    0.0956         5
    0.6900    0.9953    0.0777         5
    0.6950    0.9880    0.0654         5
    0.7000    0.9108    0.0549         5
    0.7050    0.9971    0.0505         5
    0.7100    1.0087    0.0475         5
    0.7150    0.9871    0.0435         5
    0.7200    0.8741    0.0400         5
    0.7250    0.9257    0.0387         5
    0.7300    1.0322    0.0379         5
    0.7350    1.0004    0.0381         5
    0.7400    0.9991    0.0343         5
    0.7450    0.9541    0.0325         5
    0.7500   -1.0000   -1.0000         0
    0.7550   -1.0000   -1.0000         0
    0.7600   -1.0000   -1.0000         0
    0.7650    0.9765    0.0324         2
    0.7700    0.9830    0.0300         5
    0.7750    0.9090    0.0279         5
    0.7800    0.9847    0.0282         5
    0.7850    0.9641    0.0278         5
    0.7900    1.0217    0.0277         5
    0.7950    0.9388    0.0261         5
    0.8000    0.9627    0.0257         5
    0.8050    0.9658    0.0264         5
    0.8100    0.9874    0.0270         5
    0.8150    0.9824    0.0260         5
    0.8200    1.0182    0.0301         5
    0.8250    0.9477    0.0259         5
    0.8300    0.9574    0.0265         5
    0.8350    0.9802    0.0260         5
    0.8400    0.9408    0.0254         5
    0.8450    0.9452    0.0249         5
    0.8500    0.9683    0.0245         5
    0.8550    0.9843    0.0254         5
    0.8600    1.0128    0.0259         5
    0.8650    0.9999    0.0228         5
    0.8700    1.0076    0.0239         5
    0.8750    0.9837    0.0229         5
    0.8800    0.9668    0.0218         5
    0.8850    0.9778    0.0223         5
    0.8900    0.9501    0.0229         5
    0.8950    0.9668    0.0219         5
    0.9000    0.9966    0.0227         5
    0.9050    0.9941    0.0224         5
    0.9100    0.9694    0.0207         5
    0.9150    0.9633    0.0215         5
    0.9200    0.9440    0.0214         5
    0.9250    0.9603    0.0216         5
    0.9300    0.9670    0.0213         5
    0.9350    0.9774    0.0216         5
    0.9400    1.0105    0.0235         5
    0.9450    1.0081    0.0256         5
    0.9500    0.9499    0.0251         5
    0.9550    0.9590    0.0248         5
    0.9600    0.9898    0.0221         5
    0.9650    1.0017    0.0210         5
    0.9700    1.0164    0.0216         5
    0.9750    0.9989    0.0203         5
    0.9800    1.0020    0.0209         5
    0.9850    1.0078    0.0195         5
    0.9900    1.0096    0.0218         5
    0.9950    1.0309    0.0216         5
    1.0000    1.0271    0.0194         5
    1.0050    1.0213    0.0200         5
    1.0100    1.0077    0.0186         5
    1.0150    1.0311    0.0199         5
    1.0200    1.0326    0.0182         5
    1.0250    1.0107    0.0188         5
    1.0300    1.0055    0.0191         5
    1.0350    0.9891    0.0180         5
    1.0400    1.0173    0.0184         5
    1.0450    1.0124    0.0165         5
    1.0500    1.0013    0.0172         5
    1.0550    0.9890    0.0174         5
    1.0600    0.9841    0.0180         5
    1.0650    1.0002    0.0176         5
    1.0700    0.9987    0.0174         5
    1.0750    1.0045    0.0189         5
    1.0800    0.9764    0.0187         5
    1.0850    0.9989    0.0191         5
    1.0900    1.0113    0.0195         5
    1.0950    1.0315    0.0194         5
    1.1000    1.0080    0.0206         5
    1.1050    0.9625    0.0220         5
    1.1100    0.9907    0.0209         5
    1.1150    1.0279    0.0213         5
    1.1200    1.0344    0.0217         5
    1.1250    1.0316    0.0225         5
    1.1300    1.0069    0.0250         5
    1.1350    0.9709    0.0275         5
    1.1400    0.9868    0.0235         5
    1.1450    1.0251    0.0246         5
    1.1500    1.0570    0.0261         5
    1.1550    1.0361    0.0236         5
    1.1600    0.9810    0.0241         5
    1.1650    0.9899    0.0203         5
    1.1700    1.0553    0.0250         5
    1.1750    1.0768    0.0237         5
    1.1800    1.0610    0.0217         5
    1.1850    1.0470    0.0196         5
    1.1900    1.0500    0.0205         5
    1.1950    1.0438    0.0193         5
    1.2000    1.0462    0.0191         5
    1.2050    1.0517    0.0202         5
    1.2100    1.0127    0.0215         5
    1.2150    1.0036    0.0208         5
    1.2200    1.0348    0.0211         5
    1.2250    1.0289    0.0207         5
    1.2300    1.0519    0.0223         5
    1.2350    1.0654    0.0221         5
    1.2400    1.0503    0.0216         5
    1.2450    1.0312    0.0209         5
    1.2500    1.0140    0.0195         5
    1.2550    0.9914    0.0206         5
    1.2600    1.0542    0.0210         5
    1.2650    1.0845    0.0222         5
    1.2700    1.0549    0.0226         5
    1.2750    1.0205    0.0234         5
    1.2800    1.0411    0.0232         5
    1.2850    1.1354    0.0233         3
    1.2900    1.1683    0.0238         3
    1.2950   -1.0000   -1.0000         0
    1.3000    1.0622    0.0231         2
    1.3050    1.0956    0.0213         5
    1.3100    1.0934    0.0228         5
    1.3150    1.0700    0.0231         5
    1.3200    1.0176    0.0260         5
    1.3250    1.0022    0.0212         4
    1.3300    1.0490    0.0250         5
    1.3350    1.0940    0.0218         5
    1.3400    1.0975    0.0239         5
    1.3450    1.1271    0.0280         5
    1.3500    1.1455    0.0318         2
    1.3550    1.0522    0.0475         2
    1.3600    1.0652    0.0647         1
    1.3650    1.1107    0.0971         2
    1.3700    1.1199    0.1086         2
    1.3750    1.0773    0.1225         4
    1.3800    1.0659    0.0935         2
    1.3850    1.0487    0.0498         1
    1.3900    1.0734    0.0948         4
    1.3950   -1.0000   -1.0000         0
    1.4000    1.0250    0.0696         3
    1.4050    1.0165    0.0690         2
    1.4100    1.0511    0.0391         1
    1.4150    1.1156    0.0533         5
    1.4200    1.0271    0.0542         3
    1.4250    1.0215    0.0374         3
    1.4300    1.1172    0.0399         4
    1.4350    1.1508    0.0385         4
    1.4400    1.1308    0.0356         5
    1.4450    1.1060    0.0347         5
    1.4500    1.1459    0.0337         4
    1.4550    1.1598    0.0332         5
    1.4600    1.0988    0.0321         5
    1.4650    1.0414    0.0323         5
    1.4700    1.0843    0.0334         5
    1.4750    1.1736    0.0341         4
    1.4800    1.1796    0.0327         5
    1.4850    1.0949    0.0338         5
    1.4900    1.1111    0.0256         5
    1.4950    1.1474    0.0272         5
    1.5000    1.1168    0.0266         5
    1.5050    1.1078    0.0274         5
    1.5100    1.0296    0.0243         4
    1.5150    1.1312    0.0249         5
    1.5200    1.1921    0.0245         5
    1.5250    1.2088    0.0263         5
    1.5300    1.0750    0.0250         5
    1.5350    1.0490    0.0236         5
    1.5400    1.1127    0.0241         5
    1.5450    1.1608    0.0240         5
    1.5500    1.2004    0.0273         5
    1.5550    1.1821    0.0264         5
    1.5600    1.1125    0.0242         5
    1.5650    1.0965    0.0272         5
    1.5700    1.1812    0.0248         5
    1.5750    1.1948    0.0254         5
    1.5800    1.1506    0.0251         5
    1.5850    1.1484    0.0254         5
    1.5900    1.1609    0.0281         5
    1.5950    1.1213    0.0276         5
    1.6000    1.1473    0.0280         5
    1.6050    1.1924    0.0271         5
    1.6100    1.2532    0.0289         5
    1.6150    1.2651    0.0278         5
    1.6200    1.2384    0.0266         5
    1.6250    1.2774    0.0304         5
    1.6300    1.1854    0.0247         5
    1.6350    1.1776    0.0281         5
    1.6400    1.1582    0.0269         5
    1.6450    1.1570    0.0276         5
    1.6500    1.1584    0.0277         5
    1.6550    1.2141    0.0289         5
    1.6600    1.1980    0.0277         5
    1.6650    1.1711    0.0293         5
    1.6700    1.2242    0.0275         5
    1.6750    1.2495    0.0277         5
    1.6800    1.1014    0.0293         5
    1.6850    1.1067    0.0284         5
    1.6900    1.1625    0.0273         5
    1.6950    1.1653    0.0282         5
    1.7000    1.1651    0.0300         5
    1.7050    1.1960    0.0313         5
    1.7100    1.1478    0.0286         5
    1.7150    1.1964    0.0289         5
    1.7200    1.2204    0.0345         5
    1.7250    1.1709    0.0286         5
    1.7300    1.1631    0.0307         5
    1.7350    1.1430    0.0349         5
    1.7400    1.1424    0.0312         5
    1.7450    1.1835    0.0344         5
    1.7500    1.1187    0.0312         5
    1.7550    1.1231    0.0305         5
    1.7600    1.2506    0.0341         5
    1.7650    1.3003    0.0331         5
    1.7700    1.2740    0.0367         5
    1.7750    1.2177    0.0362         5
    1.7800    1.1814    0.0370         5
    1.7850    1.2133    0.0363         5
    1.7900    1.2165    0.0358         5
    1.7950    1.2448    0.0404         5
    1.8000    1.2300    0.0443         5
    1.8050    1.2635    0.0500         5
    1.8100    1.1833    0.0586         5
    1.8150    1.0012    0.0606         5
    1.8200    1.1121    0.0717         5
    1.8250    1.2014    0.0895         5
    1.8300    1.2308    0.1181         5
    1.8350   -1.0000   -1.0000         0
    1.8400    0.8788    0.2096         2
    1.8450   -1.0000   -1.0000         0
    1.8500    0.9436    0.2064         2
    1.8550    1.0044    0.1539         2
    1.8600    1.0320    0.2059         5
    1.8650    1.0280    0.1996         5
    1.8700    1.0512    0.2626         5
    1.8750    0.9435    0.2354         5
    1.8800    1.0282    0.1386         2
    1.8850    0.9557    0.1094         2
    1.8900   -1.0000   -1.0000         0
    1.8950   -1.0000   -1.0000         0
    1.9000    1.0633    0.1243         3
    1.9050    1.1708    0.1868         5
    1.9100    1.1082    0.1910         5
    1.9150    0.9639    0.1486         5
    1.9200    0.9784    0.0860         2
    1.9250    1.0727    0.1017         5
    1.9300    1.0470    0.0905         5
    1.9350    1.0214    0.0746         5
    1.9400    1.0047    0.0759         5
    1.9450    0.9124    0.0599         5
    1.9500    0.9114    0.0593         3
    1.9550    0.9854    0.0682         5
    1.9600    1.0617    0.0627         5
    1.9650    1.1022    0.0638         5
    1.9700    1.1514    0.0551         5
    1.9750    1.1750    0.0483         5
    1.9800    1.0857    0.0479         5
    1.9850    0.9808    0.0470         5
    1.9900    1.0026    0.0407         5
    1.9950    1.1402    0.0457         5
    2.0000    1.2630    0.0605         5
    2.0050    1.2446    0.0754         5
    2.0100    1.2334    0.0948         5
    2.0150    1.1192    0.0701         5
    2.0200    1.0995    0.0570         5
    2.0250    1.1959    0.0671         4
    2.0300    1.2619    0.0525         5
    2.0350    1.2103    0.0496         5
    2.0400    1.0865    0.0449         5
    2.0450    1.0604    0.0467         5
    2.0500    1.0720    0.0459         5
    2.0550    1.1186    0.0549         5
    2.0600    1.1570    0.0513         5
    2.0650    1.0528    0.0511         5
    2.0700    1.0317    0.0478         5
    2.0750    1.1259    0.0488         5
    2.0800    1.1104    0.0498         5
    2.0850    1.0333    0.0454         5
    2.0900    1.0316    0.0454         5
    2.0950    1.0668    0.0439         5
    2.1000    1.0846    0.0441         5
    2.1050    1.1256    0.0464         5
    2.1100    1.1230    0.0453         5
    2.1150    1.1431    0.0471         5
    2.1200    1.1852    0.0499         5
    2.1250    1.1319    0.0488         5
    2.1300    1.0689    0.0501         5
    2.1350    1.0085    0.0454         5
    2.1400    1.0593    0.0430         5
    2.1450    1.0547    0.0458         5
    2.1500    1.0443    0.0488         5
    2.1550    1.0976    0.0522         5
    2.1600    1.1538    0.0509         5
    2.1650    1.1848    0.0537         5
    2.1700    1.2017    0.0506         5
    2.1750    1.1526    0.0531         5
    2.1800    1.1117    0.0569         5
    2.1850    1.1426    0.0518         5
    2.1900    1.1710    0.0541         5
    2.1950    1.1033    0.0522         5
    2.2000    1.0621    0.0581         3
    2.2050    0.9194    0.0491         2
    2.2100    1.0755    0.0578         5
    2.2150    1.1070    0.0557         5
    2.2200    1.1772    0.0572         5
    2.2250    1.2581    0.0575         5
    2.2300    1.2175    0.0579         5
    2.2350    1.1141    0.0535         5
    2.2400    1.0633    0.0534         5
    2.2450    1.0553    0.0567         5
    2.2500    1.0605    0.0554         5
    2.2550    1.0063    0.0543         5
    2.2600    1.0800    0.0594         5
    2.2650    1.1050    0.0630         5
    2.2700    1.0440    0.0609         5
    2.2750    1.0369    0.0613         5
    2.2800    1.0841    0.0613         5
    2.2850    1.0694    0.0594         5
    2.2900    0.9992    0.0577         5
    2.2950    1.0602    0.0586         5
    2.3000    1.0776    0.0601         5
    2.3050    1.1244    0.0617         5
    2.3100    1.2629    0.0692         5
    2.3150    1.2735    0.0667         5
    2.3200    1.1580    0.0687         5
    2.3250    1.0256    0.0630         5
    2.3300    1.0574    0.0592         5
    2.3350    1.2330    0.0700         5
    2.3400    1.2638    0.0702         5
    2.3450    1.2625    0.0730         5
    2.3500    1.3352    0.0751         5
    2.3550    1.2533    0.0729         5
    2.3600    1.3013    0.0761         3
    2.3650    1.4749    0.0883         1
    2.3700    1.1294    0.0676         2
    2.3750    1.3725    0.0881         3
    2.3800    1.2875    0.0789         2
    2.3850   -1.0000   -1.0000         0
    2.3900   -1.0000   -1.0000         0
    2.3950    1.1295    0.0943         3
    2.4000    1.0972    0.0786         2
    2.4050    1.1311    0.0854         4
    2.4100    1.1923    0.0880         4
    2.4150    1.1516    0.0900         2
    2.4200    1.1271    0.0807         4
    2.4250    0.9700    0.0874         5
    2.4300    1.0668    0.0818         5
    2.4350    1.1233    0.0962         5
    2.4400    1.0466    0.0897         5
    2.4450   -1.0000   -1.0000         0
    2.4500   -1.0000   -1.0000         0
    2.4550   -1.0000   -1.0000         0
    2.4600    1.0891    0.0845         1
    2.4650   -1.0000   -1.0000         0
    2.4700    1.0636    0.1078         2
    2.4750    1.1589    0.0985         2
    2.4800    1.0524    0.1160         1
    2.4850    1.1374    0.1347         4
    2.4900   -1.0000   -1.0000         0
