    0.8200    0.9023    0.0139         4
    0.8250    0.9016    0.0136         4
    0.8300    0.9011    0.0141         4
    0.8350    0.9074    0.0154         4
    0.8400    0.9067    0.0134         4
    0.8450    0.8978    0.0134         4
    0.8500    0.8978    0.0135         4
    0.8550    0.9026    0.0145         4
    0.8600    0.8994    0.0133         4
    0.8650    0.8982    0.0140         4
    0.8700    0.9005    0.0140         4
    0.8750    0.9035    0.0147         4
    0.8800    0.9044    0.0132         4
    0.8850    0.9001    0.0122         4
    0.8900    0.9113    0.0117         4
    0.8950    0.9204    0.0125         4
    0.9000    0.9101    0.0125         4
    0.9050    0.9224    0.0116         4
    0.9100    0.9291    0.0114         4
    0.9150    0.9210    0.0124         4
    0.9200    0.9253    0.0115         4
    0.9250    0.9213    0.0133         4
    0.9300    0.9117    0.0124         4
    0.9350    0.9179    0.0124         4
    0.9400    0.9217    0.0121         4
    0.9450    0.9224    0.0117         4
    0.9500    0.9196    0.0114         4
    0.9550    0.9294    0.0117         4
    0.9600    0.9341    0.0112         4
    0.9650    0.9464    0.0106         4
    0.9700    0.9504    0.0103         3
    0.9750    0.9469    0.0103         4
    0.9800    0.9385    0.0101         4
    0.9850    0.9449    0.0102         4
    0.9900    0.9420    0.0104         4
    0.9950    0.9448    0.0103         4
    1.0000    0.9501    0.0111         4
    1.0050    0.9538    0.0107         4
    1.0100    0.9644    0.0100         4
    1.0150    0.9700    0.0110         4
    1.0200    0.9558    0.0108         4
    1.0250    0.9609    0.0100         4
    1.0300    0.9603    0.0095         4
    1.0350    0.9523    0.0093         4
    1.0400    0.9673    0.0103         4
    1.0450    0.9683    0.0110         4
    1.0500    0.9600    0.0106         4
    1.0550    0.9636    0.0112         4
    1.0600    0.9527    0.0093         3
    1.0650    0.9630    0.0118         4
    1.0700    0.9797    0.0109         4
    1.0750    0.9764    0.0100         4
    1.0800    0.9809    0.0098         4
    1.0850    0.9704    0.0105         4
    1.0900    0.9688    0.0108         4
    1.0950    0.9743    0.0093         4
    1.1000    0.9800    0.0097         4
    1.1050    0.9898    0.0096         4
    1.1100    0.9810    0.0094         4
    1.1150    0.9932    0.0102         4
    1.1200    0.9890    0.0102         4
    1.1250    0.9783    0.0109         4
    1.1300    0.9742    0.0114         3
    1.1350    0.9800    0.0109         4
    1.1400    0.9921    0.0098         4
    1.1450    1.0027    0.0101         4
    1.1500    0.9932    0.0107         4
    1.1550    0.9884    0.0095         4
    1.1600    0.9994    0.0104         4
    1.1650    1.0010    0.0096         4
    1.1700    1.0069    0.0097         4
    1.1750    0.9959    0.0091         4
    1.1800    1.0001    0.0087         4
    1.1850    0.9954    0.0087         4
    1.1900    0.9981    0.0083         4
    1.1950    1.0013    0.0087         4
    1.2000    1.0027    0.0089         4
    1.2050    0.9950    0.0094         4
    1.2100    0.9992    0.0089         4
    1.2150    1.0032    0.0098         4
    1.2200    1.0014    0.0094         4
    1.2250    1.0034    0.0091         4
    1.2300    0.9995    0.0091         4
    1.2350    0.9933    0.0108         4
    1.2400    1.0041    0.0098         4
    1.2450    1.0106    0.0091         4
    1.2500    1.0185    0.0084         4
    1.2550    1.0089    0.0093         4
    1.2600    1.0027    0.0086         4
    1.2650    1.0122    0.0096         4
    1.2700    0.9918    0.0097         2
    1.2750    1.0052    0.0098         4
    1.2800    1.0094    0.0089         4
    1.2850    1.0143    0.0088         4
    1.2900    1.0206    0.0086         4
    1.2950    1.0221    0.0098         4
    1.3000    1.0259    0.0110         4
    1.3050    1.0245    0.0106         4
    1.3100    1.0212    0.0103         4
    1.3150    1.0174    0.0095         4
    1.3200    1.0170    0.0088         4
    1.3250    1.0128    0.0099         4
    1.3300    1.0051    0.0102         3
    1.3350    1.0207    0.0095         4
    1.3400    1.0271    0.0094         4
    1.3450    1.0222    0.0117         4
    1.3500    1.0272    0.0110         4
    1.3550    1.0209    0.0120         3
    1.3600    1.0230    0.0128         4
    1.3650    1.0189    0.0142         3
    1.3700    1.0230    0.0140         4
    1.3750    1.0133    0.0150         3
    1.3800    1.0199    0.0140         3
    1.3850    1.0233    0.0147         4
    1.3900    1.0305    0.0130         4
    1.3950    1.0340    0.0152         2
    1.4000    1.0263    0.0139         4
    1.4050    1.0249    0.0123         4
    1.4100    1.0341    0.0125         4
    1.4150    1.0386    0.0138         3
    1.4200    1.0376    0.0116         3
    1.4250    1.0268    0.0119         4
    1.4300    1.0180    0.0114         4
    1.4350    1.0405    0.0116         3
    1.4400    1.0256    0.0113         4
    1.4450    1.0403    0.0116         3
    1.4500    1.0337    0.0105         4
    1.4550    1.0249    0.0112         4
    1.4600    1.0204    0.0110         4
    1.4650    1.0163    0.0126         4
    1.4700    1.0285    0.0111         4
    1.4750    1.0185    0.0109         4
    1.4800    1.0113    0.0121         1
    1.4850    1.0278    0.0112         4
    1.4900    1.0372    0.0106         4
    1.4950    1.0305    0.0105         4
    1.5000    1.0188    0.0119         4
    1.5050    1.0245    0.0118         4
    1.5100    1.0354    0.0132         4
    1.5150    1.0257    0.0111         4
    1.5200    1.0291    0.0115         4
    1.5250    1.0347    0.0103         4
    1.5300    1.0174    0.0127         4
    1.5350    1.0125    0.0110         4
    1.5400    1.0330    0.0113         4
    1.5450    1.0358    0.0122         4
    1.5500    1.0103    0.0118         4
    1.5550    1.0264    0.0116         4
    1.5600    1.0494    0.0108         4
    1.5650    1.0398    0.0118         4
    1.5700    1.0445    0.0122         4
    1.5750    1.0259    0.0109         4
    1.5800    1.0188    0.0138         4
    1.5850    1.0380    0.0110         4
    1.5900    1.0366    0.0133         4
    1.5950    1.0327    0.0136         4
    1.6000    1.0240    0.0124         4
    1.6050    1.0248    0.0121         4
    1.6100    1.0255    0.0138         4
    1.6150    0.9990    0.0141         1
    1.6200    1.0115    0.0113         4
    1.6250    1.0516    0.0114         4
    1.6300    1.0362    0.0113         4
    1.6350    1.0049    0.0139         4
    1.6400    1.0190    0.0127         4
    1.6450    1.0227    0.0116         4
    1.6500    1.0277    0.0149         4
    1.6550    1.0176    0.0133         4
    1.6600    1.0237    0.0129         4
    1.6650    1.0401    0.0142         4
    1.6700    1.0188    0.0142         4
    1.6750    1.0330    0.0125         4
    1.6800    1.0437    0.0135         4
    1.6850    1.0443    0.0124         4
    1.6900    1.0447    0.0139         4
    1.6950    1.0162    0.0143         4
    1.7000    1.0030    0.0125         4
    1.7050    1.0223    0.0125         4
    1.7100    1.0308    0.0129         4
    1.7150    1.0148    0.0141         4
    1.7200    1.0373    0.0146         4
    1.7250    1.0339    0.0143         4
    1.7300    1.0478    0.0181         4
    1.7350    1.0483    0.0163         4
    1.7400    1.0318    0.0140         4
    1.7450    1.0407    0.0145         4
    1.7500    1.0431    0.0151         4
    1.7550    1.0153    0.0137         4
    1.7600   -1.0000   -1.0000         0
    1.7650    1.0345    0.0143         4
    1.7700    1.0082    0.0161         4
    1.7750    1.0325    0.0141         4
    1.7800    1.0213    0.0149         4
    1.7850    1.0483    0.0163         4
    1.7900    1.0247    0.0145         4
    1.7950   -1.0000   -1.0000         0
    1.8000    1.0110    0.0147         4
    1.8050    1.0440    0.0184         4
    1.8100    1.0018    0.0201         4
    1.8150    1.0548    0.0173         4
    1.8200    1.0533    0.0213         4
    1.8250    1.0161    0.0207         4
    1.8300    1.0635    0.0217         4
    1.8350    1.0591    0.0254         2
    1.8400    1.0260    0.0240         4
    1.8450    1.0239    0.0275         4
    1.8500    1.0285    0.0255         4
    1.8550    1.0494    0.0243         4
    1.8600    1.0479    0.0235         4
    1.8650    1.0315    0.0274         4
    1.8700   -1.0000   -1.0000         0
    1.8750    1.0245    0.0312         4
    1.8800    1.0507    0.0282         4
    1.8850    1.0228    0.0215         4
    1.8900    1.0236    0.0212         4
    1.8950    1.0126    0.0211         4
    1.9000    1.0272    0.0230         4
    1.9050    1.0042    0.0278         4
    1.9100    1.0402    0.0262         4
    1.9150    1.0348    0.0232         4
    1.9200    1.0277    0.0228         4
    1.9250    1.0341    0.0208         4
    1.9300    1.0338    0.0228         4
    1.9350    1.0088    0.0227         4
    1.9400    1.0321    0.0200         4
    1.9450    1.0238    0.0231         4
    1.9500    1.0336    0.0209         4
    1.9550    1.0286    0.0223         4
    1.9600    1.0450    0.0233         4
    1.9650    1.0241    0.0221         4
    1.9700    1.0051    0.0224         4
    1.9750    1.0282    0.0179         4
    1.9800    1.0356    0.0189         4
    1.9850    1.0192    0.0186         4
    1.9900    1.0608    0.0225         4
    1.9950    1.0605    0.0219         3
    2.0000    1.0288    0.0224         4
    2.0050    1.0298    0.0282         1
    2.0100   -1.0000   -1.0000         0
    2.0150    1.0092    0.0254         4
    2.0200    1.0180    0.0252         4
    2.0250    1.0264    0.0244         4
    2.0300    1.0252    0.0199         4
    2.0350    1.0391    0.0219         4
    2.0400    1.0606    0.0208         4
    2.0450    1.0531    0.0188         4
    2.0500    1.0446    0.0191         4
    2.0550    1.0526    0.0207         4
    2.0600    1.0297    0.0253         4
    2.0650    1.0237    0.0234         4
    2.0700    1.0281    0.0201         4
    2.0750    1.0427    0.0200         4
    2.0800    1.0422    0.0204         4
    2.0850    1.0513    0.0218         4
    2.0900    1.0490    0.0185         4
    2.0950    1.0528    0.0186         4
    2.1000    1.0531    0.0182         4
    2.1050    1.0316    0.0195         4
    2.1100    1.0327    0.0198         4
    2.1150    1.0340    0.0195         4
    2.1200    1.0434    0.0191         4
    2.1250    1.0547    0.0224         4
    2.1300    1.0589    0.0216         4
    2.1350    1.0489    0.0208         4
    2.1400    1.0462    0.0216         4
    2.1450    1.0311    0.0212         4
    2.1500    1.0420    0.0222         4
    2.1550    1.0560    0.0208         4
    2.1600    1.0283    0.0217         4
    2.1650    1.0177    0.0220         4
    2.1700    1.0585    0.0199         4
    2.1750    1.0562    0.0220         4
    2.1800    1.0339    0.0199         4
    2.1850    1.0178    0.0222         4
    2.1900    1.0054    0.0231         4
    2.1950    1.0304    0.0231         4
    2.2000    1.0356    0.0229         4
    2.2050   -1.0000   -1.0000         0
    2.2100    1.0315    0.0262         4
    2.2150    1.0392    0.0231         4
    2.2200    1.0083    0.0236         4
    2.2250    1.0060    0.0218         4
    2.2300    1.0071    0.0230         4
    2.2350    1.0519    0.0291         4
    2.2400    1.0528    0.0235         4
    2.2450    1.0083    0.0225         4
    2.2500    1.0083    0.0275         4
    2.2550    1.0426    0.0253         4
    2.2600    1.0199    0.0259         4
    2.2650    1.0353    0.0256         4
    2.2700    1.0292    0.0243         4
    2.2750    1.0352    0.0288         4
    2.2800    1.0347    0.0271         4
    2.2850    1.0582    0.0296         4
    2.2900    1.0104    0.0256         4
    2.2950    1.0452    0.0258         4
    2.3000    1.0301    0.0272         4
    2.3050    1.0423    0.0336         4
    2.3100    1.0758    0.0291         4
    2.3150    1.0230    0.0280         4
    2.3200    1.0568    0.0291         4
    2.3250    1.0518    0.0337         4
    2.3300    1.0241    0.0268         4
    2.3350    1.0671    0.0274         4
    2.3400    1.0755    0.0280         4
    2.3450    1.0476    0.0278         4
    2.3500    1.0144    0.0297         4
    2.3550    1.0170    0.0343         4
    2.3600    1.0292    0.0319         4
    2.3650    1.0352    0.0322         4
    2.3700    1.0319    0.0301         4
    2.3750   -1.0000   -1.0000         0
    2.3800    1.0741    0.0320         2
    2.3850    1.0316    0.0304         4
    2.3900    1.0029    0.0321         2
    2.3950   -1.0000   -1.0000         0
    2.4000    1.0696    0.0320         4
    2.4050    1.0598    0.0303         4
    2.4100   -1.0000   -1.0000         0
    2.4150    1.0847    0.0293         1
    2.4200   -1.0000   -1.0000         0
    2.4250    1.0564    0.0371         4
    2.4300    1.0616    0.0352         4
    2.4350    1.0808    0.0317         2
    2.4400   -1.0000   -1.0000         0
    2.4450    1.0873    0.0342         1
    2.4500    1.0477    0.0348         4
    2.4550    1.0626    0.0320         4
    2.4600   -1.0000   -1.0000         0
    2.4650    1.0489    0.0370         4
    2.4700   -1.0000   -1.0000         0
    2.4750    1.0438    0.0352         4
    2.4800    1.0732    0.0354         2
    2.4850   -1.0000   -1.0000         0
    2.4900    1.0743    0.0484         2
