0.8350 0.98036 0.00227
0.8400 0.98165 0.00226
0.8450 0.98167 0.00282
0.8600 0.97645 0.00260
0.8650 0.97047 0.00216
0.8700 0.96976 0.00212
0.8750 0.96951 0.00208
0.8800 0.96746 0.00215
0.8850 0.96747 0.00203
0.8900 0.96548 0.00191
0.8950 0.96821 0.00205
0.9000 0.96739 0.00195
0.9050 0.96455 0.00223
0.9100 0.96139 0.00214
0.9150 0.95729 0.00208
0.9200 0.95322 0.00216
0.9250 0.94744 0.00230
0.9300 0.94217 0.00219
0.9350 0.93143 0.00221
0.9400 0.92680 0.00211
0.9450 0.91736 0.00210
0.9500 0.91078 0.00200
0.9550 0.90789 0.00196
0.9600 0.90252 0.00189
0.9650 0.89389 0.00188
0.9700 0.88419 0.00201
0.9750 0.87582 0.00192
0.9800 0.86944 0.00183
0.9850 0.86297 0.00170
0.9900 0.85437 0.00166
0.9950 0.84949 0.00178
1.0000 0.84346 0.00173
1.0050 0.84007 0.00167
1.0100 0.83009 0.00159
1.0150 0.82582 0.00171
1.0200 0.82057 0.00162
1.0250 0.81642 0.00157
1.0300 0.81374 0.00161
1.0350 0.81194 0.00151
1.0400 0.80828 0.00174
1.0450 0.80711 0.00179
1.0500 0.80979 0.00161
1.0550 0.80781 0.00161
1.0600 0.80673 0.00156
1.0650 0.80903 0.00156
1.0700 0.81448 0.00154
1.0750 0.81578 0.00154
1.0800 0.82301 0.00159
1.0850 0.82942 0.00160
1.0900 0.83714 0.00161
1.0950 0.84198 0.00177
1.1000 0.85060 0.00176
1.1050 0.86233 0.00175
1.1100 0.87119 0.00183
1.1150 0.88060 0.00197
1.1200 0.89043 0.00194
1.1250 0.89942 0.00199
1.1300 0.90559 0.00178
1.1350 0.91049 0.00189
1.1400 0.91933 0.00186
1.1450 0.92755 0.00185
1.1500 0.93408 0.00178
1.1550 0.93801 0.00178
1.1600 0.94276 0.00174
1.1650 0.95018 0.00166
1.1700 0.95650 0.00159
1.1750 0.96248 0.00160
1.1800 0.96884 0.00159
1.1850 0.97341 0.00165
1.1900 0.97543 0.00162
1.1950 0.98124 0.00164
1.2000 0.98547 0.00159
1.2050 0.99178 0.00154
1.2100 0.99403 0.00158
1.2150 0.99840 0.00161
1.2200 1.00353 0.00159
1.2250 1.01101 0.00164
1.2300 1.01605 0.00163
1.2350 1.01909 0.00166
1.2400 1.02463 0.00169
1.2450 1.02944 0.00174
1.2500 1.03492 0.00167
1.2550 1.04072 0.00170
1.2600 1.04674 0.00171
1.2650 1.05333 0.00184
1.2700 1.05743 0.00193
1.2750 1.06409 0.00199
1.2800 1.07051 0.00195
1.2850 1.08063 0.00171
1.2900 1.09014 0.00182
1.2950 1.09894 0.00177
1.3000 1.10578 0.00183
1.3050 1.11553 0.00196
1.3100 1.12514 0.00192
1.3150 1.13341 0.00183
1.3200 1.14189 0.00198
1.3250 1.15532 0.00204
1.3300 1.16971 0.00204
1.3350 1.17672 0.00209
1.3400 1.19137 0.00227
1.3450 1.20956 0.00252
1.3500 1.24823 0.00331
1.3550 1.22567 0.00385
1.3600 1.29370 0.00526
1.3650 1.26785 0.00459
1.3700 1.25115 0.00387
1.3750 1.28544 0.00494
1.3800 1.27355 0.00398
1.3850 1.28913 0.00367
1.3900 1.29685 0.00413
1.3950 1.30837 0.00376
1.4000 1.32896 0.00392
1.4050 1.33244 0.00356
1.4100 1.34242 0.00391
1.4150 1.35992 0.00359
1.4200 1.37567 0.00359
1.4250 1.38774 0.00294
1.4300 1.39480 0.00300
1.4350 1.40946 0.00280
1.4400 1.41853 0.00276
1.4450 1.42961 0.00301
1.4500 1.44525 0.00288
1.4550 1.45413 0.00284
1.4600 1.46299 0.00291
1.4650 1.48512 0.00285
1.4700 1.49723 0.00284
1.4750 1.50381 0.00270
1.4800 1.51408 0.00273
1.4850 1.52285 0.00270
1.4900 1.53013 0.00264
1.4950 1.53956 0.00269
1.5000 1.54906 0.00270
1.5050 1.55970 0.00275
1.5100 1.57061 0.00261
1.5150 1.58147 0.00257
1.5200 1.59580 0.00304
1.5250 1.60654 0.00262
1.5300 1.61193 0.00286
1.5350 1.62333 0.00266
1.5400 1.63453 0.00281
1.5450 1.64173 0.00284
1.5500 1.65210 0.00293
1.5550 1.66121 0.00262
1.5600 1.66781 0.00281
1.5650 1.66837 0.00288
1.5700 1.67424 0.00286
1.5750 1.67943 0.00302
1.5800 1.68645 0.00300
1.5850 1.68909 0.00292
1.5900 1.69021 0.00325
1.5950 1.69822 0.00295
1.6000 1.70841 0.00300
1.6050 1.71481 0.00298
1.6100 1.71543 0.00318
1.6150 1.71285 0.00305
1.6200 1.72067 0.00312
1.6250 1.72240 0.00297
1.6300 1.73449 0.00310
1.6350 1.73490 0.00305
1.6400 1.73761 0.00302
1.6450 1.73665 0.00307
1.6500 1.74457 0.00327
1.6550 1.74532 0.00316
1.6600 1.74158 0.00310
1.6650 1.74359 0.00328
1.6700 1.74597 0.00325
1.6750 1.74788 0.00323
1.6800 1.74971 0.00316
1.6850 1.75166 0.00317
1.6900 1.74857 0.00319
1.6950 1.74819 0.00325
1.7000 1.74533 0.00354
1.7050 1.74409 0.00351
1.7100 1.74517 0.00321
1.7150 1.74914 0.00336
1.7200 1.74365 0.00324
1.7250 1.75361 0.00345
1.7300 1.75207 0.00359
1.7350 1.75474 0.00351
1.7400 1.74827 0.00351
1.7450 1.75099 0.00349
1.7500 1.75236 0.00346
1.7550 1.75206 0.00360
1.7600 1.74554 0.00348
1.7650 1.74108 0.00360
1.7700 1.73396 0.00336
1.7750 1.74061 0.00346
1.7800 1.74358 0.00381
1.7850 1.74399 0.00375
1.7900 1.73850 0.00389
1.7950 1.73912 0.00406
1.8000 1.73791 0.00458
1.8050 1.73913 0.00484
1.8100 1.73968 0.00495
1.8150 1.74561 0.00541
1.8200 1.74085 0.00542
1.8250 1.73678 0.00623
1.8300 1.72588 0.00699
1.8350 1.73204 0.00821
1.8400 1.73999 0.00847
1.8450 1.73893 0.00704
1.8500 1.74708 0.00701
1.8550 1.74683 0.00737
1.8600 1.72615 0.00763
1.8650 1.71525 0.01000
1.8700 1.72984 0.00876
1.8750 1.73355 0.00812
1.8800 1.72221 0.00930
1.8850 1.71529 0.00721
1.8900 1.72959 0.00624
1.8950 1.72472 0.00797
1.9000 1.74710 0.00888
1.9050 1.73726 0.00762
1.9100 1.72838 0.00769
1.9150 1.72783 0.00751
1.9200 1.72203 0.00687
1.9250 1.72335 0.00645
1.9300 1.72237 0.00617
1.9350 1.72202 0.00506
1.9400 1.72022 0.00503
1.9450 1.71854 0.00507
1.9500 1.70970 0.00528
1.9550 1.71010 0.00524
1.9600 1.69933 0.00518
1.9650 1.70555 0.00540
1.9700 1.70665 0.00508
1.9750 1.70885 0.00490
1.9800 1.70878 0.00436
1.9850 1.70681 0.00430
1.9900 1.69543 0.00511
1.9950 1.69828 0.00657
2.0000 1.69843 0.00616
2.0050 1.68101 0.00710
2.0100 1.68882 0.00720
2.0150 1.70573 0.00608
2.0200 1.69565 0.00601
2.0250 1.69182 0.00519
2.0300 1.70190 0.00443
2.0350 1.70522 0.00464
2.0400 1.70478 0.00493
2.0450 1.69485 0.00493
2.0500 1.70131 0.00527
2.0550 1.70604 0.00501
2.0600 1.70248 0.00476
2.0650 1.71230 0.00466
2.0700 1.70817 0.00468
2.0750 1.70648 0.00477
2.0800 1.70823 0.00438
2.0850 1.70849 0.00424
2.0900 1.70705 0.00421
2.0950 1.70881 0.00421
2.1000 1.71168 0.00432
2.1050 1.70812 0.00430
2.1100 1.70774 0.00454
2.1150 1.70800 0.00438
2.1200 1.71114 0.00450
2.1250 1.71201 0.00442
2.1300 1.71414 0.00450
2.1350 1.71817 0.00464
2.1400 1.71484 0.00443
2.1450 1.71761 0.00492
2.1500 1.71463 0.00474
2.1550 1.71862 0.00488
2.1600 1.72129 0.00470
2.1650 1.72505 0.00476
2.1700 1.72235 0.00468
2.1750 1.72003 0.00477
2.1800 1.72080 0.00480
2.1850 1.71962 0.00481
2.1900 1.71756 0.00481
2.1950 1.71940 0.00507
2.2000 1.72164 0.00509
2.2050 1.72293 0.00506
2.2100 1.72258 0.00511
2.2150 1.72667 0.00500
2.2200 1.72739 0.00504
2.2250 1.73072 0.00526
2.2300 1.72363 0.00525
2.2350 1.72842 0.00531
2.2400 1.72295 0.00534
2.2450 1.72204 0.00513
2.2500 1.72778 0.00517
2.2550 1.72391 0.00515
2.2600 1.72559 0.00523
2.2650 1.73292 0.00567
2.2700 1.72724 0.00567
2.2750 1.73505 0.00549
2.2800 1.72904 0.00541
2.2850 1.73297 0.00553
2.2900 1.73068 0.00562
2.2950 1.73322 0.00562
2.3000 1.73455 0.00578
2.3050 1.73660 0.00605
2.3100 1.73357 0.00564
2.3150 1.73804 0.00595
2.3200 1.73064 0.00595
2.3250 1.71918 0.00641
2.3300 1.72937 0.00779
2.3350 1.73164 0.00643
2.3400 1.73630 0.00591
2.3450 1.73687 0.00641
2.3500 1.73819 0.00604
2.3550 1.74342 0.00642
2.3600 1.74429 0.00613
2.3650 1.74645 0.00620
2.3700 1.74673 0.00650
2.3750 1.74088 0.00667
2.3800 1.74028 0.00649
2.3850 1.74638 0.00659
2.3900 1.74171 0.00663
2.3950 1.74731 0.00645
2.4000 1.75210 0.00680
2.4050 1.76163 0.00635
2.4100 1.75245 0.00649
2.4150 1.75084 0.00699
2.4200 1.75439 0.00716
2.4250 1.75122 0.00659
2.4300 1.76236 0.00721
2.4350 1.76433 0.00695
2.4400 1.76958 0.00637
2.4500 1.75464 0.00830
2.4550 1.76054 0.00771
2.4600 1.76674 0.00702
2.4650 1.75289 0.00723
2.4700 1.74689 0.00764
2.4750 1.77076 0.00653
2.4800 1.76908 0.00748
2.4850 1.77471 0.00773
2.4900 1.75461 0.00917
