    0.6500    -1.0000    -1.0000         0
    0.6550    -1.0000    -1.0000         4
    0.6600    -1.0000    -1.0000         4
    0.6650    -1.0000    -1.0000         4
    0.6700    -1.0000    -1.0000         4
    0.6750    -1.0000    -1.0000         4
    0.6800    -1.0000    -1.0000         4
    0.6850    -1.0000    -1.0000         4
    0.6900    -1.0000    -1.0000         4
    0.6950    -1.0000    -1.0000         4
    0.7000    -1.0000    -1.0000         4
    0.7050    -1.0000    -1.0000         4
    0.7100    -1.0000    -1.0000         4
    0.7150    -1.0000    -1.0000         4
    0.7200    -1.0000    -1.0000         4
    0.7250    -1.0000    -1.0000         4
    0.7300    -1.0000    -1.0000         4
    0.7350    -1.0000    -1.0000         4
    0.7400    -1.0000    -1.0000         4
    0.7450    -1.0000    -1.0000         4
    0.7500    -1.0000    -1.0000         4
    0.7550    -1.0000    -1.0000         4
    0.7600    -1.0000    -1.0000         0
    0.7650     1.2101     0.0340         4
    0.7700     1.2208     0.0347         4
    0.7750     1.2214     0.0307         4
    0.7800     1.1849     0.0301         4
    0.7850     1.1307     0.0280         4
    0.7900     1.1882     0.0282         4
    0.7950     1.1286     0.0275         4
    0.8000     1.1236     0.0297         4
    0.8050     1.2207     0.0343         4
    0.8100     1.1206     0.0281         4
    0.8150     1.1123     0.0272         4
    0.8200     1.1388     0.0333         2
    0.8250     1.0692     0.0315         4
    0.8300     1.0824     0.0310         4
    0.8350     1.1236     0.0293         4
    0.8400     1.0853     0.0297         4
    0.8450     1.0399     0.0267         4
    0.8500     1.0608     0.0289         4
    0.8550     1.1064     0.0264         4
    0.8600     1.1128     0.0262         4
    0.8650     1.1440     0.0273         4
    0.8700     1.1206     0.0261         4
    0.8750     1.0595     0.0293         4
    0.8800     1.0285     0.0247         4
    0.8850     1.0262     0.0302         4
    0.8900     1.0514     0.0259         4
    0.8950     1.0747     0.0236         4
    0.9000     1.0693     0.0228         4
    0.9050     1.0189     0.0243         4
    0.9100     1.0231     0.0280         4
    0.9150     1.0480     0.0277         4
    0.9200     1.0375     0.0258         4
    0.9250     1.0338     0.0241         4
    0.9300     1.0683     0.0272         4
    0.9350     1.0765     0.0246         4
    0.9400     0.9827     0.0253         4
    0.9450     1.0044     0.0299         4
    0.9500     1.0314     0.0245         4
    0.9550     1.0011     0.0271         4
    0.9600     0.9953     0.0228         4
    0.9650     0.9764     0.0239         4
    0.9700     0.9747     0.0269         4
    0.9750     1.0148     0.0233         4
    0.9800     1.0253     0.0234         4
    0.9850     1.0470     0.0258         4
    0.9900     1.0661     0.0256         4
    0.9950     1.0194     0.0223         4
    1.0000     0.9937     0.0239         4
    1.0050     0.9966     0.0217         4
    1.0100     1.0228     0.0211         4
    1.0150     1.0120     0.0207         4
    1.0200     0.9479     0.0262         4
    1.0250     0.9681     0.0221         4
    1.0300     0.9513     0.0224         4
    1.0350     0.9506     0.0259         4
    1.0400     1.0478     0.0229         4
    1.0450     1.0232     0.0216         4
    1.0500     1.0038     0.0201         4
    1.0550     1.0031     0.0210         4
    1.0600     1.0088     0.0220         4
    1.0650     1.0800     0.0270         4
    1.0700     1.0316     0.0247         4
    1.0750     1.0214     0.0294         4
    1.0800     1.0828     0.0270         4
    1.0850     1.1115     0.0247         4
    1.0900     1.1097     0.0253         4
    1.0950     1.0594     0.0223         4
    1.1000     1.0839     0.0267         4
    1.1050     1.1201     0.0265         4
    1.1100     1.0861     0.0274         4
    1.1150     1.0125     0.0278         4
    1.1200     1.0214     0.0299         4
    1.1250     1.0904     0.0260         4
    1.1300     1.0601     0.0296         4
    1.1350     1.0431     0.0331         4
    1.1400     1.0494     0.0284         4
    1.1450     1.0145     0.0269         4
    1.1500     1.0563     0.0262         4
    1.1550     1.1265     0.0309         4
    1.1600     1.1512     0.0290         4
    1.1650     1.0793     0.0277         4
    1.1700     1.0838     0.0276         4
    1.1750     1.1518     0.0301         4
    1.1800     1.1544     0.0249         4
    1.1850     1.1355     0.0254         4
    1.1900     1.1478     0.0244         4
    1.1950     1.1308     0.0253         4
    1.2000     1.1063     0.0248         4
    1.2050     1.0793     0.0242         4
    1.2100     1.0999     0.0298         4
    1.2150     1.0981     0.0272         4
    1.2200     1.0224     0.0303         4
    1.2250     1.0631     0.0259         4
    1.2300     1.1130     0.0271         4
    1.2350     1.0780     0.0310         4
    1.2400     1.0873     0.0280         4
    1.2450     1.1347     0.0273         4
    1.2500     1.1572     0.0297         4
    1.2550     1.1775     0.0290         4
    1.2600     1.1152     0.0270         4
    1.2650     1.1546     0.0280         4
    1.2700     1.1314     0.0300         4
    1.2750     1.0729     0.0309         4
    1.2800     1.1328     0.0278         4
    1.2850     1.2145     0.0298         4
    1.2900     1.1869     0.0246         4
    1.2950     1.1427     0.0273         4
    1.3000     1.2238     0.0278         4
    1.3050     1.2565     0.0257         4
    1.3100     1.2735     0.0282         4
    1.3150     1.2380     0.0282         4
    1.3200     1.1628     0.0304         4
    1.3250     1.1393     0.0277         4
    1.3300     1.1675     0.0273         4
    1.3350     1.2111     0.0272         4
    1.3400     1.2235     0.0319         4
    1.3450     1.2079     0.0297         4
    1.3500     1.1485     0.0367         4
    1.3550     1.2219     0.0511         3
    1.3600     1.2340     0.0607         3
    1.3650     1.2290     0.0665         3
    1.3700     1.2409     0.0639         3
    1.3750     1.2113     0.0615         3
    1.3800     1.2579     0.0609         1
    1.3850     1.2016     0.0549         4
    1.3900     1.1865     0.0527         4
    1.3950     1.2263     0.0530         3
    1.4000     1.2916     0.0612         4
    1.4050     1.2387     0.0519         4
    1.4100     1.2325     0.0469         3
    1.4150     1.2005     0.0463         4
    1.4200     1.1682     0.0478         4
    1.4250     1.1905     0.0363         3
    1.4300     1.2611     0.0376         4
    1.4350     1.2080     0.0439         4
    1.4400     1.2288     0.0371         4
    1.4450     1.2187     0.0355         4
    1.4500     1.2386     0.0311         4
    1.4550     1.2147     0.0325         4
    1.4600     1.1714     0.0317         4
    1.4650     1.2435     0.0354         4
    1.4700     1.2451     0.0331         4
    1.4750     1.2112     0.0349         4
    1.4800     1.1845     0.0334         4
    1.4850     1.2366     0.0302         4
    1.4900     1.2041     0.0310         4
    1.4950     1.2033     0.0327         4
    1.5000     1.2828     0.0337         1
    1.5050     1.3846     0.0306         2
    1.5100     1.3108     0.0267         4
    1.5150     1.2255     0.0260         3
    1.5200     1.1715     0.0250         4
    1.5250     1.2182     0.0300         4
    1.5300     1.2795     0.0291         4
    1.5350     1.2093     0.0298         4
    1.5400     1.1410     0.0266         4
    1.5450     1.2219     0.0278         4
    1.5500     1.3061     0.0266         4
    1.5550     1.2588     0.0272         4
    1.5600     1.2475     0.0273         4
    1.5650     1.3116     0.0275         4
    1.5700     1.3028     0.0280         4
    1.5750     1.2563     0.0293         4
    1.5800     1.2673     0.0330         4
    1.5850     1.2320     0.0286         4
    1.5900     1.2779     0.0304         4
    1.5950     1.3379     0.0296         4
    1.6000     1.2937     0.0265         4
    1.6050     1.2362     0.0267         4
    1.6100     1.1781     0.0296         4
    1.6150     1.2461     0.0290         4
    1.6200     1.3161     0.0286         4
    1.6250     1.2855     0.0245         4
    1.6300     1.2674     0.0274         4
    1.6350     1.2008     0.0287         4
    1.6400     1.1950     0.0298         4
    1.6450     1.2244     0.0280         4
    1.6500     1.2379     0.0321         4
    1.6550     1.2380     0.0294         4
    1.6600     1.2555     0.0306         4
    1.6650     1.2229     0.0272         4
    1.6700     1.2229     0.0303         4
    1.6750     1.2195     0.0288         4
    1.6800     1.2168     0.0301         4
    1.6850     1.2428     0.0300         4
    1.6900     1.2870     0.0296         4
    1.6950     1.3175     0.0301         4
    1.7000     1.2909     0.0281         4
    1.7050     1.2406     0.0296         4
    1.7100     1.2697     0.0273         4
    1.7150     1.3459     0.0346         4
    1.7200     1.2894     0.0299         4
    1.7250     1.2051     0.0319         4
    1.7300     1.1994     0.0315         4
    1.7350     1.2185     0.0296         4
    1.7400     1.2853     0.0323         4
    1.7450     1.2612     0.0299         4
    1.7500     1.2307     0.0316         4
    1.7550     1.2120     0.0329         4
    1.7600     1.2171     0.0335         4
    1.7650     1.2068     0.0353         4
    1.7700     1.1728     0.0334         4
    1.7750     1.1429     0.0311         4
    1.7800     1.1270     0.0357         4
    1.7850     1.1381     0.0342         4
    1.7900     1.1606     0.0358         4
    1.7950     1.1751     0.0358         4
    1.8000     1.1942     0.0471         4
    1.8050     1.2476     0.0469         4
    1.8100     1.2723     0.0491         4
    1.8150     1.2829     0.0610         4
    1.8200     1.2342     0.0553         4
    1.8250     1.1018     0.0581         4
    1.8300     1.1302     0.0783         4
    1.8350     1.2452     0.0916         4
    1.8400     1.2807     0.1039         4
    1.8450     1.2257     0.0988         4
    1.8500     1.0914     0.0968         4
    1.8550     1.1325     0.0961         4
    1.8600     1.1534     0.0903         3
    1.8650     1.1540     0.0912         2
    1.8700     1.1916     0.0826         1
    1.8750     1.3973     0.0908         1
    1.8800     1.2188     0.0912         3
    1.8850     1.0465     0.0667         4
    1.8900     1.1001     0.0720         4
    1.8950     1.2461     0.0844         4
    1.9000     1.2298     0.0863         3
    1.9050     1.1324     0.0838         4
    1.9100     1.0216     0.0864         4
    1.9150     1.1862     0.1001         3
    1.9200     1.0875     0.0636         4
    1.9250     1.0849     0.0718         4
    1.9300     1.0787     0.0635         4
    1.9350     1.1016     0.0544         4
    1.9400     1.1139     0.0530         4
    1.9450     1.1442     0.0530         4
    1.9500     1.1861     0.0543         4
    1.9550     1.1870     0.0549         4
    1.9600     1.1729     0.0626         4
    1.9650     1.1517     0.0550         4
    1.9700     1.1254     0.0510         4
    1.9750     1.0584     0.0422         4
    1.9800     1.0978     0.0453         4
    1.9850     1.1536     0.0421         4
    1.9900     1.1619     0.0403         4
    1.9950     1.2078     0.0477         4
    2.0000     1.2205     0.0551         4
    2.0050     1.0423     0.0566         2
    2.0100     1.0590     0.0749         4
    2.0150     1.2046     0.0619         3
    2.0200     1.2038     0.0749         4
    2.0250     1.1796     0.0528         3
    2.0300     1.2693     0.0522         4
    2.0350     1.2387     0.0469         4
    2.0400     1.2245     0.0433         4
    2.0450     1.2759     0.0431         4
    2.0500     1.2377     0.0518         3
    2.0550     1.2457     0.0568         4
    2.0600     1.2686     0.0502         4
    2.0650     1.2628     0.0505         4
    2.0700     1.2616     0.0495         4
    2.0750     1.3291     0.0502         3
    2.0800     1.3090     0.0546         4
    2.0850     1.2555     0.0472         4
    2.0900     1.2723     0.0487         4
    2.0950     1.2716     0.0432         4
    2.1000     1.2388     0.0455         4
    2.1050     1.2321     0.0439         4
    2.1100     1.2535     0.0523         4
    2.1150     1.2668     0.0447         4
    2.1200     1.1997     0.0480         4
    2.1250     1.1589     0.0430         4
    2.1300     1.2119     0.0489         4
    2.1350     1.2800     0.0476         4
    2.1400     1.3268     0.0518         4
    2.1450     1.2869     0.0466         4
    2.1500     1.1947     0.0479         4
    2.1550     1.1824     0.0465         4
    2.1600     1.1929     0.0602         4
    2.1650     1.1822     0.0562         4
    2.1700     1.2263     0.0504         4
    2.1750     1.2899     0.0524         4
    2.1800     1.2856     0.0508         4
    2.1850     1.2140     0.0479         4
    2.1900     1.2057     0.0487         4
    2.1950     1.2388     0.0486         4
    2.2000     1.2377     0.0494         4
    2.2050     1.2932     0.0532         4
    2.2100     1.3168     0.0508         4
    2.2150     1.2482     0.0469         4
    2.2200     1.2311     0.0579         4
    2.2250     1.2251     0.0462         4
    2.2300     1.2416     0.0488         4
    2.2350     1.3579     0.0583         3
    2.2400     1.4016     0.0528         4
    2.2450     1.3138     0.0538         4
    2.2500     1.1862     0.0649         4
    2.2550     1.1718     0.0501         4
    2.2600     1.2911     0.0557         4
    2.2650     1.3619     0.0602         4
    2.2700     1.3021     0.0558         4
    2.2750     1.2411     0.0558         4
    2.2800     1.2716     0.0650         3
    2.2850     1.4318     0.0580         2
    2.2900     1.3511     0.0602         3
    2.2950     1.2556     0.0585         4
    2.3000     1.2025     0.0654         4
    2.3050     1.2110     0.0613         4
    2.3100     1.2075     0.0549         4
    2.3150     1.2183     0.0587         4
    2.3200     1.2102     0.0604         4
    2.3250     1.2110     0.0559         4
    2.3300     1.2700     0.0609         4
    2.3350     1.3350     0.0642         2
    2.3400     1.3842     0.0677         3
    2.3450     1.3951     0.0707         2
    2.3500     1.5060     0.0740         2
    2.3550    -1.0000    -1.0000         0
    2.3600     1.3934     0.0574         1
    2.3650    -1.0000    -1.0000         0
    2.3700     1.6010     0.0803         1
    2.3750     1.5021     0.0774         3
    2.3800     1.4670     0.0730         2
    2.3850     1.4807     0.0672         4
    2.3900     1.4315     0.0733         4
    2.3950     1.3405     0.0612         4
    2.4000     1.3129     0.0680         4
    2.4050     1.2817     0.0773         2
    2.4100     1.5037     0.0890         3
    2.4150     1.4384     0.0734         4
    2.4200     1.4174     0.0737         3
    2.4250     1.5563     0.0766         4
    2.4300     1.4501     0.0890         1
    2.4350     1.2825     0.0664         1
    2.4400     1.5407     0.1018         1
    2.4450     1.5886     0.1057         2
    2.4500     1.4824     0.0698         1
    2.4550    -1.0000    -1.0000         0
    2.4600    -1.0000    -1.0000         0
    2.4650    -1.0000    -1.0000         0
    2.4700    -1.0000    -1.0000         0
    2.4750    -1.0000    -1.0000         0
    2.4800    -1.0000    -1.0000         0
    2.4850    -1.0000    -1.0000         0
    2.4900    -1.0000    -1.0000         2
