    0.6500    -1.0000    -1.0000         0
    0.6550    -1.0000    -1.0000         4
    0.6600    -1.0000    -1.0000         4
    0.6650    -1.0000    -1.0000         4
    0.6700    -1.0000    -1.0000         4
    0.6750    -1.0000    -1.0000         4
    0.6800    -1.0000    -1.0000         4
    0.6850    -1.0000    -1.0000         4
    0.6900    -1.0000    -1.0000         4
    0.6950    -1.0000    -1.0000         4
    0.7000    -1.0000    -1.0000         4
    0.7050    -1.0000    -1.0000         4
    0.7100    -1.0000    -1.0000         4
    0.7150    -1.0000    -1.0000         4
    0.7200    -1.0000    -1.0000         4
    0.7250    -1.0000    -1.0000         4
    0.7300    -1.0000    -1.0000         4
    0.7350    -1.0000    -1.0000         4
    0.7400    -1.0000    -1.0000         4
    0.7450    -1.0000    -1.0000         4
    0.7500    -1.0000    -1.0000         4
    0.7550    -1.0000    -1.0000         4
    0.7600    -1.0000    -1.0000         0
    0.7650     1.2265     0.0256         4
    0.7700     1.2299     0.0253         4
    0.7750     1.2546     0.0225         4
    0.7800     1.2337     0.0217         4
    0.7850     1.2078     0.0208         4
    0.7900     1.2091     0.0198         4
    0.7950     1.2125     0.0181         4
    0.8000     1.1933     0.0202         4
    0.8050     1.1887     0.0181         4
    0.8100     1.1730     0.0189         4
    0.8150     1.1680     0.0190         4
    0.8200     1.1493     0.0188         4
    0.8250     1.1494     0.0201         4
    0.8300     1.1369     0.0191         4
    0.8350     1.1266     0.0220         4
    0.8400     1.1058     0.0207         4
    0.8450     1.1135     0.0193         4
    0.8500     1.0983     0.0196         4
    0.8550     1.1167     0.0205         3
    0.8600     1.0817     0.0178         3
    0.8650     1.0557     0.0200         4
    0.8700     1.0450     0.0170         4
    0.8750     1.0356     0.0173         4
    0.8800     1.0317     0.0168         4
    0.8850     1.0366     0.0170         4
    0.8900     1.0361     0.0180         4
    0.8950     1.0373     0.0173         4
    0.9000     1.0329     0.0179         4
    0.9050     1.0212     0.0165         4
    0.9100     1.0094     0.0164         4
    0.9150     1.0110     0.0158         4
    0.9200     1.0070     0.0147         4
    0.9250     1.0162     0.0160         4
    0.9300     1.0244     0.0162         4
    0.9350     1.0135     0.0162         4
    0.9400     1.0039     0.0162         4
    0.9450     0.9928     0.0153         4
    0.9500     0.9890     0.0145         4
    0.9550     0.9928     0.0144         4
    0.9600     0.9909     0.0162         4
    0.9650     1.0011     0.0157         4
    0.9700     1.0058     0.0151         4
    0.9750     0.9893     0.0148         4
    0.9800     0.9857     0.0159         4
    0.9850     1.0023     0.0165         4
    0.9900     1.0000     0.0152         4
    0.9950     0.9921     0.0144         4
    1.0000     0.9966     0.0147         4
    1.0050     0.9961     0.0152         4
    1.0100     0.9898     0.0162         4
    1.0150     0.9894     0.0147         4
    1.0200     1.0027     0.0140         4
    1.0250     1.0066     0.0167         4
    1.0300     1.0114     0.0145         4
    1.0350     1.0031     0.0145         4
    1.0400     0.9918     0.0156         4
    1.0450     0.9955     0.0147         4
    1.0500     0.9947     0.0132         4
    1.0550     0.9984     0.0152         4
    1.0600     1.0101     0.0154         4
    1.0650     1.0136     0.0157         4
    1.0700     1.0190     0.0144         4
    1.0750     1.0145     0.0143         4
    1.0800     1.0200     0.0142         4
    1.0850     1.0309     0.0138         4
    1.0900     1.0489     0.0171         4
    1.0950     1.0564     0.0154         4
    1.1000     1.0402     0.0150         4
    1.1050     1.0431     0.0165         4
    1.1100     1.0584     0.0162         4
    1.1150     1.0640     0.0187         3
    1.1200     1.0675     0.0186         1
    1.1250     1.0802     0.0185         3
    1.1300     1.0803     0.0193         4
    1.1350     1.0935     0.0192         4
    1.1400     1.1031     0.0186         4
    1.1450     1.1127     0.0201         4
    1.1500     1.1159     0.0188         4
    1.1550     1.1264     0.0212         2
    1.1600     1.1307     0.0201         4
    1.1650     1.1165     0.0180         4
    1.1700     1.1249     0.0184         4
    1.1750     1.1344     0.0181         4
    1.1800     1.1449     0.0176         4
    1.1850     1.1308     0.0171         4
    1.1900     1.1393     0.0179         4
    1.1950     1.1259     0.0194         4
    1.2000     1.1479     0.0166         4
    1.2050     1.1552     0.0220         4
    1.2100     1.1415     0.0165         4
    1.2150     1.1498     0.0172         4
    1.2200     1.1524     0.0186         4
    1.2250     1.1663     0.0169         4
    1.2300     1.1497     0.0162         4
    1.2350     1.1759     0.0189         4
    1.2400     1.1618     0.0193         4
    1.2450     1.1821     0.0175         4
    1.2500     1.1870     0.0174         4
    1.2550     1.1735     0.0170         4
    1.2600     1.1669     0.0190         4
    1.2650     1.1594     0.0166         4
    1.2700     1.1703     0.0179         4
    1.2750     1.1664     0.0159         4
    1.2800     1.1747     0.0181         4
    1.2850     1.1826     0.0173         4
    1.2900     1.1818     0.0173         4
    1.2950     1.2003     0.0165         4
    1.3000     1.1895     0.0165         4
    1.3050     1.1953     0.0163         4
    1.3100     1.2046     0.0170         4
    1.3150     1.1939     0.0165         4
    1.3200     1.1788     0.0188         4
    1.3250     1.1949     0.0176         4
    1.3300     1.2084     0.0173         4
    1.3350     1.2176     0.0186         4
    1.3400     1.2343     0.0206         3
    1.3450     1.2630     0.0243         3
    1.3500    -1.0000    -1.0000         0
    1.3550    -1.0000    -1.0000         0
    1.3600     1.2333     0.0428         1
    1.3650     1.2439     0.0407         2
    1.3700     1.2373     0.0373         4
    1.3750     1.2820     0.0396         3
    1.3800     1.2432     0.0396         2
    1.3850     1.2970     0.0337         3
    1.3900     1.2742     0.0330         4
    1.3950     1.2861     0.0290         4
    1.4000     1.2481     0.0359         1
    1.4050     1.3535     0.0237         1
    1.4100     1.3128     0.0268         3
    1.4150     1.2680     0.0301         2
    1.4200     1.3259     0.0257         4
    1.4250     1.2956     0.0249         4
    1.4300     1.3154     0.0237         4
    1.4350     1.3154     0.0239         4
    1.4400     1.3241     0.0229         4
    1.4450     1.3523     0.0218         4
    1.4500     1.3339     0.0230         4
    1.4550     1.3317     0.0218         4
    1.4600     1.3646     0.0202         4
    1.4650     1.3246     0.0201         2
    1.4700     1.3408     0.0226         2
    1.4750     1.3862     0.0223         3
    1.4800     1.3583     0.0223         4
    1.4850     1.3690     0.0211         4
    1.4900     1.3683     0.0218         4
    1.4950     1.3625     0.0208         4
    1.5000     1.2920     0.0206         1
    1.5050     1.3985     0.0179         3
    1.5100     1.3483     0.0212         1
    1.5150     1.4275     0.0167         2
    1.5200     1.4116     0.0189         4
    1.5250     1.4063     0.0189         4
    1.5300     1.4251     0.0192         4
    1.5350     1.3964     0.0184         4
    1.5400     1.4163     0.0193         4
    1.5450     1.4306     0.0198         4
    1.5500     1.4200     0.0214         4
    1.5550     1.3964     0.0203         4
    1.5600     1.4176     0.0210         4
    1.5650     1.4268     0.0217         4
    1.5700     1.4339     0.0204         4
    1.5750     1.4010     0.0219         4
    1.5800     1.4099     0.0219         4
    1.5850     1.3939     0.0201         4
    1.5900     1.3801     0.0215         4
    1.5950     1.4448     0.0201         4
    1.6000     1.4272     0.0222         4
    1.6050     1.3893     0.0196         4
    1.6100     1.4230     0.0190         4
    1.6150     1.3946     0.0179         4
    1.6200     1.4114     0.0183         4
    1.6250     1.4226     0.0186         4
    1.6300     1.4318     0.0194         4
    1.6350     1.4141     0.0195         4
    1.6400     1.4043     0.0185         4
    1.6450     1.4064     0.0195         4
    1.6500     1.4298     0.0192         4
    1.6550     1.4366     0.0191         4
    1.6600     1.4154     0.0194         4
    1.6650     1.4132     0.0190         4
    1.6700     1.4084     0.0203         4
    1.6750     1.3866     0.0187         4
    1.6800     1.4047     0.0194         4
    1.6850     1.3922     0.0211         4
    1.6900     1.3910     0.0224         4
    1.6950     1.4326     0.0203         4
    1.7000     1.3869     0.0206         4
    1.7050     1.3758     0.0212         4
    1.7100     1.3958     0.0215         4
    1.7150     1.4106     0.0224         4
    1.7200     1.4054     0.0210         4
    1.7250     1.3879     0.0223         4
    1.7300     1.3990     0.0215         4
    1.7350     1.4015     0.0235         4
    1.7400     1.3953     0.0219         4
    1.7450     1.3664     0.0215         4
    1.7500     1.3592     0.0208         4
    1.7550     1.3509     0.0208         4
    1.7600     1.3819     0.0195         4
    1.7650     1.3736     0.0209         4
    1.7700     1.3548     0.0217         4
    1.7750     1.3775     0.0228         4
    1.7800     1.3743     0.0207         4
    1.7850     1.3633     0.0207         4
    1.7900     1.3716     0.0219         4
    1.7950     1.3994     0.0232         4
    1.8000     1.3722     0.0244         4
    1.8050     1.3516     0.0255         4
    1.8100     1.3266     0.0270         4
    1.8150     1.3897     0.0287         4
    1.8200     1.4235     0.0252         2
    1.8250     1.3574     0.0301         2
    1.8300     1.3731     0.0363         2
    1.8350    -1.0000    -1.0000         0
    1.8400     1.3547     0.0436         4
    1.8450     1.2731     0.0466         3
    1.8500     1.3915     0.0323         1
    1.8550     1.3239     0.0507         3
    1.8600     1.3328     0.0422         2
    1.8650     1.3787     0.0545         3
    1.8700     1.2851     0.0595         2
    1.8750     1.3485     0.0502         2
    1.8800    -1.0000    -1.0000         0
    1.8850     1.3316     0.0306         2
    1.8900     1.3190     0.0349         4
    1.8950     1.3500     0.0430         4
    1.9000     1.3480     0.0452         3
    1.9050     1.4044     0.0475         2
    1.9100     1.4062     0.0523         3
    1.9150     1.3830     0.0435         3
    1.9200     1.3461     0.0428         4
    1.9250     1.3223     0.0381         4
    1.9300     1.3558     0.0340         4
    1.9350     1.3708     0.0350         4
    1.9400     1.3226     0.0288         4
    1.9450     1.3492     0.0297         4
    1.9500     1.3731     0.0310         4
    1.9550     1.3513     0.0321         4
    1.9600     1.3377     0.0308         4
    1.9650     1.3103     0.0301         3
    1.9700     1.3543     0.0300         4
    1.9750     1.3580     0.0304         4
    1.9800     1.3167     0.0250         4
    1.9850     1.3190     0.0249         4
    1.9900     1.3147     0.0265         4
    1.9950     1.3359     0.0254         1
    2.0000     1.3131     0.0389         3
    2.0050     1.3431     0.0406         4
    2.0100     1.3247     0.0403         4
    2.0150     1.3364     0.0383         4
    2.0200     1.3568     0.0355         4
    2.0250     1.4673     0.0454         1
    2.0300     1.3027     0.0259         4
    2.0350     1.2250     0.0290         3
    2.0400     1.3295     0.0338         1
    2.0450     1.2999     0.0295         4
    2.0500     1.2992     0.0296         4
    2.0550     1.3031     0.0306         4
    2.0600     1.2975     0.0276         4
    2.0650     1.3077     0.0279         4
    2.0700     1.3128     0.0284         4
    2.0750     1.3064     0.0263         4
    2.0800     1.2968     0.0268         4
    2.0850     1.3306     0.0261         4
    2.0900     1.3485     0.0273         4
    2.0950     1.3447     0.0254         4
    2.1000     1.3477     0.0269         4
    2.1050     1.3833     0.0261         4
    2.1100     1.3240     0.0257         4
    2.1150     1.3398     0.0267         4
    2.1200     1.3539     0.0260         4
    2.1250     1.3609     0.0264         4
    2.1300     1.3683     0.0265         4
    2.1350     1.3481     0.0268         4
    2.1400     1.3404     0.0271         4
    2.1450     1.3541     0.0282         4
    2.1500     1.3347     0.0278         4
    2.1550     1.3540     0.0265         4
    2.1600     1.3900     0.0275         4
    2.1650     1.3947     0.0296         4
    2.1700     1.4131     0.0301         4
    2.1750     1.3946     0.0288         4
    2.1800     1.3392     0.0264         4
    2.1850     1.3429     0.0288         4
    2.1900     1.3611     0.0296         4
    2.1950     1.3074     0.0306         3
    2.2000     1.4061     0.0273         1
    2.2050     1.3901     0.0310         4
    2.2100     1.3554     0.0280         4
    2.2150     1.3670     0.0285         4
    2.2200     1.4075     0.0289         4
    2.2250     1.3604     0.0305         4
    2.2300     1.3419     0.0267         4
    2.2350     1.3833     0.0334         4
    2.2400     1.4190     0.0291         4
    2.2450     1.3924     0.0280         4
    2.2500     1.3771     0.0278         4
    2.2550     1.4461     0.0299         4
    2.2600     1.4123     0.0313         4
    2.2650     1.3679     0.0327         4
    2.2700     1.3550     0.0314         4
    2.2750     1.4198     0.0276         1
    2.2800     1.3887     0.0316         4
    2.2850     1.4064     0.0334         4
    2.2900     1.4250     0.0334         4
    2.2950     1.4180     0.0313         4
    2.3000     1.3769     0.0341         4
    2.3050     1.3781     0.0341         4
    2.3100     1.3066     0.0374         3
    2.3150     1.3846     0.0350         4
    2.3200     1.3607     0.0365         4
    2.3250     1.3491     0.0349         4
    2.3300     1.3893     0.0301         4
    2.3350     1.4165     0.0328         4
    2.3400     1.3679     0.0334         4
    2.3450     1.4089     0.0336         4
    2.3500     1.4265     0.0368         4
    2.3550     1.3598     0.0330         4
    2.3600     1.4084     0.0389         2
    2.3650     1.5515     0.0349         1
    2.3700     1.3670     0.0327         4
    2.3750     1.4633     0.0404         2
    2.3800     1.4159     0.0332         4
    2.3850     1.4308     0.0341         4
    2.3900     1.4179     0.0362         4
    2.3950     1.4170     0.0369         4
    2.4000     1.3690     0.0366         4
    2.4050     1.3887     0.0372         4
    2.4100     1.4075     0.0393         4
    2.4150     1.3319     0.0367         4
    2.4200     1.3217     0.0354         4
    2.4250     1.2748     0.0362         2
    2.4300     1.3583     0.0373         2
    2.4350     1.3501     0.0369         4
    2.4400     1.3488     0.0401         2
    2.4450     1.3162     0.0331         2
    2.4500     1.3712     0.0421         4
    2.4550     1.3685     0.0402         3
    2.4600     1.3684     0.0362         4
    2.4650     1.3461     0.0375         4
    2.4700     1.3713     0.0402         3
    2.4750    -1.0000    -1.0000         0
    2.4800    -1.0000    -1.0000         0
    2.4850     1.3932     0.0440         4
    2.4900     1.4415     0.0561         2
