4214.21 0.94054 0.01862
4221.67 0.93708 0.01855
4229.13 0.89789 0.01777
4236.59 0.96480 0.01910
4244.05 0.93708 0.01855
4251.51 0.84833 0.01679
4258.97 0.96971 0.01920
4266.43 0.99655 0.01973
4273.89 0.92654 0.01834
4281.35 0.89247 0.01767
4288.81 0.84146 0.01666
4296.27 0.92793 0.01837
4303.73 0.91761 0.01816
4311.19 0.93770 0.01856
4318.65 0.99414 0.01968
4326.12 0.86562 0.01713
4333.58 0.98656 0.01953
4341.04 0.92006 0.01821
4348.50 0.91504 0.01811
4355.96 0.85897 0.01700
4363.42 0.92654 0.01834
4370.88 0.84385 0.01670
4378.34 0.89599 0.01774
4385.80 0.92006 0.01821
4393.26 0.98120 0.01942
4400.72 0.95688 0.01894
4408.18 0.88706 0.01756
4415.64 0.88047 0.01743
4423.10 0.92475 0.01831
4430.56 0.93456 0.01850
4438.02 0.91761 0.01816
4445.48 0.89030 0.01762
4452.94 0.92134 0.01824
4460.41 0.83621 0.01655
4467.87 0.92006 0.01821
4475.33 0.93400 0.01849
4482.79 0.97907 0.01938
4490.25 0.87159 0.01725
4497.71 0.91193 0.01805
4505.17 0.92989 0.01841
4512.63 0.88975 0.01761
4520.09 0.92065 0.01822
4527.55 0.96829 0.01917
4535.01 0.95365 0.01888
4542.47 1.00818 0.01996
4549.93 0.93456 0.01850
4557.39 0.98141 0.01943
4564.85 0.94789 0.01876
4572.31 0.90066 0.01783
4579.77 0.88671 0.01755
4587.23 0.94006 0.01861
4594.70 0.92400 0.01829
4602.16 0.96182 0.01904
4609.62 0.99750 0.01975
4617.08 0.96635 0.01913
4624.54 0.93021 0.01841
4632.00 0.96895 0.01918
4639.46 0.97594 0.01932
4646.92 0.89981 0.01781
4654.38 0.94435 0.01869
4661.84 0.98492 0.01950
4669.30 0.97052 0.01921
4676.76 0.94920 0.01879
4684.22 0.97261 0.01925
4691.68 1.00153 0.01983
4699.14 0.96085 0.01902
4706.60 0.93624 0.01853
4714.06 0.96641 0.01913
4721.52 0.97457 0.01929
4728.98 0.97589 0.01932
4736.45 0.93388 0.01849
4743.91 0.91776 0.01817
4751.37 0.92867 0.01838
4758.83 0.91628 0.01814
4766.29 0.93861 0.01858
4773.75 0.94487 0.01870
4781.21 0.97316 0.01926
4788.67 1.00557 0.01991
4796.13 0.96961 0.01919
4803.59 0.92451 0.01830
4811.05 0.94320 0.01867
4818.51 0.95831 0.01897
4825.97 0.97312 0.01926
4833.43 0.98066 0.01941
4840.89 0.96176 0.01904
4848.35 0.96268 0.01906
4855.81 0.98914 0.01958
4863.27 0.99317 0.01966
4870.74 0.94565 0.01872
4878.20 0.95872 0.01898
4885.66 0.96738 0.01915
4893.12 0.96967 0.01919
4900.58 0.94091 0.01863
4908.04 0.93766 0.01856
4915.50 0.95426 0.01889
4922.96 0.99104 0.01962
4930.42 0.99252 0.01965
4937.88 0.93540 0.01852
4945.34 0.90841 0.01798
4952.80 0.94095 0.01863
4960.26 0.98581 0.01951
4967.72 0.97651 0.01933
4975.18 0.95871 0.01898
4982.64 0.97091 0.01922
4990.10 1.01129 0.02002
4997.56 0.97968 0.01939
5005.03 0.98857 0.01957
5012.49 1.02078 0.02021
5019.95 0.99656 0.01973
5027.41 0.99562 0.01971
5034.87 0.97260 0.01925
5042.33 0.94481 0.01870
5049.79 0.93766 0.01856
5057.25 0.93498 0.01851
5064.71 0.97504 0.01930
5072.17 0.94327 0.01867
5079.63 0.95511 0.01891
5087.09 0.98791 0.01956
5094.55 0.95207 0.01885
5102.01 0.96330 0.01907
5109.47 0.97365 0.01927
5116.93 0.98873 0.01957
5124.39 1.03210 0.02043
5131.85 1.01101 0.02001
5139.32 0.95329 0.01887
5146.78 0.96576 0.01912
5154.24 0.96059 0.01901
5161.70 0.96838 0.01917
5169.16 1.00274 0.01985
5176.62 0.99926 0.01978
5184.08 1.04156 0.02062
5191.54 0.99587 0.01971
5199.00 0.97918 0.01938
5206.46 0.99101 0.01962
5213.92 1.01479 0.02009
5221.38 0.97145 0.01923
5228.84 0.98549 0.01951
5236.30 0.98707 0.01954
5243.76 0.99679 0.01973
5251.22 1.03555 0.02050
5258.68 1.05147 0.02081
5266.14 0.96835 0.01917
5273.60 0.95662 0.01894
5281.07 1.02748 0.02034
5288.53 0.97404 0.01928
5295.99 0.98749 0.01955
5303.45 0.93424 0.01849
5310.91 1.00235 0.01984
5318.37 1.02635 0.02032
5325.83 1.00136 0.01982
5333.29 0.95596 0.01892
5340.75 1.01935 0.02018
5348.21 0.96861 0.01917
5355.67 1.02816 0.02035
5363.13 1.03982 0.02058
5370.59 0.99618 0.01972
5378.05 0.97059 0.01921
5385.51 0.98777 0.01955
5392.97 1.01042 0.02000
5400.43 1.00029 0.01980
5407.90 1.04968 0.02078
5415.36 0.99905 0.01978
5422.82 1.00462 0.01989
5430.28 0.99342 0.01966
5437.74 0.96550 0.01911
5445.20 1.04539 0.02069
5452.66 1.01053 0.02000
5460.12 0.98923 0.01958
5467.58 0.96188 0.01904
5475.04 0.98603 0.01952
5482.50 1.03126 0.02041
5489.96 0.95500 0.01890
5497.42 0.99179 0.01963
5504.88 1.00325 0.01986
5512.34 0.94285 0.01866
5519.80 0.98733 0.01954
5527.26 0.99288 0.01965
5534.72 1.02173 0.02023
5542.19 1.02432 0.02028
5549.65 0.96135 0.01903
5557.11 0.95196 0.01884
5564.57 0.99821 0.01976
5572.03 0.96128 0.01903
5579.49 1.00985 0.01999
5586.95 1.00985 0.01999
5594.41 1.00746 0.01994
5601.87 1.01927 0.02018
5609.33 1.04308 0.02065
5616.79 1.02196 0.02023
5624.25 1.01093 0.02001
5631.71 1.03461 0.02048
5639.17 0.99108 0.01962
5646.63 1.00510 0.01990
5654.09 1.01985 0.02019
5661.55 1.01566 0.02011
5669.01 1.02187 0.02023
5676.48 1.02491 0.02029
5683.94 1.05350 0.02085
5691.40 0.99915 0.01978
5698.86 1.05178 0.02082
5706.32 1.03647 0.02052
5713.78 1.05685 0.02092
5721.24 0.98401 0.01948
5728.70 0.99541 0.01970
5736.16 0.97941 0.01939
5743.62 0.96950 0.01919
5751.08 1.01668 0.02013
5758.54 1.00198 0.01983
5766.00 1.04065 0.02060
5773.46 1.05106 0.02081
5780.92 0.99021 0.01960
5788.38 1.01064 0.02001
5795.84 0.98184 0.01944
5803.30 1.02996 0.02039
5810.76 1.02384 0.02027
5818.23 1.05304 0.02085
5825.69 1.03959 0.02058
5833.15 1.00254 0.01985
5840.61 1.00319 0.01986
5848.07 1.03319 0.02045
5855.53 0.99535 0.01970
5862.99 1.01073 0.02001
5870.45 1.01372 0.02007
5877.91 1.01102 0.02001
5885.37 1.01746 0.02014
5892.83 1.04690 0.02072
5900.29 1.01568 0.02011
5907.75 1.01370 0.02007
5915.21 1.00150 0.01982
5922.67 1.00022 0.01980
5930.13 0.99264 0.01965
5937.59 1.01304 0.02005
5945.05 1.04612 0.02071
5952.52 1.00527 0.01990
5959.98 1.00091 0.01981
5967.44 1.03188 0.02043
5974.90 0.99608 0.01972
5982.36 1.02805 0.02035
5989.82 0.99997 0.01979
5997.28 0.99713 0.01974
6004.74 1.01322 0.02006
6012.20 1.00323 0.01986
6019.66 1.02523 0.02029
6027.12 1.01309 0.02005
6034.58 1.00445 0.01988
6042.04 1.01901 0.02017
6049.50 1.04182 0.02062
6056.96 1.03417 0.02047
6064.42 1.03509 0.02049
6071.88 1.03025 0.02039
6079.34 1.04778 0.02074
6086.81 1.04044 0.02060
6094.27 1.06830 0.02115
6101.73 1.04396 0.02067
6109.19 1.02001 0.02019
6116.65 1.06719 0.02113
6124.11 1.06915 0.02116
6131.57 1.02709 0.02033
6139.03 1.01405 0.02007
6146.49 1.05315 0.02085
6153.95 1.01384 0.02007
6161.41 1.01441 0.02008
6168.87 1.05126 0.02081
6176.33 1.02912 0.02037
6183.79 1.03424 0.02047
6191.25 1.04525 0.02069
6198.71 1.05370 0.02086
6206.17 1.04168 0.02062
6213.63 1.00424 0.01988
6221.10 1.00221 0.01984
6228.56 1.02450 0.02028
6236.02 1.02251 0.02024
6243.48 1.03261 0.02044
6250.94 1.06868 0.02115
6258.40 1.05282 0.02084
6265.86 1.03087 0.02041
6273.32 1.05966 0.02098
6280.78 1.03883 0.02056
6288.24 1.00310 0.01986
6295.70 1.00051 0.01981
6303.16 1.01239 0.02004
6310.62 1.05046 0.02079
6318.08 1.05839 0.02095
6325.54 1.07752 0.02133
6333.00 1.07040 0.02119
6340.46 1.06629 0.02111
6347.92 1.08532 0.02148
6355.38 1.06770 0.02114
6362.85 1.06889 0.02116
6370.31 1.03825 0.02055
6377.77 1.02544 0.02030
6385.23 1.04475 0.02068
6392.69 1.04001 0.02059
6400.15 1.07947 0.02137
6407.61 1.08930 0.02156
6415.07 1.07894 0.02136
6422.53 1.05993 0.02098
6429.99 1.05951 0.02097
6437.45 1.07228 0.02123
6444.91 1.07356 0.02125
6452.37 1.04224 0.02063
6459.83 1.03835 0.02055
6467.29 1.02545 0.02030
6474.75 1.05725 0.02093
6482.21 1.12011 0.02217
6489.67 1.09538 0.02168
6497.14 1.06733 0.02113
6504.60 1.09154 0.02161
6512.06 1.06123 0.02101
6519.52 1.03499 0.02049
6526.98 1.05722 0.02093
6534.44 1.09499 0.02168
6541.90 1.08579 0.02149
6549.36 1.03829 0.02055
6556.82 1.01812 0.02015
6564.28 1.04543 0.02069
6571.74 1.10502 0.02187
6579.20 1.12731 0.02232
6586.66 1.08620 0.02150
6594.12 1.03618 0.02051
6601.58 1.06008 0.02098
6609.04 1.08602 0.02150
6616.50 1.07855 0.02135
6623.96 1.09274 0.02163
6631.43 1.07602 0.02130
6638.89 1.05646 0.02091
6646.35 1.07611 0.02130
6653.81 1.08153 0.02141
6661.27 1.08424 0.02146
6668.73 1.07747 0.02133
6676.19 1.07683 0.02132
6683.65 1.07487 0.02128
6691.11 1.07288 0.02124
6698.57 1.06741 0.02113
6706.03 1.09476 0.02167
6713.49 1.09634 0.02170
6720.95 1.07665 0.02131
6728.41 1.06258 0.02103
6735.87 1.07379 0.02126
6743.33 1.09847 0.02174
6750.79 1.09419 0.02166
6758.25 1.11183 0.02201
6765.72 1.10262 0.02183
6773.18 1.07046 0.02119
6780.64 1.06050 0.02099
6788.10 1.07790 0.02134
6795.56 1.10752 0.02192
6803.02 1.09547 0.02169
6810.48 1.06154 0.02101
6817.94 1.06838 0.02115
6825.40 1.08191 0.02142
6832.86 1.04781 0.02074
6840.32 1.03079 0.02040
6847.78 1.08281 0.02143
6855.24 1.09777 0.02173
6862.70 1.05462 0.02088
6870.16 1.00706 0.01993
6877.62 1.02668 0.02032
6885.08 1.10423 0.02186
6892.54 1.08306 0.02144
6900.00 1.07140 0.02121
6907.47 1.08356 0.02145
6914.93 1.09515 0.02168
6922.39 1.14429 0.02265
6929.85 1.14750 0.02272
6937.31 1.11045 0.02198
6944.77 1.10275 0.02183
6952.23 1.11058 0.02198
6959.69 1.10940 0.02196
6967.15 1.12397 0.02225
6974.61 1.11910 0.02215
6982.07 1.10442 0.02186
6989.53 1.10609 0.02190
6996.99 1.09951 0.02177
7004.45 1.07931 0.02137
7011.91 1.07581 0.02130
7019.37 1.09317 0.02164
7026.83 1.11018 0.02198
7034.29 1.11723 0.02212
7041.76 1.12650 0.02230
7049.22 1.12559 0.02228
7056.68 1.08122 0.02140
7064.14 1.06002 0.02098
7071.60 1.10387 0.02185
7079.06 1.14509 0.02267
7086.52 1.14405 0.02265
7093.98 1.11292 0.02203
7101.44 1.09017 0.02158
7108.90 1.10638 0.02190
7116.36 1.11819 0.02214
7123.82 1.11810 0.02213
7131.28 1.10474 0.02187
7138.74 1.09249 0.02163
7146.20 1.09025 0.02158
7153.66 1.09639 0.02170
7161.12 1.13336 0.02244
7168.58 1.10940 0.02196
7176.05 1.08071 0.02139
7183.51 1.11196 0.02201
7190.97 1.11091 0.02199
7198.43 1.11642 0.02210
7205.89 1.13166 0.02240
7213.35 1.13558 0.02248
7220.81 1.13370 0.02244
7228.27 1.09766 0.02173
7235.73 1.07116 0.02120
7243.19 1.09360 0.02165
7250.65 1.07248 0.02123
7258.11 1.09158 0.02161
7265.57 1.14298 0.02263
7273.03 1.12200 0.02221
7280.49 1.09645 0.02170
7287.95 1.08028 0.02138
7295.41 1.09266 0.02163
7302.87 1.15080 0.02278
7310.34 1.15307 0.02283
7317.80 1.07678 0.02132
7325.26 1.07009 0.02118
7332.72 1.10604 0.02189
7340.18 1.10990 0.02197
7347.64 1.10294 0.02183
7355.10 1.10580 0.02189
7362.56 1.08972 0.02157
7370.02 1.08623 0.02150
7377.48 1.12158 0.02220
7384.94 1.15004 0.02277
7392.40 1.15581 0.02288
7399.86 1.14087 0.02258
7407.32 1.17431 0.02325
7414.78 1.17069 0.02317
7422.24 1.15918 0.02295
7429.70 1.16832 0.02313
7437.16 1.13468 0.02246
7444.62 1.09835 0.02174
7452.09 1.10380 0.02185
7459.55 1.14345 0.02264
7467.01 1.18489 0.02346
7474.47 1.17509 0.02326
7481.93 1.12946 0.02236
7489.39 1.13122 0.02239
7496.85 1.16184 0.02300
7504.31 1.17805 0.02332
7511.77 1.20788 0.02391
7519.23 1.17075 0.02318
7526.69 1.12638 0.02230
7534.15 1.13058 0.02238
7541.61 1.15026 0.02277
7549.07 1.15552 0.02287
7556.53 1.12378 0.02225
7563.99 1.10826 0.02194
7571.45 1.16080 0.02298
7578.92 1.18601 0.02348
7586.38 1.15567 0.02288
7593.84 1.07942 0.02137
7601.30 1.15799 0.02292
7608.76 1.15799 0.02292
7616.22 1.15303 0.02283
7623.68 1.15552 0.02287
7631.14 1.14813 0.02273
7638.60 1.11609 0.02209
7646.06 1.17873 0.02333
7653.52 1.20143 0.02378
7660.98 1.22753 0.02430
7668.44 1.21779 0.02411
7675.90 1.21971 0.02415
7683.36 1.20970 0.02395
7690.82 1.17191 0.02320
7698.28 1.15279 0.02282
7705.74 1.16177 0.02300
7713.21 1.15799 0.02292
7720.67 1.12968 0.02236
7728.13 1.16797 0.02312
7735.59 1.18263 0.02341
7743.05 1.14726 0.02271
7750.51 1.14926 0.02275
7757.97 1.15029 0.02277
7765.43 1.10131 0.02180
7772.89 1.10078 0.02179
7780.35 1.15158 0.02280
7787.81 1.14573 0.02268
7795.27 1.17376 0.02324
7802.73 1.16139 0.02299
7810.19 1.14206 0.02261
7817.65 1.13159 0.02240
7825.11 1.16177 0.02300
7832.57 1.18178 0.02339
7840.03 1.16532 0.02307
7847.49 1.16482 0.02306
7854.96 1.15676 0.02290
7862.42 1.12831 0.02234
7869.88 1.13849 0.02254
7877.34 1.16012 0.02297
7884.80 1.17070 0.02317
7892.26 1.20917 0.02394
7899.72 1.19900 0.02374
7907.18 1.14374 0.02264
7914.64 1.18504 0.02346
7922.10 1.15142 0.02279
7929.56 1.18475 0.02345
7937.02 1.15044 0.02277
7944.48 1.13186 0.02241
7951.94 1.15742 0.02291
7959.40 1.17127 0.02319
7966.86 1.14639 0.02269
7974.32 1.15386 0.02284
7981.78 1.17687 0.02330
7989.25 1.19919 0.02374
7996.71 1.16813 0.02312
8004.17 1.11824 0.02214
8011.63 1.14557 0.02268
8019.09 1.10850 0.02194
8026.55 1.10556 0.02189
8034.01 1.08639 0.02151
8041.47 1.11435 0.02206
8048.93 1.17613 0.02328
8056.39 1.17647 0.02329
8063.85 1.15659 0.02290
8071.31 1.23355 0.02442
8078.77 1.22056 0.02416
8086.23 1.18472 0.02345
8093.69 1.17523 0.02326
8101.15 1.18709 0.02350
8108.61 1.17399 0.02324
8116.07 1.17049 0.02317
8123.54 1.18877 0.02353
8131.00 1.19781 0.02371
8138.46 1.19030 0.02356
8145.92 1.19171 0.02359
8153.38 1.19653 0.02369
8160.84 1.19529 0.02366
8168.30 1.16010 0.02297
8175.76 1.14445 0.02266
8183.22 1.16300 0.02302
8190.68 1.16974 0.02316
8198.14 1.20765 0.02391
8205.60 1.21261 0.02400
8213.06 1.16561 0.02307
8220.52 1.14503 0.02267
8227.98 1.14541 0.02267
8235.44 1.13580 0.02248
8242.90 1.13672 0.02250
8250.36 1.17463 0.02325
8257.83 1.20568 0.02387
8265.29 1.18379 0.02343
8272.75 1.19382 0.02363
8280.21 1.11852 0.02214
8287.67 1.17479 0.02326
8295.13 1.17575 0.02327
8302.59 1.15369 0.02284
8310.05 1.17496 0.02326
8317.51 1.17479 0.02326
8324.97 1.19167 0.02359
8332.43 1.17290 0.02322
8339.89 1.13651 0.02250
8347.35 1.17395 0.02324
8354.81 1.13431 0.02245
8362.27 1.21169 0.02399
8369.73 1.19594 0.02367
8377.19 1.21172 0.02399
8384.65 1.19726 0.02370
8392.12 1.16935 0.02315
8399.58 1.16806 0.02312
8407.04 1.20362 0.02383
8414.50 1.21536 0.02406
8421.96 1.23413 0.02443
8429.42 1.19005 0.02356
8436.88 1.25117 0.02477
8444.34 1.22392 0.02423
8451.80 1.15399 0.02284
8459.26 1.21953 0.02414
8466.72 1.21731 0.02410
8474.18 1.17687 0.02330
8481.64 1.18759 0.02351
8489.10 1.24430 0.02463
8496.56 1.25224 0.02479
8504.02 1.17475 0.02326
8511.48 1.18268 0.02341
8518.94 1.17204 0.02320
8526.41 1.27144 0.02517
8533.87 1.15949 0.02295
8541.33 1.17024 0.02317
8548.79 1.15651 0.02289
8556.25 1.28220 0.02538
8563.71 1.27567 0.02525
8571.17 1.19584 0.02367
8578.63 1.19602 0.02368
8586.09 1.20472 0.02385
8593.55 1.19857 0.02373
8601.01 1.19166 0.02359
8608.47 1.20031 0.02376
8615.93 1.20007 0.02376
8623.39 1.17753 0.02331
8630.85 1.20196 0.02379
8638.31 1.12517 0.02227
8645.77 1.20473 0.02385
8653.23 1.14744 0.02271
8660.69 1.20472 0.02385
8668.16 1.20007 0.02376
8675.62 1.20196 0.02379
8683.08 1.23316 0.02441
8690.54 1.22908 0.02433
8698.00 1.24360 0.02462
8705.46 1.19656 0.02369
8712.92 1.22470 0.02424
8720.38 1.20478 0.02385
8727.84 1.24157 0.02458
8735.30 1.21989 0.02415
8742.76 1.23978 0.02454
8750.22 1.25142 0.02477
8757.68 1.20196 0.02379
8765.14 1.15056 0.02278
8772.60 1.25521 0.02485
8780.06 1.27310 0.02520
8787.52 1.20473 0.02385
8794.98 1.26687 0.02508
8802.45 1.22600 0.02427
8809.91 1.19637 0.02368
8817.37 1.16765 0.02311
8824.83 1.21023 0.02396
8832.29 1.20634 0.02388
8839.75 1.20478 0.02385
8847.21 1.19578 0.02367
8854.67 1.19751 0.02371
8862.13 1.21082 0.02397
8869.59 1.17562 0.02327
8877.05 1.21912 0.02413
8884.51 1.16772 0.02312
8891.97 1.19751 0.02371
8899.43 1.21023 0.02396
8906.89 1.18569 0.02347
8914.35 1.21500 0.02405
8921.81 1.19490 0.02365
8929.27 1.17337 0.02323
8936.74 1.26110 0.02496
8944.20 1.21118 0.02398
8951.66 1.18478 0.02345
8959.12 1.12796 0.02233
8966.58 1.22244 0.02420
8974.04 1.20634 0.02388
8981.50 1.19146 0.02359
8988.96 1.23431 0.02443
8996.42 1.12930 0.02236
9003.88 1.21141 0.02398
9011.34 1.20422 0.02384
9018.80 1.24790 0.02470
9026.26 1.21341 0.02402
9033.72 1.26528 0.02505
9041.18 1.23407 0.02443
9048.64 1.25806 0.02490
9056.10 1.12051 0.02218
9063.56 1.23707 0.02449
9071.03 1.18423 0.02344
9078.49 1.15951 0.02295
9085.95 1.25920 0.02493
9093.41 1.21305 0.02401
9100.87 1.27036 0.02515
9108.33 1.20534 0.02386
9115.79 1.20422 0.02384
9123.25 1.15864 0.02294
9130.71 1.15725 0.02291
9138.17 1.21141 0.02398
9145.63 1.19066 0.02357
9153.09 1.15928 0.02295
9160.55 1.16764 0.02311
9168.01 1.14606 0.02269
9175.47 1.23219 0.02439
9182.93 1.25368 0.02482
9190.39 1.17830 0.02333
9197.85 1.16560 0.02307
9205.31 1.23104 0.02437
9212.78 1.23172 0.02438
9220.24 1.21914 0.02413
9227.70 1.24523 0.02465
9235.16 1.22764 0.02430
9242.62 1.21178 0.02399
9250.08 1.22577 0.02427
9257.54 1.18556 0.02347
9265.00 1.14960 0.02276
9272.46 1.15070 0.02278
9279.92 1.26282 0.02500
9287.38 1.15436 0.02285
9294.84 1.15721 0.02291
9302.30 1.21914 0.02413
9309.76 1.22577 0.02427
9317.22 1.22764 0.02430
9324.68 1.22577 0.02427
9332.14 1.30210 0.02578
9339.60 1.26036 0.02495
9347.07 1.15697 0.02290
9354.53 1.21387 0.02403
9361.99 1.27705 0.02528
9369.45 1.21178 0.02399
9376.91 1.21178 0.02399
9384.37 1.21178 0.02399
9391.83 1.25419 0.02483
9399.29 1.18968 0.02355
