4146.39 0.85394 0.03057
4153.96 0.91822 0.03287
4161.52 0.85394 0.03057
4169.09 0.85394 0.03057
4176.66 0.84403 0.03021
4184.22 0.85394 0.03057
4191.79 0.87181 0.03121
4199.36 0.90186 0.03228
4206.92 0.90186 0.03228
4214.49 0.90186 0.03228
4222.06 0.94727 0.03391
4229.62 0.97044 0.03474
4237.19 0.97533 0.03491
4244.76 0.93112 0.03333
4252.32 0.91542 0.03277
4259.89 0.91542 0.03277
4275.02 0.91542 0.03277
4282.59 0.90951 0.03256
4297.72 0.94962 0.03399
4305.29 0.97469 0.03489
4312.86 0.87469 0.03131
4320.42 0.89388 0.03200
4327.99 0.90840 0.03252
4335.56 0.93526 0.03348
4358.26 0.92983 0.03328
4365.82 0.90951 0.03256
4373.39 0.89559 0.03206
4380.96 0.89836 0.03216
4388.52 0.88893 0.03182
4396.09 0.89836 0.03216
4403.65 0.88611 0.03172
4411.22 0.87469 0.03131
4418.79 0.88893 0.03182
4426.35 0.95658 0.03424
4449.05 0.88376 0.03163
4456.62 0.86311 0.03089
4471.75 0.87128 0.03119
4479.32 0.88893 0.03182
4486.89 0.94777 0.03393
4494.45 0.88376 0.03163
4502.02 0.94354 0.03377
4509.59 0.90607 0.03243
4517.15 0.91286 0.03268
4524.72 0.92143 0.03298
4532.29 0.85647 0.03066
4539.85 0.85685 0.03067
4547.42 0.88376 0.03163
4554.99 0.96193 0.03443
4562.55 0.94517 0.03383
4570.12 0.81967 0.02934
4577.69 0.90607 0.03243
4585.25 0.82827 0.02965
4592.82 0.91313 0.03269
4600.39 0.89161 0.03191
4607.95 0.94558 0.03385
4615.52 0.93137 0.03334
4623.08 1.00377 0.03593
4630.65 0.92986 0.03328
4638.22 0.99687 0.03568
4645.78 0.90175 0.03228
4653.35 0.91313 0.03269
4660.92 0.95364 0.03414
4668.48 0.94352 0.03377
4676.05 0.95608 0.03422
4683.62 0.83824 0.03000
4691.18 0.96216 0.03444
4698.75 0.92986 0.03328
4706.32 0.95157 0.03406
4713.88 0.93156 0.03335
4721.45 0.87375 0.03128
4729.02 0.99816 0.03573
4736.58 0.99623 0.03566
4744.15 0.91557 0.03277
4751.72 0.93156 0.03335
4759.28 0.95181 0.03407
4766.85 0.93385 0.03343
4774.42 0.84180 0.03013
4781.98 0.84799 0.03035
4789.55 0.89911 0.03218
4797.12 0.92810 0.03322
4804.68 0.92986 0.03328
4812.25 0.92810 0.03322
4819.82 0.85493 0.03060
4827.38 0.95941 0.03434
4834.95 0.96689 0.03461
4842.52 0.91514 0.03276
4850.08 0.91159 0.03263
4857.65 0.93710 0.03354
4865.21 0.85272 0.03052
4872.78 0.99287 0.03554
4880.35 0.92712 0.03319
4887.91 0.83990 0.03006
4895.48 0.92712 0.03319
4903.05 0.92764 0.03320
4910.61 0.92810 0.03322
4918.18 0.87752 0.03141
4925.75 0.90424 0.03237
4933.31 0.92764 0.03320
4940.88 0.95632 0.03423
4948.45 0.97586 0.03493
4956.01 0.92682 0.03318
4963.58 0.92231 0.03301
4971.15 0.92276 0.03303
4978.71 0.90308 0.03233
4986.28 0.98486 0.03525
4993.85 1.02148 0.03656
5001.41 1.02602 0.03673
5008.98 0.93260 0.03338
5016.55 0.86905 0.03111
5024.11 0.89846 0.03216
5031.68 0.95088 0.03404
5039.25 0.96579 0.03457
5046.81 0.99799 0.03572
5054.38 0.96469 0.03453
5061.95 0.90201 0.03229
5069.51 0.93260 0.03338
5077.08 0.99951 0.03578
5084.65 0.95076 0.03403
5092.21 0.92352 0.03306
5099.78 0.99376 0.03557
5107.34 0.92016 0.03294
5114.91 0.90126 0.03226
5122.48 1.01146 0.03621
5130.04 0.94752 0.03392
5137.61 0.91355 0.03270
5145.18 0.88827 0.03180
5152.74 1.01521 0.03634
5160.31 0.90735 0.03248
5167.88 1.02691 0.03676
5175.44 0.98940 0.03542
5183.01 0.91742 0.03284
5190.58 0.98909 0.03540
5198.14 0.97174 0.03478
5205.71 0.99449 0.03560
5213.28 0.96305 0.03447
5220.84 0.99966 0.03578
5228.41 1.03356 0.03700
5235.98 0.99075 0.03546
5243.54 0.89932 0.03219
5251.11 0.88021 0.03151
5258.68 0.90960 0.03256
5266.24 0.90568 0.03242
5273.81 0.89951 0.03220
5281.38 0.93433 0.03344
5288.94 1.01294 0.03626
5296.51 1.03171 0.03693
5304.08 0.96427 0.03452
5311.64 0.97292 0.03483
5319.21 0.93362 0.03342
5326.77 0.91427 0.03273
5334.34 0.97121 0.03476
5341.91 0.93100 0.03332
5349.47 0.95235 0.03409
5357.04 0.97983 0.03507
5364.61 0.96372 0.03450
5372.17 0.93861 0.03360
5379.74 0.91067 0.03260
5387.31 0.96812 0.03465
5394.87 1.03265 0.03696
5402.44 1.02507 0.03669
5410.01 0.98364 0.03521
5417.57 0.98943 0.03542
5425.14 0.99016 0.03544
5432.71 1.01349 0.03628
5440.27 1.00849 0.03610
5447.84 0.93523 0.03348
5455.41 0.97136 0.03477
5462.97 1.02660 0.03675
5470.54 0.98001 0.03508
5478.11 0.99124 0.03548
5485.67 0.96961 0.03471
5493.24 0.96016 0.03437
5500.81 0.96286 0.03447
5508.37 0.94839 0.03395
5515.94 0.91205 0.03265
5523.51 0.99827 0.03573
5531.07 1.04067 0.03725
5538.64 1.00678 0.03604
5546.21 1.05263 0.03768
5553.77 0.98642 0.03531
5561.34 0.95633 0.03423
5568.90 1.00918 0.03612
5576.47 1.04574 0.03743
5584.04 1.01064 0.03618
5591.60 1.05715 0.03784
5599.17 1.04565 0.03743
5606.74 1.05203 0.03766
5614.30 1.01064 0.03618
5621.87 1.08390 0.03880
5629.44 1.05367 0.03772
5637.00 1.05116 0.03763
5644.57 0.94725 0.03391
5652.14 1.06454 0.03811
5659.70 1.01571 0.03636
5667.27 1.01967 0.03650
5674.84 1.00806 0.03608
5682.40 1.05482 0.03776
5689.97 1.04168 0.03729
5697.54 1.03828 0.03717
5705.10 1.04581 0.03744
5712.67 1.02410 0.03666
5720.24 0.99619 0.03566
5727.80 1.03130 0.03692
5735.37 0.99900 0.03576
5742.94 1.01301 0.03626
5750.50 1.03831 0.03717
5758.07 0.95733 0.03427
5765.64 1.04946 0.03757
5773.20 1.09590 0.03923
5780.77 1.04606 0.03744
5788.33 1.06962 0.03829
5795.90 1.11969 0.04008
5803.47 1.07616 0.03852
5811.03 1.03831 0.03717
5818.60 1.04078 0.03725
5826.17 1.03148 0.03692
5833.73 1.02327 0.03663
5841.30 0.99317 0.03555
5848.87 1.10696 0.03962
5856.43 1.02611 0.03673
5864.00 1.03939 0.03721
5871.57 0.98805 0.03537
5879.13 1.04078 0.03725
5886.70 1.05235 0.03767
5894.27 1.04078 0.03725
5901.83 1.04078 0.03725
5909.40 1.08620 0.03888
5916.97 1.10604 0.03959
5924.53 1.01631 0.03638
5932.10 1.06209 0.03802
5939.67 1.06682 0.03819
5947.23 1.09902 0.03934
5954.80 0.99703 0.03569
5962.37 1.01964 0.03650
5969.93 0.96207 0.03444
5977.50 1.08928 0.03899
5985.07 0.96856 0.03467
5992.63 1.03842 0.03717
6000.20 1.08729 0.03892
6007.77 1.09042 0.03903
6015.33 1.06445 0.03810
6022.90 1.05503 0.03777
6030.47 1.01804 0.03644
6038.03 0.99457 0.03560
6045.60 1.06146 0.03800
6053.16 1.08848 0.03896
6060.73 1.03585 0.03708
6068.30 1.00907 0.03612
6075.86 0.96284 0.03446
6083.43 0.95941 0.03434
6091.00 1.03425 0.03702
6098.56 1.07105 0.03834
6106.13 1.02763 0.03678
6113.70 1.02692 0.03676
6121.26 1.05337 0.03771
6128.83 1.04168 0.03729
6136.40 1.11767 0.04001
6143.96 1.10069 0.03940
6151.53 1.05294 0.03769
6159.10 1.08809 0.03895
6166.66 1.03355 0.03700
6174.23 1.00928 0.03613
6181.80 0.99020 0.03544
6189.36 1.12106 0.04013
6196.93 1.05337 0.03771
6204.50 1.14144 0.04086
6212.06 1.13901 0.04077
6219.63 1.15115 0.04121
6227.20 1.11016 0.03974
6234.76 1.10125 0.03942
6242.33 1.01999 0.03651
6249.90 1.05180 0.03765
6257.46 1.08472 0.03883
6265.03 1.08654 0.03889
6272.60 1.01276 0.03625
6280.16 1.07992 0.03866
6287.73 1.11311 0.03984
6295.29 1.07780 0.03858
6302.86 1.00979 0.03615
6310.43 0.99474 0.03561
6317.99 1.02847 0.03681
6325.56 1.08838 0.03896
6333.13 1.02939 0.03685
6340.69 1.05487 0.03776
6348.26 1.07059 0.03832
6355.83 1.09252 0.03911
6363.39 1.05064 0.03761
6370.96 0.98315 0.03519
6378.53 1.07780 0.03858
6386.09 1.06321 0.03806
6393.66 1.08063 0.03868
6401.23 1.07956 0.03864
6408.79 1.06461 0.03811
6416.36 1.00717 0.03605
6423.93 1.02067 0.03654
6431.49 1.10086 0.03941
6439.06 1.09510 0.03920
6446.63 1.05460 0.03775
6454.19 1.11282 0.03983
6461.76 1.13346 0.04057
6469.33 1.16444 0.04168
6476.89 1.05894 0.03791
6484.46 1.10215 0.03945
6492.03 1.09347 0.03914
6499.59 1.02220 0.03659
6507.16 1.10529 0.03956
6514.73 1.08713 0.03891
6522.29 1.16807 0.04181
6529.86 1.04555 0.03743
6537.42 1.01682 0.03640
6544.99 1.03254 0.03696
6552.56 1.12706 0.04034
6560.12 1.07626 0.03853
6567.69 1.05223 0.03766
6575.26 1.19324 0.04271
6582.82 1.16508 0.04170
6590.39 1.13058 0.04047
6597.96 1.08367 0.03879
6605.52 1.08621 0.03888
6613.09 1.10215 0.03945
6620.66 1.10741 0.03964
6628.22 1.10529 0.03956
6635.79 1.06485 0.03812
6643.36 1.11226 0.03981
6650.92 1.15918 0.04149
6658.49 1.18317 0.04235
6666.06 1.11226 0.03981
6673.62 1.13068 0.04047
6681.19 1.13901 0.04077
6688.76 1.06153 0.03800
6696.32 1.11797 0.04002
6703.89 1.14641 0.04104
6711.46 1.17038 0.04189
6719.02 1.09969 0.03936
6726.59 1.06294 0.03805
6734.16 1.11797 0.04002
6741.72 1.06137 0.03799
6749.29 1.13776 0.04073
6756.85 1.12450 0.04025
6764.42 1.14151 0.04086
6771.99 1.13653 0.04068
6779.55 1.09456 0.03918
6787.12 1.04874 0.03754
6794.69 1.11884 0.04005
6802.25 1.12252 0.04018
6809.82 1.08743 0.03893
6817.39 1.08682 0.03890
6824.95 1.14164 0.04087
6832.52 1.11511 0.03992
6840.09 1.14419 0.04096
6847.65 1.13289 0.04055
6855.22 1.12497 0.04027
6862.79 1.13289 0.04055
6870.35 1.13653 0.04068
6877.92 1.18190 0.04231
6885.49 1.07837 0.03860
6893.05 1.18631 0.04246
6900.62 1.16737 0.04179
6908.19 1.05524 0.03777
6915.75 1.16819 0.04182
6923.32 1.16406 0.04167
6930.89 1.19346 0.04272
6938.45 1.23095 0.04406
6946.02 1.13018 0.04046
6953.59 1.22191 0.04374
6961.15 1.10392 0.03952
6968.72 1.13795 0.04073
6976.29 1.20920 0.04328
6983.85 1.15857 0.04147
6991.42 1.14434 0.04096
6998.98 1.18535 0.04243
7006.55 1.14247 0.04090
7014.12 1.15336 0.04129
7021.68 1.21072 0.04334
7029.25 1.11596 0.03995
7036.82 1.10350 0.03950
7044.38 1.12187 0.04016
7051.95 1.12127 0.04014
7059.52 1.20236 0.04304
7067.08 1.13459 0.04061
7074.65 1.14870 0.04112
7082.22 1.09981 0.03937
7089.78 1.09617 0.03924
7097.35 1.08901 0.03898
7104.92 1.16527 0.04171
7112.48 1.11538 0.03993
7120.05 1.11272 0.03983
7127.62 1.12290 0.04019
7135.18 1.17122 0.04192
7142.75 1.11745 0.04000
7150.32 1.07827 0.03860
7157.88 1.17504 0.04206
7165.45 1.16965 0.04187
7173.02 1.15269 0.04126
7180.58 1.17957 0.04222
7188.15 1.15549 0.04136
7195.72 1.16601 0.04174
7203.28 1.16433 0.04168
7210.85 1.15919 0.04149
7218.42 1.13555 0.04065
7225.98 1.19910 0.04292
7233.55 1.16601 0.04174
7241.11 1.20270 0.04305
7248.68 1.22937 0.04401
7256.25 1.17062 0.04190
7263.81 1.15269 0.04126
7271.38 1.15919 0.04149
7278.95 1.17413 0.04203
7286.51 1.15549 0.04136
7294.08 1.24332 0.04451
7301.65 1.13860 0.04076
7309.21 1.18050 0.04226
7316.78 1.10403 0.03952
7324.35 1.17413 0.04203
7331.91 1.11786 0.04001
7339.48 1.18664 0.04248
7347.05 1.12291 0.04020
7354.61 1.16817 0.04182
7362.18 1.26381 0.04524
7369.75 1.22969 0.04402
7377.31 1.17062 0.04190
7384.88 1.17563 0.04208
7392.45 1.18856 0.04255
7400.01 1.24534 0.04458
7407.58 1.18050 0.04226
7415.15 1.15820 0.04146
7422.71 1.18396 0.04238
7430.28 1.19716 0.04285
7437.85 1.22634 0.04390
7445.41 1.24286 0.04449
7452.98 1.19401 0.04274
7460.54 1.15471 0.04133
7468.11 1.17978 0.04223
7475.68 1.17367 0.04201
7483.24 1.18396 0.04238
7490.81 1.16472 0.04169
7498.38 1.17892 0.04220
7505.94 1.23207 0.04410
7513.51 1.24237 0.04447
7521.08 1.19025 0.04261
7528.64 1.19025 0.04261
7536.21 1.19970 0.04294
7543.78 1.20490 0.04313
7551.34 1.14207 0.04088
7558.91 1.25064 0.04477
7566.48 1.23045 0.04405
7574.04 1.19176 0.04266
7581.61 1.19970 0.04294
7589.18 1.11920 0.04006
7596.74 1.19401 0.04274
7604.31 1.19970 0.04294
7611.88 1.15101 0.04120
7619.44 1.20490 0.04313
7627.01 1.20490 0.04313
7634.58 1.26575 0.04531
7642.14 1.28818 0.04611
7649.71 1.23747 0.04430
7657.28 1.23839 0.04433
7664.84 1.17651 0.04211
7672.41 1.22087 0.04370
7679.98 1.27087 0.04549
7687.54 1.23656 0.04426
7695.11 1.14665 0.04105
7702.67 1.15441 0.04132
7710.24 1.27115 0.04550
7717.81 1.22488 0.04385
7725.37 1.29801 0.04646
7732.94 1.22170 0.04373
7740.51 1.21058 0.04333
7748.07 1.21058 0.04333
7755.64 1.21058 0.04333
7763.21 1.22087 0.04370
7770.77 1.17738 0.04215
7778.34 1.18620 0.04246
7785.91 1.21928 0.04365
7793.47 1.15856 0.04147
7801.04 1.19261 0.04269
7808.61 1.21058 0.04333
7816.17 1.19261 0.04269
7823.74 1.28060 0.04584
7831.31 1.24297 0.04449
7838.87 1.18540 0.04243
7846.44 1.18620 0.04246
7854.01 1.22456 0.04383
7861.57 1.16489 0.04170
7869.14 1.18540 0.04243
7876.71 1.18436 0.04240
7884.27 1.19560 0.04280
7891.84 1.17802 0.04217
7899.41 1.18540 0.04243
7906.97 1.23816 0.04432
7914.54 1.21928 0.04365
7922.10 1.28103 0.04586
7929.67 1.23813 0.04432
7937.24 1.17361 0.04201
7944.80 1.11339 0.03985
7952.37 1.13114 0.04049
7959.94 1.16183 0.04159
7967.50 1.14302 0.04092
7975.07 1.27594 0.04567
7982.64 1.14895 0.04113
7990.20 1.21119 0.04336
7997.77 1.21572 0.04352
8005.34 1.15875 0.04148
8012.90 1.17802 0.04217
8020.47 1.19560 0.04280
8028.04 1.13968 0.04080
8035.60 1.15532 0.04136
8043.17 1.30369 0.04667
8050.74 1.26002 0.04510
8058.30 1.21283 0.04341
8065.87 1.24150 0.04444
8073.44 1.21283 0.04341
8081.00 1.21119 0.04336
8088.57 1.21823 0.04361
8096.14 1.13363 0.04058
8103.70 1.21572 0.04352
8111.27 1.22575 0.04388
8118.84 1.24008 0.04439
8126.40 1.20130 0.04300
8133.97 1.17814 0.04217
8141.54 1.17717 0.04214
8149.10 1.22202 0.04374
8156.67 1.18981 0.04259
8164.23 1.22724 0.04393
8171.80 1.29592 0.04639
8179.37 1.24737 0.04465
8186.93 1.21405 0.04346
8194.50 1.23090 0.04406
8202.07 1.23848 0.04433
8209.63 1.21917 0.04364
8217.20 1.15241 0.04125
8224.77 1.15454 0.04133
8232.33 1.28292 0.04592
8239.90 1.22349 0.04380
8247.47 1.21730 0.04357
8255.03 1.24055 0.04441
8262.60 1.22742 0.04394
8270.17 1.24096 0.04442
8277.73 1.20685 0.04320
8285.30 1.17688 0.04213
8292.87 1.22742 0.04394
8300.43 1.22742 0.04394
8308.00 1.29784 0.04646
8315.57 1.28243 0.04591
8323.13 1.25696 0.04499
8330.70 1.22349 0.04380
8338.27 1.18210 0.04231
8345.83 1.22742 0.04394
8353.40 1.22349 0.04380
8360.97 1.22742 0.04394
8368.53 1.17442 0.04204
8376.10 1.24055 0.04441
8383.67 1.14569 0.04101
8391.23 1.30192 0.04660
8398.80 1.23097 0.04406
8406.37 1.22260 0.04376
8413.93 1.23097 0.04406
8421.50 1.23097 0.04406
8429.06 1.23097 0.04406
8436.63 1.24804 0.04467
8444.20 1.23097 0.04406
8451.76 1.23097 0.04406
8459.33 1.18210 0.04231
8466.90 1.22349 0.04380
8474.46 1.24844 0.04469
8482.03 1.15379 0.04130
8489.60 1.22261 0.04376
8497.16 1.22261 0.04376
8504.73 1.24804 0.04467
8512.30 1.22260 0.04376
8519.86 1.30794 0.04682
8527.43 1.25891 0.04506
8535.00 1.18724 0.04250
8542.56 1.22261 0.04376
8550.13 1.22261 0.04376
8557.70 1.22493 0.04385
8565.26 1.18636 0.04247
8572.83 1.22261 0.04376
8580.40 1.27638 0.04569
8587.96 1.21322 0.04343
8595.53 1.30731 0.04680
8603.10 1.24804 0.04467
8610.66 1.31129 0.04694
8618.23 1.16443 0.04168
8625.79 1.31213 0.04697
8633.36 1.16607 0.04174
8640.93 1.22493 0.04385
8648.50 1.23713 0.04428
8656.06 1.20174 0.04302
8663.63 1.23713 0.04428
8671.19 1.30828 0.04683
8678.76 1.22974 0.04402
8686.33 1.20700 0.04321
8693.89 1.31445 0.04705
8701.46 1.32254 0.04734
8709.03 1.20060 0.04298
8716.59 1.29406 0.04632
8724.16 1.23713 0.04428
8731.73 1.29054 0.04620
8739.29 1.22974 0.04402
8746.86 1.26518 0.04529
8754.43 1.25268 0.04484
8761.99 1.22974 0.04402
8769.56 1.23572 0.04423
8777.13 1.22974 0.04402
8784.69 1.19688 0.04284
8792.26 1.23572 0.04423
8799.83 1.26997 0.04546
8807.39 1.32080 0.04728
8814.96 1.24202 0.04446
8822.53 1.22539 0.04386
8830.09 1.23713 0.04428
8837.66 1.27885 0.04578
8845.23 1.23572 0.04423
8852.79 1.28732 0.04608
8860.36 1.18562 0.04244
8867.92 1.22539 0.04386
8875.49 1.26369 0.04524
8883.06 1.19688 0.04284
8890.62 1.23572 0.04423
8898.19 1.17071 0.04191
8905.76 1.26883 0.04542
8913.32 1.24202 0.04446
8920.89 1.14982 0.04116
8928.46 1.12823 0.04039
8936.02 1.29691 0.04642
8943.59 1.17231 0.04196
8951.16 1.28305 0.04593
8958.72 1.20421 0.04311
8966.29 1.20421 0.04311
8973.86 1.14750 0.04108
8981.42 1.15481 0.04134
