4952.38 0.87958 0.02454
4959.72 0.90745 0.02531
4967.05 0.84101 0.02346
4974.39 0.88530 0.02469
4981.73 0.89300 0.02491
4989.07 0.92612 0.02583
4996.41 0.93626 0.02612
5003.75 0.89915 0.02508
5011.09 0.86381 0.02410
5018.43 0.89972 0.02510
5025.77 0.88210 0.02461
5033.10 0.95067 0.02652
5040.44 0.93868 0.02618
5047.78 0.87788 0.02449
5055.12 0.92790 0.02588
5062.46 0.89719 0.02503
5069.80 0.86934 0.02425
5077.14 0.89275 0.02490
5084.48 0.91676 0.02557
5091.82 0.93158 0.02599
5099.15 0.95670 0.02669
5106.49 0.94265 0.02629
5113.83 0.92271 0.02574
5121.17 0.92219 0.02572
5128.51 0.95239 0.02657
5135.85 0.92712 0.02586
5143.19 0.93551 0.02610
5150.53 0.95455 0.02663
5157.87 0.96504 0.02692
5165.20 0.97045 0.02707
5172.54 0.91307 0.02547
5179.88 0.87710 0.02447
5187.22 0.89518 0.02497
5194.56 0.91792 0.02561
5201.90 0.90326 0.02520
5209.24 0.90522 0.02525
5216.58 0.95357 0.02660
5223.92 0.98355 0.02744
5231.25 0.91877 0.02563
5238.59 0.95444 0.02662
5245.93 0.93384 0.02605
5253.27 0.97178 0.02711
5260.61 0.99811 0.02784
5267.95 0.97671 0.02725
5275.29 0.92062 0.02568
5282.63 0.95798 0.02672
5289.97 0.94307 0.02631
5297.30 0.97616 0.02723
5304.64 0.93673 0.02613
5311.98 0.98177 0.02739
5319.32 0.92160 0.02571
5326.66 0.98029 0.02735
5334.00 0.95054 0.02652
5341.34 0.92583 0.02583
5348.68 0.93240 0.02601
5356.02 0.94553 0.02638
5363.35 0.93680 0.02613
5370.69 0.95093 0.02653
5378.03 0.95338 0.02659
5385.37 0.95480 0.02663
5392.71 0.96644 0.02696
5400.05 0.96690 0.02697
5407.39 0.94525 0.02637
5414.73 0.91254 0.02545
5422.07 0.93029 0.02595
5429.40 0.92430 0.02578
5436.74 0.95385 0.02661
5444.08 0.99217 0.02768
5451.42 0.97782 0.02728
5458.76 0.95706 0.02670
5466.10 0.97382 0.02716
5473.44 0.98036 0.02735
5480.78 0.98741 0.02754
5488.12 1.00379 0.02800
5495.46 1.00862 0.02814
5502.79 0.98114 0.02737
5510.13 0.99574 0.02778
5517.47 1.00981 0.02817
5524.81 0.97903 0.02731
5532.15 0.97461 0.02719
5539.49 0.98166 0.02738
5546.83 0.99164 0.02766
5554.17 0.98375 0.02744
5561.50 1.00232 0.02796
5568.84 0.95784 0.02672
5576.18 0.99733 0.02782
5583.52 1.01040 0.02819
5590.86 0.99892 0.02786
5598.20 1.03383 0.02884
5605.54 1.02552 0.02861
5612.88 1.01390 0.02828
5620.22 1.01514 0.02832
5627.55 0.99892 0.02786
5634.89 0.99887 0.02786
5642.23 1.00604 0.02806
5649.57 0.94927 0.02648
5656.91 1.00120 0.02793
5664.25 1.03540 0.02888
5671.59 1.02485 0.02859
5678.93 1.00406 0.02801
5686.27 1.03118 0.02876
5693.60 1.03886 0.02898
5700.94 1.04268 0.02909
5708.28 1.03733 0.02894
5715.62 1.00227 0.02796
5722.96 1.00291 0.02798
5730.30 0.99486 0.02775
5737.64 1.01857 0.02841
5744.98 1.08140 0.03017
5752.32 1.05229 0.02935
5759.65 1.03450 0.02886
5766.99 1.04256 0.02908
5774.33 1.02772 0.02867
5781.67 1.05131 0.02933
5789.01 1.03011 0.02874
5796.35 1.01414 0.02829
5803.69 1.00153 0.02794
5811.03 1.01348 0.02827
5818.37 1.01405 0.02829
5825.71 0.99733 0.02782
5833.04 1.00592 0.02806
5840.38 1.03256 0.02880
5847.72 0.99204 0.02767
5855.06 1.02817 0.02868
5862.40 1.03429 0.02885
5869.74 1.01982 0.02845
5877.08 1.04626 0.02919
5884.42 1.05351 0.02939
5891.75 1.01635 0.02835
5899.09 0.99840 0.02785
5906.43 0.98173 0.02739
5913.77 1.01443 0.02830
5921.11 1.04124 0.02905
5928.45 1.04606 0.02918
5935.79 1.04361 0.02911
5943.13 1.03935 0.02899
5950.47 1.04981 0.02928
5957.81 1.03496 0.02887
5965.14 1.02195 0.02851
5972.48 1.03799 0.02895
5979.82 1.03480 0.02887
5987.16 1.02560 0.02861
5994.50 1.02775 0.02867
6001.84 1.06378 0.02967
6009.18 1.05877 0.02953
6016.52 1.03685 0.02892
6023.85 1.04257 0.02908
6031.19 1.04897 0.02926
6038.53 1.06019 0.02957
6045.87 1.05600 0.02946
6053.21 1.04362 0.02911
6060.55 1.03055 0.02875
6067.89 1.02598 0.02862
6075.23 1.02227 0.02852
6082.57 0.99587 0.02778
6089.90 1.01481 0.02831
6097.24 0.99203 0.02767
6104.58 1.02431 0.02857
6111.92 1.05485 0.02943
6119.26 1.06298 0.02965
6126.60 1.06049 0.02958
6133.94 1.08229 0.03019
6141.28 1.04357 0.02911
6148.62 1.01431 0.02829
6155.96 1.05462 0.02942
6163.29 1.07182 0.02990
6170.63 1.01217 0.02823
6177.97 1.00108 0.02793
6185.31 1.01652 0.02836
6192.65 1.04391 0.02912
6199.99 1.07691 0.03004
6207.33 1.07131 0.02988
6214.67 1.05069 0.02931
6222.00 1.08312 0.03021
6229.34 1.08883 0.03037
6236.68 1.04220 0.02907
6244.02 1.03948 0.02900
6251.36 1.09425 0.03052
6258.70 1.09540 0.03056
6266.04 1.06896 0.02982
6273.38 1.04290 0.02909
6280.72 1.02839 0.02869
6288.06 1.04403 0.02912
6295.39 1.04471 0.02914
6302.73 1.04906 0.02926
6310.07 1.03981 0.02901
6317.41 1.05156 0.02933
6324.75 1.08433 0.03025
6332.09 1.04623 0.02918
6339.43 1.04001 0.02901
6346.77 1.07123 0.02988
6354.10 1.07225 0.02991
6361.44 1.06459 0.02970
6368.78 1.06474 0.02970
6376.12 1.06511 0.02971
6383.46 1.05134 0.02933
6390.80 1.06560 0.02973
6398.14 1.05855 0.02953
6405.48 1.07550 0.03000
6412.82 1.08283 0.03021
6420.15 1.06752 0.02978
6427.49 1.06285 0.02965
6434.83 1.08505 0.03027
6442.17 1.09087 0.03043
6449.51 1.05378 0.02940
6456.85 1.03420 0.02885
6464.19 1.06276 0.02965
6471.53 1.09044 0.03042
6478.87 1.11409 0.03108
6486.21 1.10531 0.03083
6493.54 1.08423 0.03025
6500.88 1.07828 0.03008
6508.22 1.07864 0.03009
6515.56 1.08487 0.03026
6522.90 1.09066 0.03042
6530.24 1.08271 0.03020
6537.58 1.06184 0.02962
6544.92 1.10514 0.03083
6552.25 1.13983 0.03180
6559.59 1.03468 0.02886
6566.93 1.08487 0.03026
6574.27 1.08505 0.03027
6581.61 1.03615 0.02890
6588.95 1.04737 0.02922
6596.29 1.05149 0.02933
6603.63 1.08116 0.03016
6610.97 1.09857 0.03065
6618.31 1.12542 0.03139
6625.64 1.12929 0.03150
6632.98 1.10963 0.03095
6640.32 1.10193 0.03074
6647.66 1.08848 0.03036
6655.00 1.07771 0.03006
6662.34 1.10657 0.03087
6669.68 1.10147 0.03073
6677.02 1.09394 0.03052
6684.35 1.08316 0.03022
6691.69 1.08967 0.03040
6699.03 1.10135 0.03072
6706.37 1.11988 0.03124
6713.71 1.09291 0.03049
6721.05 1.06709 0.02977
6728.39 1.09218 0.03047
6735.73 1.08944 0.03039
6743.07 1.09170 0.03045
6750.41 1.10991 0.03096
6757.74 1.10479 0.03082
6765.08 1.10370 0.03079
6772.42 1.10087 0.03071
6779.76 1.10952 0.03095
6787.10 1.11390 0.03107
6794.44 1.10690 0.03088
6801.78 1.10297 0.03077
6809.12 1.10074 0.03071
6816.46 1.10669 0.03087
6823.79 1.12451 0.03137
6831.13 1.11447 0.03109
6838.47 1.09035 0.03042
6845.81 1.10874 0.03093
6853.15 1.13549 0.03168
6860.49 1.17559 0.03279
6867.83 1.14094 0.03183
6875.17 1.08202 0.03018
6882.50 1.11629 0.03114
6889.84 1.11427 0.03108
6897.18 1.10252 0.03076
6904.52 1.09169 0.03045
6911.86 1.11424 0.03108
6919.20 1.14511 0.03194
6926.54 1.13582 0.03168
6933.88 1.14434 0.03192
6941.22 1.13883 0.03177
6948.56 1.11085 0.03099
6955.89 1.08283 0.03021
6963.23 1.09840 0.03064
6970.57 1.08862 0.03037
6977.91 1.05492 0.02943
6985.25 1.08869 0.03037
6992.59 1.14785 0.03202
6999.93 1.14665 0.03199
7007.27 1.14957 0.03207
7014.60 1.13617 0.03169
7021.94 1.11644 0.03114
7029.28 1.15249 0.03215
7036.62 1.14837 0.03203
7043.96 1.12682 0.03143
7051.30 1.12988 0.03152
7058.64 1.09618 0.03058
7065.98 1.12220 0.03130
7073.32 1.13074 0.03154
7080.66 1.08371 0.03023
7087.99 1.10403 0.03080
7095.33 1.13491 0.03166
7102.67 1.13500 0.03166
7110.01 1.12609 0.03141
7117.35 1.13554 0.03168
7124.69 1.09708 0.03060
7132.03 1.12814 0.03147
7139.37 1.16770 0.03257
7146.71 1.12944 0.03151
7154.04 1.18058 0.03293
7161.38 1.12770 0.03146
7168.72 1.20437 0.03360
7176.06 1.13582 0.03168
7183.40 1.13617 0.03169
7190.74 1.19026 0.03320
7198.08 1.15676 0.03227
7205.42 1.10077 0.03071
7212.76 1.11642 0.03114
7220.09 1.10679 0.03087
7227.43 1.14670 0.03199
7234.77 1.10745 0.03089
7242.11 1.12607 0.03141
7249.45 1.17793 0.03286
7256.79 1.12351 0.03134
7264.13 1.14628 0.03198
7271.47 1.10365 0.03079
7278.81 1.12746 0.03145
7286.14 1.17522 0.03278
7293.48 1.15016 0.03208
7300.82 1.21019 0.03376
7308.16 1.19209 0.03325
7315.50 1.10378 0.03079
7322.84 1.13160 0.03157
7330.18 1.12820 0.03147
7337.52 1.14840 0.03204
7344.85 1.15227 0.03214
7352.19 1.14229 0.03186
7359.53 1.17599 0.03281
7366.87 1.15675 0.03227
7374.21 1.18406 0.03303
7381.55 1.13802 0.03175
7388.89 1.13838 0.03176
7396.23 1.14403 0.03191
7403.57 1.16901 0.03261
7410.91 1.15266 0.03215
7418.24 1.14863 0.03204
7425.58 1.14769 0.03202
7432.92 1.10870 0.03093
7440.26 1.10526 0.03083
7447.60 1.17080 0.03266
7454.94 1.16412 0.03247
7462.28 1.16334 0.03245
7469.62 1.17889 0.03289
7476.96 1.12709 0.03144
7484.29 1.11840 0.03120
7491.63 1.15645 0.03226
7498.97 1.15289 0.03216
7506.31 1.13748 0.03173
7513.65 1.12516 0.03139
7520.99 1.12914 0.03150
7528.33 1.16428 0.03248
7535.67 1.18487 0.03305
7543.01 1.16528 0.03251
7550.34 1.11941 0.03123
7557.68 1.13840 0.03176
7565.02 1.18653 0.03310
7572.36 1.17286 0.03272
7579.70 1.18540 0.03307
7587.04 1.15645 0.03226
7594.38 1.15289 0.03216
7601.72 1.15289 0.03216
7609.06 1.17665 0.03282
7616.39 1.18625 0.03309
7623.73 1.15675 0.03227
7631.07 1.15675 0.03227
7638.41 1.21919 0.03401
7645.75 1.20530 0.03362
7653.09 1.17031 0.03265
7660.43 1.18170 0.03296
7667.77 1.15289 0.03216
7675.10 1.15476 0.03221
7682.44 1.14667 0.03199
7689.78 1.19412 0.03331
7697.12 1.11709 0.03116
7704.46 1.18673 0.03310
7711.80 1.15645 0.03226
7719.14 1.22435 0.03415
7726.48 1.09965 0.03068
7733.82 1.16254 0.03243
7741.16 1.15904 0.03233
7748.49 1.16448 0.03248
7755.83 1.09170 0.03045
7763.17 1.18366 0.03302
7770.51 1.14552 0.03196
7777.85 1.09934 0.03067
7785.19 1.14668 0.03199
7792.53 1.18788 0.03314
7799.87 1.10952 0.03095
7807.21 1.14360 0.03190
7814.54 1.13315 0.03161
7821.88 1.11443 0.03109
7829.22 1.14840 0.03204
7836.56 1.20330 0.03357
7843.90 1.16254 0.03243
7851.24 1.15985 0.03235
7858.58 1.12904 0.03150
7865.92 1.18285 0.03300
7873.26 1.15009 0.03208
7880.59 1.12739 0.03145
7887.93 1.17553 0.03279
7895.27 1.19009 0.03320
7902.61 1.16254 0.03243
7909.95 1.16254 0.03243
7917.29 1.12784 0.03146
7924.63 1.14561 0.03196
7931.97 1.11288 0.03104
7939.31 1.12064 0.03126
7946.64 1.15476 0.03221
7953.98 1.22019 0.03404
7961.32 1.21630 0.03393
7968.66 1.16056 0.03237
7976.00 1.09506 0.03055
7983.34 1.10674 0.03087
7990.68 1.10953 0.03095
7998.02 1.15904 0.03233
8005.36 1.14343 0.03190
8012.69 1.15985 0.03235
8020.03 1.15904 0.03233
8027.37 1.15904 0.03233
8034.71 1.20882 0.03372
8042.05 1.13012 0.03153
8049.39 1.11620 0.03114
8056.73 1.16254 0.03243
8064.07 1.11504 0.03110
8071.41 1.20453 0.03360
8078.74 1.19452 0.03332
8086.08 1.14897 0.03205
8093.42 1.19189 0.03325
8100.76 1.13442 0.03165
8108.10 1.15774 0.03230
8115.44 1.18971 0.03319
8122.78 1.20598 0.03364
8130.12 1.22909 0.03429
8137.46 1.16254 0.03243
8144.79 1.20836 0.03371
8152.13 1.22676 0.03422
8159.47 1.16795 0.03258
8166.81 1.19320 0.03329
8174.15 1.21200 0.03381
8181.49 1.16795 0.03258
8188.83 1.16903 0.03261
8196.17 1.19461 0.03332
8203.50 1.15627 0.03225
8210.84 1.17728 0.03284
8218.18 1.22330 0.03413
8225.52 1.18017 0.03292
8232.86 1.15529 0.03223
8240.20 1.12961 0.03151
8247.54 1.19031 0.03320
8254.88 1.20797 0.03370
8262.22 1.13368 0.03162
8269.56 1.15173 0.03213
8276.89 1.12108 0.03127
8284.23 1.18971 0.03319
8291.57 1.14562 0.03196
8298.91 1.14017 0.03181
8306.25 1.20678 0.03366
8313.59 1.22628 0.03421
8320.93 1.16556 0.03251
8328.27 1.11994 0.03124
8335.61 1.12665 0.03143
8342.94 1.19054 0.03321
8350.28 1.12981 0.03152
8357.62 1.20262 0.03355
8364.96 1.16212 0.03242
8372.30 1.15660 0.03226
8379.64 1.13065 0.03154
8386.98 1.22755 0.03424
8394.32 1.25173 0.03492
8401.66 1.18563 0.03307
8408.99 1.19099 0.03322
8416.33 1.19984 0.03347
8423.67 1.18393 0.03303
8431.01 1.18393 0.03303
8438.35 1.18385 0.03302
8445.69 1.22993 0.03431
8453.03 1.15732 0.03228
8460.37 1.18373 0.03302
8467.71 1.21627 0.03393
8475.04 1.19114 0.03323
8482.38 1.18393 0.03303
8489.72 1.17625 0.03281
8497.06 1.16596 0.03253
8504.40 1.19176 0.03325
8511.74 1.16975 0.03263
8519.08 1.24088 0.03462
8526.42 1.18385 0.03302
8533.75 1.18373 0.03302
8541.09 1.17305 0.03272
8548.43 1.12243 0.03131
8555.77 1.11979 0.03124
8563.11 1.18373 0.03302
8570.45 1.18991 0.03319
8577.79 1.22837 0.03427
8585.13 1.24889 0.03484
8592.47 1.20050 0.03349
8599.81 1.18574 0.03308
8607.14 1.20812 0.03370
8614.48 1.22645 0.03421
8621.82 1.18385 0.03302
8629.16 1.15288 0.03216
8636.50 1.14487 0.03194
8643.84 1.12884 0.03149
8651.18 1.16395 0.03247
8658.52 1.16082 0.03238
8665.86 1.18991 0.03319
8673.19 1.18991 0.03319
8680.53 1.18563 0.03307
8687.87 1.22196 0.03409
8695.21 1.17491 0.03278
8702.55 1.20970 0.03375
8709.89 1.20668 0.03366
8717.23 1.12683 0.03143
8724.57 1.18892 0.03317
8731.91 1.16514 0.03250
8739.24 1.20917 0.03373
8746.58 1.19423 0.03331
8753.92 1.17846 0.03287
8761.26 1.18563 0.03307
8768.60 1.18574 0.03308
8775.94 1.16282 0.03244
8783.28 1.21244 0.03382
8790.62 1.12931 0.03150
8797.96 1.23208 0.03437
8805.29 1.16762 0.03257
8812.63 1.12442 0.03137
8819.97 1.13737 0.03173
8827.31 1.19236 0.03326
8834.65 1.25103 0.03490
8841.99 1.26264 0.03522
8849.33 1.23518 0.03446
8856.67 1.19236 0.03326
8864.01 1.20595 0.03364
8871.34 1.20595 0.03364
8878.68 1.20668 0.03366
8886.02 1.14327 0.03189
8893.36 1.22088 0.03406
8900.70 1.20917 0.03373
8908.04 1.20970 0.03375
8915.38 1.20970 0.03375
8922.72 1.21244 0.03382
8930.06 1.21739 0.03396
8937.39 1.27018 0.03543
8944.73 1.22196 0.03409
8952.07 1.28411 0.03582
8959.41 1.22196 0.03409
8966.75 1.21739 0.03396
8974.09 1.19474 0.03333
8981.43 1.22088 0.03406
8988.77 1.23208 0.03437
8996.11 1.23479 0.03445
9003.44 1.23518 0.03446
9010.78 1.18338 0.03301
9018.12 1.23845 0.03455
9025.46 1.23845 0.03455
9032.80 1.23848 0.03455
9040.14 1.26385 0.03526
9047.48 1.24649 0.03477
9054.82 1.25449 0.03500
9062.16 1.29358 0.03609
9069.49 1.28007 0.03571
9076.83 1.23848 0.03455
9084.17 1.30598 0.03643
9091.51 1.24788 0.03481
9098.85 1.23479 0.03445
9106.19 1.24788 0.03481
9113.53 1.20595 0.03364
9120.87 1.24788 0.03481
9128.21 1.31667 0.03673
9135.54 1.27658 0.03561
9142.88 1.25192 0.03492
9150.22 1.25336 0.03496
9157.56 1.25398 0.03498
9164.90 1.27161 0.03547
9172.24 1.24795 0.03481
9179.58 1.25398 0.03498
9186.92 1.24294 0.03467
9194.26 1.19895 0.03345
9201.59 1.25336 0.03496
9208.93 1.26279 0.03523
9216.27 1.25718 0.03507
9223.61 1.23845 0.03455
9230.95 1.20087 0.03350
9238.29 1.25449 0.03500
9245.63 1.18497 0.03306
9252.97 1.25398 0.03498
9260.31 1.25449 0.03500
9267.64 1.24152 0.03463
9274.98 1.29938 0.03625
9282.32 1.23657 0.03450
9289.66 1.26699 0.03534
9297.00 1.25192 0.03492
9304.34 1.25718 0.03507
9311.68 1.26279 0.03523
9319.02 1.26279 0.03523
9326.36 1.26279 0.03523
9333.69 1.26279 0.03523
9341.03 1.31011 0.03655
9348.37 1.25718 0.03507
9355.71 1.25398 0.03498
