    0.4350    0.7789    0.0389    1.0000
    0.4375    0.8144    0.0354    1.0000
    0.4400    0.8310    0.0319    1.0000
    0.4425    0.8266    0.0283    1.0000
    0.4450    0.8124    0.0251    1.0000
    0.4475    0.8449    0.0229    1.0000
    0.4500    0.8369    0.0206    1.0000
    0.4525    0.8614    0.0190    1.0000
    0.4550    0.8824    0.0178    1.0000
    0.4575    0.8771    0.0165    1.0000
    0.4600    0.8399    0.0151    1.0000
    0.4625    0.8798    0.0142    1.0000
    0.4650    0.8822    0.0134    1.0000
    0.4675    0.8979    0.0128    1.0000
    0.4700    0.9011    0.0122    1.0000
    0.4725    0.8881    0.0115    1.0000
    0.4750    0.8956    0.0108    1.0000
    0.4775    0.8836    0.0101    1.0000
    0.4800    0.8828    0.0096    1.0000
    0.4825    0.9037    0.0091    1.0000
    0.4850    0.8915    0.0086    1.0000
    0.4875    0.9076    0.0085    1.0000
    0.4900    0.9022    0.0086    1.0000
    0.4925    0.8952    0.0080    1.0000
    0.4950    0.9190    0.0076    1.0000
    0.4975    0.9275    0.0073    1.0000
    0.5000    0.9121    0.0069    1.0000
    0.5025    0.9232    0.0068    1.0000
    0.5050    0.9520    0.0068    1.0000
    0.5075    0.9521    0.0065    1.0000
    0.5100    0.9420    0.0086    1.0000
    0.5125    0.9582    0.0060    1.0000
    0.5150    0.9544    0.0058    1.0000
    0.5175    0.9387    0.0056    1.0000
    0.5200    0.9633    0.0057    1.0000
    0.5250    0.9703    0.0055    1.0000
    0.5300    0.9751    0.0051    1.0000
    0.5325    0.9930    0.0050    1.0000
    0.5350    0.9764    0.0047    1.0000
    0.5375    0.9966    0.0047    1.0000
    0.5400    0.9851    0.0045    1.0000
    0.5425    0.9913    0.0044    1.0000
    0.5450    1.0004    0.0044    1.0000
    0.5475    1.0014    0.0043    1.0000
    0.5500    0.9910    0.0042    1.0000
    0.5525    1.0118    0.0041    1.0000
    0.5550    1.0122    0.0041    1.0000
    0.5575    1.0175    0.0040    1.0000
    0.5600    1.0135    0.0040    1.0000
    0.5625    1.0218    0.0040    1.0000
    0.5650    1.0264    0.0039    1.0000
    0.5675    1.0210    0.0038    1.0000
    0.5700    1.0291    0.0037    1.0000
    0.5725    1.0384    0.0037    1.0000
    0.5750    1.0376    0.0036    1.0000
    0.5775    1.0493    0.0036    1.0000
    0.5800    1.0372    0.0035    1.0000
    0.5825    1.0418    0.0035    1.0000
    0.5850    1.0499    0.0049    1.0000
    0.5875    1.0466    0.0048    1.0000
    0.5900    1.0474    0.0033    1.0000
    0.5925    1.0462    0.0033    1.0000
    0.5950    1.0640    0.0034    1.0000
    0.5975    1.0525    0.0033    1.0000
    0.6000    1.0570    0.0032    1.0000
    0.6025    1.0505    0.0032    1.0000
    0.6050    1.0634    0.0032    1.0000
    0.6075    1.0701    0.0032    1.0000
    0.6100    1.0601    0.0031    1.0000
    0.6125    1.0710    0.0031    1.0000
    0.6150    1.0793    0.0031    1.0000
    0.6175    1.0808    0.0031    1.0000
    0.6200    1.0807    0.0031    1.0000
    0.6225    1.0928    0.0031    1.0000
    0.6250    1.0788    0.0030    1.0000
    0.6275    1.0931    0.0030    1.0000
    0.6300    1.1011    0.0030    1.0000
    0.6325    1.1008    0.0030    1.0000
    0.6350    1.1039    0.0030    1.0000
    0.6375    1.1018    0.0030    1.0000
    0.6400    1.1033    0.0030    1.0000
    0.6425    1.1077    0.0029    1.0000
    0.6450    1.1143    0.0029    1.0000
    0.6475    1.1153    0.0029    1.0000
    0.6500    1.1234    0.0029    1.0000
    0.6525    1.1238    0.0029    1.0000
    0.6550    1.1234    0.0029    1.0000
    0.6575    1.1122    0.0029    1.0000
    0.6600    1.1520    0.0030    1.0000
    0.6625    1.1331    0.0029    1.0000
    0.6650    1.1365    0.0029    1.0000
    0.6675    1.1350    0.0028    1.0000
    0.6700    1.1408    0.0028    1.0000
    0.6725    1.1381    0.0028    1.0000
    0.6750    1.1428    0.0028    1.0000
    0.6775    1.1529    0.0028    1.0000
    0.6800    1.1615    0.0028    1.0000
    0.6825    1.1584    0.0028    1.0000
    0.6850    1.1507    0.0028    1.0000
    0.6875    1.1451    0.0029    1.0000
    0.6900    1.1789    0.0030    1.0000
    0.6925    1.1717    0.0031    1.0000
    0.6950    1.1569    0.0029    1.0000
    0.6975    1.1661    0.0029    1.0000
    0.7000    1.1698    0.0029    1.0000
    0.7025    1.1771    0.0029    1.0000
    0.7050    1.1855    0.0029    1.0000
    0.7075    1.1823    0.0029    1.0000
    0.7100    1.1814    0.0029    1.0000
    0.7125    1.1787    0.0029    1.0000
    0.7150    1.1917    0.0030    1.0000
    0.7175    1.1902    0.0030    1.0000
    0.7200    1.1931    0.0031    1.0000
    0.7225    1.2001    0.0031    1.0000
    0.7250    1.1924    0.0031    1.0000
    0.7275    1.1904    0.0032    1.0000
    0.7300    1.1899    0.0032    1.0000
    0.7325    1.2081    0.0032    1.0000
    0.7350    1.1966    0.0032    1.0000
    0.7375    1.2008    0.0032    1.0000
    0.7400    1.2008    0.0032    1.0000
    0.7425    1.2041    0.0032    1.0000
    0.7450    1.1905    0.0032    1.0000
    0.7475    1.1872    0.0032    1.0000
    0.7500    1.2005    0.0032    1.0000
    0.7525    1.1991    0.0033    1.0000
    0.7550    1.1919    0.0032    1.0000
    0.7575    1.1849    0.0046    1.0000
    0.7600    1.1909    0.0051    1.0000
    0.7675    1.1762    0.0052    1.0000
    0.7700    1.1707    0.0048    1.0000
    0.7725    1.1739    0.0048    1.0000
    0.7750    1.1780    0.0034    1.0000
    0.7775    1.1802    0.0035    1.0000
    0.7800    1.1754    0.0035    1.0000
    0.7825    1.1632    0.0035    1.0000
    0.7850    1.1657    0.0035    1.0000
    0.7875    1.1616    0.0036    1.0000
    0.7900    1.1591    0.0036    1.0000
    0.7925    1.1562    0.0036    1.0000
    0.7950    1.1674    0.0037    1.0000
    0.7975    1.1439    0.0036    1.0000
    0.8000    1.1519    0.0037    1.0000
    0.8025    1.1485    0.0037    1.0000
    0.8050    1.1439    0.0037    1.0000
    0.8075    1.1306    0.0036    1.0000
    0.8100    1.1357    0.0037    1.0000
    0.8125    1.1355    0.0037    1.0000
    0.8150    1.1304    0.0038    1.0000
    0.8175    1.1289    0.0039    1.0000
    0.8200    1.1264    0.0039    1.0000
    0.8225    1.1330    0.0040    1.0000
    0.8250    1.1183    0.0040    1.0000
    0.8275    1.1174    0.0041    1.0000
    0.8300    1.1150    0.0042    1.0000
    0.8325    1.1031    0.0042    1.0000
    0.8350    1.0974    0.0043    1.0000
    0.8375    1.1187    0.0044    1.0000
    0.8400    1.0929    0.0043    1.0000
    0.8425    1.0848    0.0043    1.0000
    0.8450    1.0919    0.0044    1.0000
    0.8475    1.0798    0.0044    1.0000
    0.8500    1.0611    0.0043    1.0000
    0.8525    1.0747    0.0045    1.0000
    0.8550    1.0865    0.0046    1.0000
    0.8575    1.0618    0.0045    1.0000
    0.8600    1.0536    0.0045    1.0000
    0.8625    1.0558    0.0047    1.0000
    0.8650    1.0553    0.0048    1.0000
    0.8675    1.0458    0.0048    1.0000
    0.8700    1.0450    0.0048    1.0000
    0.8725    1.0394    0.0049    1.0000
    0.8750    1.0417    0.0051    1.0000
    0.8775    1.0337    0.0053    1.0000
    0.8800    1.0133    0.0053    1.0000
    0.8825    1.0190    0.0054    1.0000
    0.8850    1.0143    0.0055    1.0000
    0.8875    1.0194    0.0056    1.0000
    0.8900    1.0231    0.0057    1.0000
    0.8925    1.0087    0.0057    1.0000
    0.8950    1.0135    0.0058    1.0000
    0.8975    1.0177    0.0060    1.0000
    0.9000    1.0303    0.0060    1.0000
    0.9025    1.0081    0.0060    1.0000
    0.9050    1.0154    0.0060    1.0000
    0.9075    1.0265    0.0061    1.0000
    0.9100    1.0294    0.0063    1.0000
    0.9125    1.0269    0.0064    1.0000
    0.9150    1.0277    0.0065    1.0000
    0.9175    1.0268    0.0066    1.0000
    0.9200    1.0315    0.0067    1.0000
    0.9225    1.0287    0.0069    1.0000
    0.9250    1.0242    0.0071    1.0000

    0.7800   -1.0000   -1.0000    0.0000
    0.7850   -1.0000   -1.0000    0.0000
    0.7900   -1.0000   -1.0000    0.0000
    0.7950   -1.0000   -1.0000    0.0000
    0.8000    1.1399    0.0035    3.0000
    0.8050    1.1417    0.0037    3.0000
    0.8100    1.1396    0.0037    3.0000
    0.8150    1.1177    0.0035    3.0000
    0.8200   -1.0000   -1.0000    0.0000
    0.8250   -1.0000   -1.0000    0.0000
    0.8300    1.1080    0.0032    1.0000
    0.8350    1.0965    0.0030    2.0000
    0.8400    1.0952    0.0031    3.0000
    0.8450    1.0925    0.0031    3.0000
    0.8500    1.0835    0.0030    3.0000
    0.8550    1.0775    0.0030    3.0000
    0.8600    1.0728    0.0030    1.0000
    0.8650    1.0558    0.0029    3.0000
    0.8700    1.0458    0.0029    3.0000
    0.8750    1.0471    0.0028    3.0000
    0.8800    1.0352    0.0028    3.0000
    0.8850    1.0341    0.0027    3.0000
    0.8900    1.0308    0.0027    3.0000
    0.8950    1.0311    0.0027    3.0000
    0.9000    1.0284    0.0027    3.0000
    0.9050    1.0304    0.0028    3.0000
    0.9100    1.0326    0.0028    3.0000
    0.9150    1.0349    0.0027    3.0000
    0.9200    1.0278    0.0027    3.0000
    0.9250    1.0330    0.0027    3.0000
    0.9300    1.0284    0.0028    3.0000
    0.9350    1.0253    0.0028    2.0000
    0.9400    1.0309    0.0027    1.0000
    0.9450    1.0281    0.0028    1.0000
    0.9500   -1.0000   -1.0000    0.0000
    0.9550    1.0436    0.0029    1.0000
    0.9600    1.0533    0.0028    3.0000
    0.9650    1.0649    0.0030    3.0000
    0.9700    1.0684    0.0026    3.0000
    0.9750    1.0751    0.0025    3.0000
    0.9800    1.0818    0.0025    3.0000
    0.9850    1.0919    0.0024    3.0000
    0.9900    1.0937    0.0024    3.0000
    0.9950    1.1001    0.0023    3.0000
    1.0000    1.1096    0.0023    3.0000
    1.0050    1.1174    0.0023    3.0000
    1.0100    1.1196    0.0023    3.0000
    1.0150    1.1307    0.0023    3.0000
    1.0200    1.1304    0.0023    3.0000
    1.0250    1.1293    0.0023    3.0000
    1.0300    1.1294    0.0023    3.0000
    1.0350    1.1274    0.0023    3.0000
    1.0400    1.1394    0.0023    3.0000
    1.0450    1.1513    0.0023    3.0000
    1.0500    1.1491    0.0022    3.0000
    1.0550    1.1568    0.0022    3.0000
    1.0600    1.1581    0.0022    3.0000
    1.0650    1.1595    0.0022    3.0000
    1.0700    1.1669    0.0022    3.0000
    1.0750    1.1730    0.0022    3.0000
    1.0800    1.1701    0.0024    3.0000
    1.0850    1.1752    0.0026    3.0000
    1.0900    1.1800    0.0025    3.0000
    1.0950    1.1925    0.0024    3.0000
    1.1000    1.1913    0.0023    3.0000
    1.1050    1.1935    0.0023    3.0000
    1.1100    1.1984    0.0024    3.0000
    1.1150    1.1987    0.0025    3.0000
    1.1200    1.2025    0.0027    3.0000
    1.1250    1.2053    0.0029    3.0000
    1.1300    1.2130    0.0030    3.0000
    1.1350    1.2178    0.0029    3.0000
    1.1400    1.2242    0.0029    3.0000
    1.1450    1.2280    0.0028    3.0000
    1.1500    1.2314    0.0027    3.0000
    1.1550    1.2362    0.0025    3.0000
    1.1600    1.2445    0.0024    3.0000
    1.1650    1.2489    0.0023    3.0000
    1.1700    1.2527    0.0023    3.0000
    1.1750    1.2586    0.0023    3.0000
    1.1800    1.2548    0.0022    3.0000
    1.1850    1.2570    0.0022    3.0000
    1.1900    1.2567    0.0022    3.0000
    1.1950    1.2664    0.0022    3.0000
    1.2000    1.2671    0.0022    3.0000
    1.2050    1.2637    0.0022    3.0000
    1.2100    1.2665    0.0022    3.0000
    1.2150    1.2658    0.0022    3.0000
    1.2200    1.2691    0.0022    3.0000
    1.2250    1.2731    0.0022    3.0000
    1.2300    1.2762    0.0021    3.0000
    1.2350    1.2887    0.0022    3.0000
    1.2400    1.2906    0.0022    3.0000
    1.2450    1.2916    0.0022    3.0000
    1.2500    1.2946    0.0022    3.0000
    1.2550    1.2892    0.0022    3.0000
    1.2600    1.3034    0.0022    3.0000
    1.2650    1.2985    0.0022    3.0000
    1.2700    1.2900    0.0022    3.0000
    1.2750    1.2979    0.0022    3.0000
    1.2800    1.2933    0.0022    3.0000
    1.2850    1.3021    0.0022    3.0000
    1.2900    1.3087    0.0022    3.0000
    1.2950    1.3116    0.0022    3.0000
    1.3000    1.3118    0.0023    3.0000
    1.3050    1.3168    0.0023    3.0000
    1.3100    1.3197    0.0023    3.0000
    1.3150    1.3189    0.0024    3.0000
    1.3200    1.3292    0.0025    3.0000
    1.3250    1.3305    0.0025    3.0000
    1.3300    1.3335    0.0026    3.0000
    1.3350    1.3407    0.0028    3.0000
    1.3400    1.3475    0.0033    3.0000
    1.3450    1.3516    0.0039    1.0000
    1.3500    1.3562    0.0055    1.0000
    1.3550   -1.0000   -1.0000    0.0000
    1.3600    1.3270    0.0186    1.0000
    1.3650    1.3344    0.0157    2.0000
    1.3700    1.3361    0.0161    2.0000
    1.3750    1.3444    0.0139    2.0000
    1.3800    1.3412    0.0123    3.0000
    1.3850    1.3471    0.0112    2.0000
    1.3900    1.3579    0.0101    1.0000
    1.3950    1.3439    0.0090    3.0000
    1.4000    1.3544    0.0082    2.0000
    1.4050    1.3637    0.0067    2.0000
    1.4100   -1.0000   -1.0000    0.0000
    1.4150    1.3559    0.0049    1.0000
    1.4200   -1.0000   -1.0000    0.0000
    1.4250    1.3554    0.0043    1.0000
    1.4300    1.3612    0.0044    2.0000
    1.4350    1.3688    0.0041    3.0000
    1.4400    1.3714    0.0039    3.0000
    1.4450    1.3640    0.0037    2.0000
    1.4500    1.3772    0.0035    2.0000
    1.4550    1.3709    0.0034    3.0000
    1.4600    1.3774    0.0034    3.0000
    1.4650    1.3738    0.0034    3.0000
    1.4700    1.3742    0.0034    3.0000
    1.4750    1.3726    0.0033    3.0000
    1.4800    1.3751    0.0032    3.0000
    1.4850    1.3684    0.0030    3.0000
    1.4900    1.3670    0.0029    3.0000
    1.4950    1.3700    0.0028    3.0000
    1.5000    1.3682    0.0027    3.0000
    1.5050    1.3689    0.0027    3.0000
    1.5100    1.3684    0.0025    2.0000
    1.5150    1.3718    0.0027    3.0000
    1.5200    1.3774    0.0027    3.0000
    1.5250    1.3718    0.0026    3.0000
    1.5300    1.3692    0.0026    3.0000
    1.5350    1.3737    0.0026    3.0000
    1.5400    1.3775    0.0027    3.0000
    1.5450    1.3864    0.0027    3.0000
    1.5500    1.3766    0.0027    3.0000
    1.5550    1.3776    0.0027    3.0000
    1.5600    1.3721    0.0027    3.0000
    1.5650    1.3694    0.0028    3.0000
    1.5700    1.3676    0.0028    3.0000
    1.5750    1.3639    0.0028    3.0000
    1.5800    1.3670    0.0028    3.0000
    1.5850    1.3638    0.0028    3.0000
    1.5900    1.3596    0.0028    3.0000
    1.5950    1.3625    0.0028    3.0000
    1.6000    1.3601    0.0028    3.0000
    1.6050    1.3516    0.0028    3.0000
    1.6100    1.3486    0.0031    3.0000
    1.6150    1.3463    0.0028    3.0000
    1.6200    1.3512    0.0028    3.0000
    1.6250    1.3529    0.0028    3.0000
    1.6300    1.3579    0.0031    3.0000
    1.6350    1.3559    0.0034    3.0000
    1.6400    1.3562    0.0032    3.0000
    1.6450    1.3505    0.0030    3.0000
    1.6500    1.3447    0.0029    3.0000
    1.6550    1.3389    0.0029    3.0000
    1.6600    1.3358    0.0029    3.0000
    1.6650    1.3264    0.0029    3.0000
    1.6700    1.3314    0.0029    3.0000
    1.6750    1.3346    0.0030    3.0000
    1.6800    1.3335    0.0030    3.0000
    1.6850    1.3259    0.0030    3.0000
    1.6900    1.3147    0.0030    3.0000
    1.6950    1.3131    0.0030    3.0000
    1.7000    1.3084    0.0030    3.0000
    1.7050    1.3094    0.0030    3.0000
    1.7100    1.3000    0.0030    3.0000
    1.7150    1.3120    0.0031    3.0000
    1.7200    1.3106    0.0031    3.0000
    1.7250    1.3084    0.0031    3.0000
    1.7300    1.3079    0.0032    3.0000
    1.7350    1.3033    0.0033    3.0000
    1.7400    1.3004    0.0032    3.0000
    1.7450    1.3038    0.0033    3.0000
    1.7500    1.3013    0.0033    3.0000
    1.7550    1.3000    0.0033    3.0000
    1.7600    1.2886    0.0033    3.0000
    1.7650    1.2808    0.0033    3.0000
    1.7700    1.2825    0.0034    3.0000
    1.7750    1.2791    0.0036    3.0000
    1.7800    1.2784    0.0036    3.0000
    1.7850    1.2877    0.0038    3.0000
    1.7900    1.2808    0.0039    3.0000
    1.7950    1.2856    0.0043    3.0000
    1.8000    1.2844    0.0048    3.0000
    1.8050    1.2699    0.0053    3.0000
    1.8100    1.2765    0.0062    3.0000
    1.8150    1.2847    0.0072    3.0000
    1.8200    1.2756    0.0079    2.0000
    1.8250    1.2794    0.0084    1.0000
    1.8300    1.2684    0.0131    2.0000
    1.8350   -1.0000   -1.0000    0.0000
    1.8400    1.2786    0.0256    1.0000
    1.8450    1.2699    0.0393    1.0000
    1.8500    1.2515    0.0358    1.0000
    1.8550    1.2595    0.0321    2.0000
    1.8600    1.2683    0.0289    1.0000
    1.8650    1.2504    0.0334    1.0000
    1.8700   -1.0000   -1.0000    0.0000
    1.8750    1.2701    0.0344    2.0000
    1.8800    1.2454    0.0216    1.0000
    1.8850    1.2480    0.0178    2.0000
    1.8900    1.2563    0.0166    2.0000
    1.8950    1.2642    0.0177    3.0000
    1.9000    1.2601    0.0197    2.0000
    1.9050    1.2667    0.0240    2.0000
    1.9100   -1.0000   -1.0000    0.0000
    1.9150    1.2721    0.0181    1.0000
    1.9200    1.2580    0.0138    1.0000
    1.9250    1.2609    0.0122    2.0000
    1.9300    1.2738    0.0105    1.0000
    1.9350    1.2747    0.0095    1.0000
    1.9400   -1.0000   -1.0000    0.0000
    1.9450    1.2784    0.0078    1.0000
    1.9500    1.2738    0.0074    1.0000
    1.9550    1.2754    0.0073    1.0000
    1.9600    1.2721    0.0068    3.0000
    1.9650    1.2796    0.0064    2.0000
    1.9700    1.2715    0.0054    1.0000
    1.9750    1.2613    0.0050    3.0000
    1.9800    1.2638    0.0047    3.0000
    1.9850    1.2655    0.0045    3.0000
    1.9900    1.2759    0.0045    3.0000
    1.9950    1.2702    0.0047    3.0000
    2.0000    1.2728    0.0054    3.0000
    2.0050    1.2690    0.0063    3.0000
    2.0100    1.2640    0.0072    2.0000
    2.0150    1.2690    0.0067    3.0000
    2.0200    1.2751    0.0061    3.0000
    2.0250    1.2770    0.0054    3.0000
    2.0300    1.2719    0.0048    3.0000
    2.0350    1.2684    0.0046    3.0000
    2.0400    1.2632    0.0045    3.0000
    2.0450    1.2718    0.0046    3.0000
    2.0500    1.2723    0.0048    3.0000
    2.0550    1.2730    0.0051    3.0000
    2.0600    1.2817    0.0053    3.0000
    2.0650    1.2931    0.0053    3.0000
    2.0700    1.2913    0.0052    3.0000
    2.0750    1.2918    0.0051    3.0000
    2.0800    1.2965    0.0049    3.0000
    2.0850    1.2999    0.0048    3.0000
    2.0900    1.3032    0.0048    3.0000
    2.0950    1.3019    0.0048    3.0000
    2.1000    1.3042    0.0048    3.0000
    2.1050    1.3080    0.0048    3.0000
    2.1100    1.3070    0.0049    3.0000
    2.1150    1.3137    0.0049    3.0000
    2.1200    1.3103    0.0049    3.0000
    2.1250    1.3098    0.0050    3.0000
    2.1300    1.3213    0.0054    3.0000
    2.1350    1.3244    0.0055    3.0000
    2.1400    1.3153    0.0050    3.0000
    2.1450    1.3231    0.0051    3.0000
    2.1500    1.3233    0.0051    3.0000
    2.1550    1.3188    0.0052    3.0000
    2.1600    1.3251    0.0053    3.0000
    2.1650    1.3328    0.0054    3.0000
    2.1700    1.3376    0.0054    3.0000
    2.1750    1.3177    0.0053    3.0000
    2.1800    1.3279    0.0054    3.0000
    2.1850    1.3337    0.0054    3.0000
    2.1900    1.3261    0.0054    3.0000
    2.1950    1.3275    0.0055    3.0000
    2.2000    1.3325    0.0056    3.0000
    2.2050    1.3341    0.0056    3.0000
    2.2100    1.3314    0.0056    3.0000
    2.2150    1.3273    0.0056    3.0000
    2.2200    1.3297    0.0056    3.0000
    2.2250    1.3380    0.0061    3.0000
    2.2300    1.3413    0.0057    3.0000
    2.2350    1.3357    0.0057    3.0000
    2.2400    1.3353    0.0058    3.0000
    2.2450    1.3389    0.0059    3.0000
    2.2500    1.3444    0.0060    3.0000
    2.2550    1.3383    0.0060    3.0000
    2.2600    1.3390    0.0061    3.0000
    2.2650    1.3397    0.0061    3.0000
    2.2700    1.3388    0.0062    3.0000
    2.2750    1.3481    0.0063    3.0000
    2.2800    1.3481    0.0063    3.0000
    2.2850    1.3424    0.0064    3.0000
    2.2900    1.3541    0.0065    3.0000
    2.2950    1.3466    0.0066    3.0000
    2.3000    1.3386    0.0065    3.0000
    2.3050    1.3361    0.0065    3.0000
    2.3100    1.3299    0.0066    3.0000
    2.3150    1.3377    0.0068    3.0000
    2.3200    1.3445    0.0068    3.0000
    2.3250    1.3429    0.0068    3.0000
    2.3300    1.3471    0.0068    3.0000
    2.3350    1.3509    0.0070    3.0000
    2.3400    1.3512    0.0072    3.0000
    2.3450    1.3578    0.0074    3.0000
    2.3500    1.3524    0.0074    3.0000
    2.3550    1.3481    0.0073    3.0000
    2.3600    1.3474    0.0074    3.0000
    2.3650    1.3486    0.0077    3.0000
    2.3700    1.3359    0.0078    3.0000
    2.3750    1.3346    0.0079    3.0000
    2.3800    1.3513    0.0080    3.0000
    2.3850    1.3620    0.0081    3.0000
    2.3900    1.3718    0.0077    2.0000
    2.3950    1.3509    0.0079    3.0000
    2.4000    1.3570    0.0082    3.0000
    2.4050    1.3514    0.0085    3.0000
    2.4100    1.3491    0.0089    3.0000
    2.4150    1.3558    0.0090    3.0000
    2.4200    1.3437    0.0086    2.0000
    2.4250    1.3440    0.0087    3.0000
    2.4300    1.3416    0.0080    1.0000
    2.4350    1.3521    0.0092    3.0000
    2.4400    1.3547    0.0094    2.0000
    2.4450    1.3471    0.0090    1.0000
    2.4500    1.3575    0.1000    1.0000
    2.4550   -1.0000   -1.0000    0.0000
    2.4600   -1.0000   -1.0000    0.0000
    2.4650   -1.0000   -1.0000    0.0000
    2.4700   -1.0000   -1.0000    0.0000
    2.4750   -1.0000   -1.0000    0.0000
    2.4800   -1.0000   -1.0000    0.0000
    2.4850   -1.0000   -1.0000    0.0000
    2.4900   -1.0000   -1.0000    0.0000
