    0.3600    0.5664    0.0068    1.0000
    0.3625    0.5589    0.0090    1.0000
    0.3700    0.5798    0.0090    1.0000
    0.3725    0.6005    0.0028    1.0000
    0.3750    0.5881    0.0029    1.0000
    0.3775    0.6064    0.0081    1.0000
    0.3850    0.6101    0.0023    1.0000
    0.3875    0.6131    0.0049    1.0000
    0.3975    0.6563    0.0050    1.0000
    0.4000    0.6734    0.0089    1.0000
    0.4025    0.7235    0.0056    1.0000
    0.4050    0.7114    0.0179    1.0000
    0.4075    0.7136    0.0118    1.0000
    0.4100    0.7511    0.0129    1.0000
    0.4125    0.7153    0.0132    1.0000
    0.4150    0.7284    0.0048    1.0000
    0.4175    0.7731    0.0047    1.0000
    0.4200    0.7438    0.0068    1.0000
    0.4225    0.7563    0.0121    1.0000
    0.4250    0.7388    0.0132    1.0000
    0.4275    0.7574    0.0154    1.0000
    0.4300    0.8235    0.0039    1.0000
    0.4375    0.8137    0.0048    1.0000
    0.4400    0.7643    0.0031    1.0000
    0.4425    0.7443    0.0041    1.0000
    0.4450    0.7891    0.0076    1.0000
    0.4475    0.7723    0.0042    1.0000
    0.4500    0.7735    0.0093    1.0000
    0.4525    0.8184    0.0057    1.0000
    0.4550    0.8218    0.0360    1.0000
    0.4575    0.8071    0.0149    1.0000
    0.4600    0.8168    0.0036    1.0000
    0.4625    0.8399    0.0046    1.0000
    0.4650    0.8439    0.0113    1.0000
    0.4675    0.8301    0.0046    1.0000
    0.4700    0.8441    0.0084    1.0000
    0.4725    0.8324    0.0017    1.0000
    0.4750    0.8466    0.0032    1.0000
    0.4775    0.8562    0.0069    1.0000
    0.4800    0.8493    0.0101    1.0000
    0.4825    0.8906    0.0130    1.0000
    0.4850    0.9543    0.0175    1.0000
    0.4875    0.9240    0.0031    1.0000
    0.4900    0.8796    0.0017    1.0000
    0.4925    0.9278    0.0481    1.0000
    0.5000    0.9312    0.0045    1.0000
    0.5025    0.9372    0.0089    1.0000
    0.5050    0.9691    0.0056    1.0000
    0.5075    0.9289    0.0073    1.0000
    0.5350    0.9694    0.0119    1.0000
    0.5375    1.0256    0.0042    1.0000
    0.5425    1.0015    0.0075    1.0000
    0.5450    0.9803    0.0038    1.0000
    0.5475    1.0044    0.0123    1.0000
    0.5500    1.0022    0.0013    1.0000
    0.5525    0.9957    0.0123    1.0000
    0.5550    0.9928    0.0079    1.0000
    0.5575    1.0195    0.0175    1.0000
    0.5600    1.0303    0.0029    1.0000
    0.5625    0.9980    0.0025    1.0000
    0.5650    1.0218    0.0062    1.0000
    0.5675    1.0067    0.0050    1.0000
    0.5700    1.0429    0.0068    1.0000
    0.5725    1.0239    0.0041    1.0000
    0.5750    1.0227    0.0028    1.0000
    0.5775    1.0479    0.0113    1.0000
    0.5800    1.0330    0.0029    1.0000
    0.5825    1.0087    0.0186    1.0000
    0.5850    1.0327    0.0065    1.0000
    0.5875    1.0475    0.0135    1.0000
    0.5900    1.0726    0.0078    1.0000
    0.5925    1.0210    0.0041    1.0000
    0.5950    1.0353    0.0067    1.0000
    0.5975    1.0314    0.0068    1.0000
    0.6025    1.0390    0.0084    1.0000
    0.6050    1.0346    0.0115    1.0000
    0.6075    1.0613    0.0040    1.0000
    0.6100    1.0440    0.0142    1.0000
    0.6125    1.0577    0.0111    1.0000
    0.6150    1.0742    0.0057    1.0000
    0.6175    1.0592    0.0069    1.0000
    0.6200    1.0503    0.0031    1.0000
    0.6225    1.0631    0.0040    1.0000
    0.6250    1.0915    0.0040    1.0000
    0.6275    1.0774    0.0182    1.0000
    0.6350    1.1023    0.0046    1.0000
    0.6375    1.0762    0.0148    1.0000
    0.6400    1.0987    0.0027    1.0000
    0.6425    1.1110    0.0078    1.0000
    0.6450    1.0857    0.0034    1.0000
    0.6475    1.1002    0.0040    1.0000
    0.6500    1.1091    0.0184    1.0000
    0.6550    1.1115    0.0149    1.0000
    0.6600    1.1005    0.0032    1.0000
    0.6625    1.0969    0.0037    1.0000
    0.6650    1.1111    0.0056    1.0000
    0.6675    1.0986    0.0108    1.0000
    0.6700    1.0963    0.0033    1.0000
    0.6725    1.1124    0.0039    1.0000
    0.6750    1.1266    0.0027    1.0000
    0.6775    1.1062    0.0037    1.0000
    0.6875    1.1432    0.0046    1.0000
    0.6900    1.1404    0.0055    1.0000
    0.6925    1.1292    0.0044    1.0000
    0.6950    1.1207    0.0028    1.0000
    0.6975    1.1059    0.0075    1.0000
    0.7000    1.1130    0.0054    1.0000
    0.7025    1.1362    0.0021    1.0000
    0.7050    1.1357    0.0022    1.0000
    0.7075    1.1266    0.0132    1.0000
    0.7100    1.1165    0.0130    1.0000
    0.7125    1.1197    0.0081    1.0000
    0.7250    1.1451    0.0075    1.0000
    0.7275    1.1436    0.0043    1.0000
    0.7300    1.1720    0.0028    1.0000
    0.7325    1.1666    0.0086    1.0000
    0.7350    1.1386    0.0032    1.0000
    0.7375    1.1463    0.0074    1.0000
    0.7400    1.1736    0.0059    1.0000
    0.7425    1.1646    0.0026    1.0000
    0.7450    1.1708    0.0053    1.0000
    0.7475    1.1565    0.0058    1.0000
    0.7500    1.1534    0.0093    1.0000
    0.7700    1.1801    0.0164    1.0000
    0.7725    1.1766    0.0115    1.0000
    0.7750    1.1527    0.0168    1.0000
    0.7775    1.1427    0.0202    1.0000
    0.7800    1.1133    0.0113    1.0000
    0.7825    1.1490    0.0125    1.0000
    0.7850    1.1151    0.0136    1.0000
    0.7875    1.1132    0.0122    1.0000
    0.7900    1.0759    0.0097    1.0000
    0.7925    1.1257    0.0068    1.0000
    0.7950    1.1722    0.0134    1.0000
    0.7975    1.1489    0.0132    1.0000
    0.8000    1.0964    0.0093    1.0000
    0.8025    1.1110    0.0067    1.0000
    0.8050    1.1396    0.0094    1.0000
    0.8075    1.1073    0.0094    1.0000
    0.8100    1.0968    0.0107    1.0000
    0.8125    1.0247    0.0095    1.0000
    0.8150    1.0585    0.0093    1.0000
    0.8175    1.0505    0.0094    1.0000
    0.8200    1.0673    0.0107    1.0000
    0.8225    1.1197    0.0094    1.0000
    0.8250    1.0167    0.0092    1.0000
    0.8275    1.0178    0.0100    1.0000
    0.8300    1.0531    0.0151    1.0000
    0.8325    1.0759    0.0084    1.0000
    0.8350    1.0559    0.0094    1.0000
    0.8375    1.0818    0.0076    1.0000
    0.8400    1.0765    0.0111    1.0000
    0.8425    1.0306    0.0092    1.0000
    0.8450    1.0884    0.0106    1.0000
    0.8500    1.0651    0.0105    1.0000
    0.8575    1.0409    0.0095    1.0000
    0.8625    1.0063    0.0213    1.0000
    0.8650    1.0012    0.0096    1.0000
    0.8675    0.9883    0.0095    1.0000
    0.8700    0.9795    0.0096    1.0000
    0.8725    0.9749    0.0096    1.0000
    0.8775    0.9981    0.0133    1.0000
    0.8800    1.0344    0.0093    1.0000
    0.8825    0.9648    0.0092    1.0000
    0.8850    0.9608    0.0076    1.0000
    0.8875    0.9556    0.0101    1.0000
    0.8900    1.0195    0.0106    1.0000
    0.8925    0.9866    0.0095    1.0000
    0.8950    0.9983    0.0080    1.0000
    0.8975    1.0204    0.0093    1.0000
    0.9000    0.9683    0.0087    1.0000
    0.9025    0.9883    0.0073    1.0000
    0.9075    0.9858    0.0104    1.0000
    0.9100    0.9679    0.0106    1.0000
    0.9125    0.9860    0.0104    1.0000
    0.9150    0.9915    0.0104    1.0000
    0.9175    0.9642    0.0109    1.0000
    0.9200    0.9832    0.0107    1.0000

    0.7800    1.1479    0.0116    3.0000
    0.7850    1.1216    0.0114    3.0000
    0.7900    1.1331    0.0113    3.0000
    0.7950    1.1422    0.0113    3.0000
    0.8000    1.1159    0.0109    3.0000
    0.8050    1.1058    0.0108    3.0000
    0.8100    1.1112    0.0108    3.0000
    0.8150    1.1014    0.0107    3.0000
    0.8200    1.0957    0.0106    3.0000
    0.8250    1.0882    0.0105    3.0000
    0.8300    1.0759    0.0106    3.0000
    0.8350    1.0462    0.0097    3.0000
    0.8400    1.0359    0.0095    3.0000
    0.8450    1.0411    0.0095    3.0000
    0.8500    1.0466    0.0097    3.0000
    0.8550    1.0315    0.0094    2.0000
    0.8600    1.0247    0.0092    3.0000
    0.8650    1.0081    0.0090    3.0000
    0.8700    0.9976    0.0091    3.0000
    0.8750    0.9973    0.0088    3.0000
    0.8800    0.9815    0.0086    3.0000
    0.8850    0.9766    0.0085    3.0000
    0.8900    0.9709    0.0083    3.0000
    0.8950    0.9754    0.0084    3.0000
    0.9000    0.9732    0.0084    3.0000
    0.9050    0.9734    0.0084    3.0000
    0.9100    0.9677    0.0086    3.0000
    0.9150    0.9631    0.0082    3.0000
    0.9200    0.9551    0.0081    3.0000
    0.9250    0.9612    0.0084    3.0000
    0.9300    0.9731    0.0087    3.0000
    0.9350    0.9725    0.0093    3.0000
    0.9400    0.9697    0.0093    3.0000
    0.9450    0.9667    0.0093    3.0000
    0.9500    0.9641    0.0087    2.0000
    0.9550    0.9710    0.0089    3.0000
    0.9600    0.9947    0.0085    3.0000
    0.9650    1.0139    0.0118    3.0000
    0.9700    1.0016    0.0080    3.0000
    0.9750    1.0097    0.0078    3.0000
    0.9800    1.0158    0.0077    3.0000
    0.9850    1.0168    0.0074    3.0000
    0.9900    1.0159    0.0073    3.0000
    0.9950    1.0309    0.0072    3.0000
    1.0000    1.0570    0.0074    3.0000
    1.0050    1.0680    0.0069    1.0000
    1.0100    1.0594    0.0077    3.0000
    1.0150    1.0701    0.0072    3.0000
    1.0200    1.0780    0.0074    3.0000
    1.0250    1.0782    0.0076    3.0000
    1.0300    1.0874    0.0074    3.0000
    1.0350    1.0907    0.0071    3.0000
    1.0400    1.0902    0.0071    3.0000
    1.0450    1.1026    0.0072    3.0000
    1.0500    1.1115    0.0071    3.0000
    1.0550    1.1241    0.0073    3.0000
    1.0600    1.1242    0.0070    3.0000
    1.0650    1.1300    0.0070    3.0000
    1.0700    1.1323    0.0071    3.0000
    1.0750    1.1350    0.0071    3.0000
    1.0800    1.1432    0.0071    3.0000
    1.0850    1.1447    0.0070    3.0000
    1.0900    1.1427    0.0070    3.0000
    1.0950    1.1559    0.0071    3.0000
    1.1000    1.1606    0.0072    3.0000
    1.1050    1.1612    0.0076    3.0000
    1.1100    1.1660    0.0078    3.0000
    1.1150    1.1830    0.0081    3.0000
    1.1200    1.1838    0.0089    3.0000
    1.1250    1.1698    0.0091    3.0000
    1.1300    1.1739    0.0092    3.0000
    1.1350    1.1799    0.0091    3.0000
    1.1400    1.1860    0.0092    3.0000
    1.1450    1.1985    0.0086    3.0000
    1.1500    1.2052    0.0087    3.0000
    1.1550    1.2092    0.0082    3.0000
    1.1600    1.2134    0.0077    3.0000
    1.1650    1.2097    0.0076    3.0000
    1.1700    1.2128    0.0073    3.0000
    1.1750    1.2299    0.0071    3.0000
    1.1800    1.2212    0.0070    3.0000
    1.1850    1.2184    0.0069    3.0000
    1.1900    1.2205    0.0069    3.0000
    1.1950    1.2276    0.0069    3.0000
    1.2000    1.2338    0.0070    3.0000
    1.2050    1.2355    0.0071    3.0000
    1.2100    1.2362    0.0069    3.0000
    1.2150    1.2285    0.0071    3.0000
    1.2200    1.2297    0.0071    3.0000
    1.2250    1.2341    0.0069    3.0000
    1.2300    1.2302    0.0068    3.0000
    1.2350    1.2350    0.0069    3.0000
    1.2400    1.2388    0.0067    3.0000
    1.2450    1.2428    0.0068    3.0000
    1.2500    1.2516    0.0068    3.0000
    1.2550    1.2431    0.0068    3.0000
    1.2600    1.2437    0.0073    3.0000
    1.2650    1.2337    0.0080    3.0000
    1.2700    1.2413    0.0072    3.0000
    1.2750    1.2541    0.0077    3.0000
    1.2800    1.2437    0.0075    3.0000
    1.2850    1.2638    0.0072    3.0000
    1.2900    1.2705    0.0070    3.0000
    1.2950    1.2687    0.0073    3.0000
    1.3000    1.2560    0.0074    3.0000
    1.3050    1.2573    0.0075    3.0000
    1.3100    1.2610    0.0073    3.0000
    1.3150    1.2602    0.0077    3.0000
    1.3200    1.2709    0.0080    3.0000
    1.3250    1.2895    0.0083    2.0000
    1.3300    1.2846    0.0084    3.0000
    1.3350    1.2681    0.0087    3.0000
    1.3400    1.2719    0.0096    2.0000
    1.3450    1.2906    0.0133    1.0000
    1.3500    1.2589    0.0168    1.0000
    1.3550    1.2925    0.0321    1.0000
    1.3600    1.2378    0.0546    1.0000
    1.3650   -1.0000   -1.0000    0.0000
    1.3700    1.2675    0.0475    3.0000
    1.3750    1.3048    0.0414    3.0000
    1.3800    1.3240    0.0403    1.0000
    1.3850   -1.0000   -1.0000    0.0000
    1.3900   -1.0000   -1.0000    0.0000
    1.3950    1.2940    0.0275    3.0000
    1.4000    1.3222    0.0272    1.0000
    1.4050    1.2689    0.0188    1.0000
    1.4100    1.2915    0.0183    3.0000
    1.4150    1.3048    0.0159    3.0000
    1.4200    1.3003    0.0151    2.0000
    1.4250    1.2898    0.0134    3.0000
    1.4300    1.2751    0.0132    3.0000
    1.4350    1.2710    0.0125    3.0000
    1.4400    1.2673    0.0117    3.0000
    1.4450    1.2824    0.0118    3.0000
    1.4500    1.2849    0.0106    3.0000
    1.4550    1.3116    0.0105    3.0000
    1.4600    1.3033    0.0107    3.0000
    1.4650    1.2923    0.0105    3.0000
    1.4700    1.3065    0.0111    3.0000
    1.4750    1.3093    0.0108    3.0000
    1.4800    1.3078    0.0099    3.0000
    1.4850    1.2998    0.0099    2.0000
    1.4900   -1.0000   -1.0000    0.0000
    1.4950    1.2642    0.0075    1.0000
    1.5000    1.2935    0.0089    1.0000
    1.5050   -1.0000   -1.0000    0.0000
    1.5100    1.2817    0.0090    3.0000
    1.5150    1.3019    0.0084    3.0000
    1.5200    1.3186    0.0093    3.0000
    1.5250    1.3326    0.0093    3.0000
    1.5300    1.3485    0.0099    3.0000
    1.5350    1.3088    0.0086    3.0000
    1.5400    1.2973    0.0089    3.0000
    1.5450    1.3154    0.0095    3.0000
    1.5500    1.2829    0.0087    3.0000
    1.5550    1.2910    0.0092    3.0000
    1.5600    1.2917    0.0084    3.0000
    1.5650    1.2944    0.0088    3.0000
    1.5700    1.2846    0.0089    3.0000
    1.5750    1.2465    0.0088    3.0000
    1.5800    1.2576    0.0091    3.0000
    1.5850    1.2596    0.0088    3.0000
    1.5900    1.2769    0.0099    3.0000
    1.5950    1.2763    0.0091    3.0000
    1.6000    1.2688    0.0098    3.0000
    1.6050    1.2418    0.0094    3.0000
    1.6100    1.2438    0.0108    3.0000
    1.6150    1.2641    0.0095    3.0000
    1.6200    1.2730    0.0089    3.0000
    1.6250    1.2642    0.0101    3.0000
    1.6300    1.2532    0.0102    3.0000
    1.6350    1.2658    0.0118    3.0000
    1.6400    1.2303    0.0097    3.0000
    1.6450    1.2421    0.0095    3.0000
    1.6500    1.2360    0.0089    3.0000
    1.6550    1.2100    0.0088    3.0000
    1.6600    1.2211    0.0099    3.0000
    1.6650    1.2323    0.0097    3.0000
    1.6700    1.1992    0.0089    3.0000
    1.6750    1.2002    0.0097    3.0000
    1.6800    1.2141    0.0092    3.0000
    1.6850    1.2128    0.0092    3.0000
    1.6900    1.1821    0.0106    3.0000
    1.6950    1.1931    0.0098    3.0000
    1.7000    1.1704    0.0106    3.0000
    1.7050    1.1721    0.0102    3.0000
    1.7100    1.1699    0.0095    3.0000
    1.7150    1.1958    0.0095    3.0000
    1.7200    1.1986    0.0101    3.0000
    1.7250    1.2096    0.0099    3.0000
    1.7300    1.2172    0.0099    3.0000
    1.7350    1.1898    0.0103    3.0000
    1.7400    1.1947    0.0100    3.0000
    1.7450    1.2097    0.0103    3.0000
    1.7500    1.1851    0.0105    3.0000
    1.7550    1.1919    0.0106    3.0000
    1.7600    1.2035    0.0107    3.0000
    1.7650    1.1989    0.0116    3.0000
    1.7700    1.1939    0.0105    3.0000
    1.7750    1.2233    0.0122    3.0000
    1.7800    1.1867    0.0117    3.0000
    1.7850    1.1673    0.0113    3.0000
    1.7900    1.1912    0.0135    3.0000
    1.7950    1.1796    0.0140    1.0000
    1.8000    1.1310    0.0158    1.0000
    1.8050    1.1957    0.0184    3.0000
    1.8100    1.1826    0.0224    3.0000
    1.8150    1.1780    0.0249    3.0000
    1.8200    1.2029    0.0276    3.0000
    1.8250    1.1719    0.0333    3.0000
    1.8300    1.2304    0.0494    3.0000
    1.8350    1.1779    0.0730    3.0000
    1.8400    1.1316    0.1018    3.0000
    1.8450   -1.0000   -1.0000    0.0000
    1.8500    1.1559    0.0961    2.0000
    1.8550    1.1401    0.0914    3.0000
    1.8600    1.1029    0.0898    1.0000
    1.8650    1.1093    0.0881    2.0000
    1.8700    1.1917    0.1047    2.0000
    1.8750    1.2259    0.1060    3.0000
    1.8800   -1.0000   -1.0000    0.0000
    1.8850   -1.0000   -1.0000    0.0000
    1.8900   -1.0000   -1.0000    0.0000
    1.8950   -1.0000   -1.0000    0.0000
    1.9000    1.1422    0.0653    2.0000
    1.9050    1.2334    0.0788    1.0000
    1.9100    1.1947    0.0799    3.0000
    1.9150    1.2089    0.0647    3.0000
    1.9200    1.2031    0.0507    2.0000
    1.9250    1.1469    0.0387    3.0000
    1.9300    1.1436    0.0350    3.0000
    1.9350    1.1873    0.0301    3.0000
    1.9400    1.1699    0.0272    3.0000
    1.9450    1.1030    0.0273    3.0000
    1.9500    1.1709    0.0233    3.0000
    1.9550    1.2116    0.0234    3.0000
    1.9600    1.1719    0.0216    3.0000
    1.9650    1.1477    0.0198    3.0000
    1.9700    1.1431    0.0181    3.0000
    1.9750    1.1624    0.0166    3.0000
    1.9800    1.1534    0.0150    3.0000
    1.9850    1.1492    0.0147    3.0000
    1.9900    1.1685    0.0139    3.0000
    1.9950    1.1654    0.0148    3.0000
    2.0000    1.1635    0.0192    3.0000
    2.0050    1.1289    0.0235    3.0000
    2.0100    1.1186    0.0234    3.0000
    2.0150    1.1455    0.0216    3.0000
    2.0200    1.1224    0.0183    3.0000
    2.0250    1.1224    0.0164    3.0000
    2.0300    1.1303    0.0147    3.0000
    2.0350    1.1146    0.0146    3.0000
    2.0400    1.1282    0.0151    3.0000
    2.0450    1.1168    0.0153    3.0000
    2.0500    1.1254    0.0150    3.0000
    2.0550    1.1335    0.0160    3.0000
    2.0600    1.1474    0.0172    3.0000
    2.0650    1.1090    0.0165    3.0000
    2.0700    1.1184    0.0153    3.0000
    2.0750    1.1566    0.0157    3.0000
    2.0800    1.1554    0.0157    3.0000
    2.0850    1.1256    0.0149    3.0000
    2.0900    1.1129    0.0145    3.0000
    2.0950    1.1308    0.0142    3.0000
    2.1000    1.1266    0.0157    3.0000
    2.1050    1.1587    0.0154    3.0000
    2.1100    1.1512    0.0155    3.0000
    2.1150    1.1268    0.0145    3.0000
    2.1200    1.1249    0.0144    3.0000
    2.1250    1.1285    0.0144    3.0000
    2.1300    1.1454    0.0157    3.0000
    2.1350    1.1979    0.0153    3.0000
    2.1400    1.1737    0.0152    3.0000
    2.1450    1.1827    0.0163    3.0000
    2.1500    1.1698    0.0164    3.0000
    2.1550    1.1907    0.0167    3.0000
    2.1600    1.1887    0.0173    3.0000
    2.1650    1.1861    0.0163    3.0000
    2.1700    1.1991    0.0171    3.0000
    2.1750    1.1973    0.0169    3.0000
    2.1800    1.2019    0.0171    3.0000
    2.1850    1.1966    0.0170    3.0000
    2.1900    1.2213    0.0169    3.0000
    2.1950    1.2264    0.0181    3.0000
    2.2000    1.2166    0.0177    3.0000
    2.2050    1.1927    0.0180    3.0000
    2.2100    1.1721    0.0171    3.0000
    2.2150    1.1667    0.0173    3.0000
    2.2200    1.1748    0.0168    3.0000
    2.2250    1.1864    0.0172    3.0000
    2.2300    1.1985    0.0178    3.0000
    2.2350    1.1792    0.0182    3.0000
    2.2400    1.1945    0.0173    3.0000
    2.2450   -1.0000   -1.0000    0.0000
    2.2500    1.2296    0.0186    3.0000
    2.2550    1.2157    0.0200    3.0000
    2.2600    1.2212    0.0189    3.0000
    2.2650    1.2073    0.0200    3.0000
    2.2700    1.1972    0.0192    3.0000
    2.2750    1.2235    0.0199    3.0000
    2.2800   -1.0000   -1.0000    0.0000
    2.2850    1.2129    0.0208    3.0000
    2.2900    1.1938    0.0207    3.0000
    2.2950    1.1856    0.0211    3.0000
    2.3000    1.2272    0.0206    3.0000
    2.3050    1.1878    0.0220    3.0000
    2.3100    1.1642    0.0204    2.0000
    2.3150    1.2269    0.0224    3.0000
    2.3200    1.2309    0.0233    3.0000
    2.3250    1.1975    0.0212    3.0000
    2.3300    1.1877    0.0208    3.0000
    2.3350    1.1868    0.0210    1.0000
    2.3400    1.1669    0.0211    1.0000
    2.3450   -1.0000   -1.0000    0.0000
    2.3500    1.1746    0.0236    2.0000
    2.3550    1.2207    0.0254    3.0000
    2.3600   -1.0000   -1.0000    0.0000
    2.3650    1.2015    0.0244    3.0000
    2.3700    1.1947    0.0256    3.0000
    2.3750   -1.0000   -1.0000    0.0000
    2.3800   -1.0000   -1.0000    0.0000
    2.3850    1.2066    0.0258    3.0000
    2.3900    1.2015    0.0239    3.0000
    2.3950    1.2217    0.0264    3.0000
    2.4000   -1.0000   -1.0000    0.0000
    2.4050    1.2292    0.0283    2.0000
    2.4100    1.2088    0.0291    2.0000
    2.4150   -1.0000   -1.0000    0.0000
    2.4200    1.1946    0.0290    3.0000
    2.4250    1.2150    0.0286    3.0000
    2.4300   -1.0000   -1.0000    0.0000
    2.4350   -1.0000   -1.0000    0.0000
    2.4400    1.2142    0.0355    3.0000
    2.4450    1.2318    0.0380    3.0000
    2.4500    1.2107    0.0339    3.0000
    2.4550   -1.0000   -1.0000    0.0000
    2.4600   -1.0000   -1.0000    0.0000
    2.4650   -1.0000   -1.0000    0.0000
    2.4700   -1.0000   -1.0000    0.0000
    2.4750   -1.0000   -1.0000    0.0000
    2.4800   -1.0000   -1.0000    0.0000
    2.4850   -1.0000   -1.0000    0.0000
    2.4900   -1.0000   -1.0000    0.0000
