    0.7800   -1.0000   -1.0000    0.0000
    0.7850   -1.0000   -1.0000    0.0000
    0.7900   -1.0000   -1.0000    0.0000
    0.7950   -1.0000   -1.0000    0.0000
    0.8000   -1.0000   -1.0000    0.0000
    0.8050   -1.0000   -1.0000    0.0000
    0.8100   -1.0000   -1.0000    0.0000
    0.8150   -1.0000   -1.0000    0.0000
    0.8200    1.0238    0.0092    3.0000
    0.8250    1.0179    0.0091    3.0000
    0.8300    1.0273    0.0086    3.0000
    0.8350    1.0247    0.0085    3.0000
    0.8400    1.0141    0.0084    3.0000
    0.8450    1.0181    0.0090    3.0000
    0.8500    1.0255    0.0085    3.0000
    0.8550    1.0072    0.0083    3.0000
    0.8600    1.0071    0.0081    3.0000
    0.8650    1.0000    0.0080    3.0000
    0.8700    0.9946    0.0079    3.0000
    0.8750    0.9967    0.0078    3.0000
    0.8800    0.9882    0.0076    3.0000
    0.8850    0.9846    0.0075    3.0000
    0.8900    0.9848    0.0076    3.0000
    0.8950    0.9936    0.0077    3.0000
    0.9000    0.9907    0.0077    3.0000
    0.9050    1.0024    0.0079    3.0000
    0.9100    1.0089    0.0077    3.0000
    0.9150    1.0101    0.0075    3.0000
    0.9200    0.9917    0.0074    3.0000
    0.9250    0.9909    0.0076    3.0000
    0.9300    0.9924    0.0080    3.0000
    0.9350    0.9886    0.0083    3.0000
    0.9400    0.9819    0.0085    3.0000
    0.9450    0.9814    0.0084    3.0000
    0.9500    0.9728    0.0080    3.0000
    0.9550    0.9763    0.0078    2.0000
    0.9600    0.9992    0.0075    3.0000
    0.9650    1.0037    0.0079    3.0000
    0.9700    1.0015    0.0069    3.0000
    0.9750    1.0111    0.0067    3.0000
    0.9800    0.9953    0.0068    3.0000
    0.9850    0.9888    0.0064    3.0000
    0.9900    0.9887    0.0063    3.0000
    0.9950    0.9893    0.0062    3.0000
    1.0000    0.9949    0.0063    3.0000
    1.0050    0.9941    0.0065    3.0000
    1.0100    0.9769    0.0062    3.0000
    1.0150    0.9931    0.0067    3.0000
    1.0200    1.0061    0.0060    3.0000
    1.0250    1.0071    0.0071    3.0000
    1.0300    1.0074    0.0067    3.0000
    1.0350    0.9912    0.0059    3.0000
    1.0400    0.9868    0.0062    3.0000
    1.0450    1.0010    0.0063    3.0000
    1.0500    0.9986    0.0058    3.0000
    1.0550    1.0069    0.0058    3.0000
    1.0600    1.0074    0.0058    3.0000
    1.0650    1.0051    0.0058    3.0000
    1.0700    1.0059    0.0058    3.0000
    1.0750    1.0073    0.0058    3.0000
    1.0800    1.0092    0.0058    3.0000
    1.0850    1.0162    0.0058    3.0000
    1.0900    1.0144    0.0058    3.0000
    1.0950    1.0283    0.0063    3.0000
    1.1000    1.0219    0.0062    3.0000
    1.1050    1.0130    0.0060    3.0000
    1.1100    1.0251    0.0063    3.0000
    1.1150    1.0234    0.0070    3.0000
    1.1200    1.0324    0.0072    3.0000
    1.1250    1.0375    0.0078    3.0000
    1.1300    1.0407    0.0079    3.0000
    1.1350    1.0365    0.0072    3.0000
    1.1400    1.0387    0.0069    3.0000
    1.1450    1.0343    0.0070    3.0000
    1.1500    1.0484    0.0065    3.0000
    1.1550    1.0389    0.0062    3.0000
    1.1600    1.0410    0.0059    3.0000
    1.1650    1.0559    0.0058    3.0000
    1.1700    1.0565    0.0057    3.0000
    1.1750    1.0661    0.0059    3.0000
    1.1800    1.0543    0.0057    3.0000
    1.1850    1.0596    0.0056    3.0000
    1.1900    1.0624    0.0060    3.0000
    1.1950    1.0601    0.0066    3.0000
    1.2000    1.0620    0.0058    3.0000
    1.2050    1.0666    0.0056    3.0000
    1.2100    1.0648    0.0058    3.0000
    1.2150    1.0504    0.0057    3.0000
    1.2200    1.0570    0.0058    3.0000
    1.2250    1.0639    0.0057    3.0000
    1.2300    1.0656    0.0057    3.0000
    1.2350    1.0761    0.0063    3.0000
    1.2400    1.0810    0.0059    3.0000
    1.2450    1.0794    0.0057    3.0000
    1.2500    1.0862    0.0057    3.0000
    1.2550    1.0708    0.0059    3.0000
    1.2600    1.0812    0.0059    3.0000
    1.2650    1.0822    0.0060    3.0000
    1.2700    1.0530    0.0057    3.0000
    1.2750    1.0469    0.0058    3.0000
    1.2800    1.0494    0.0060    3.0000
    1.2850    1.0592    0.0056    3.0000
    1.2900    1.0538    0.0059    3.0000
    1.2950    1.0735    0.0062    3.0000
    1.3000    1.0903    0.0059    3.0000
    1.3050    1.0841    0.0061    3.0000
    1.3100    1.0939    0.0061    3.0000
    1.3150    1.0868    0.0068    3.0000
    1.3200    1.0951    0.0063    3.0000
    1.3250    1.1006    0.0064    3.0000
    1.3300    1.0943    0.0066    3.0000
    1.3350    1.0970    0.0067    2.0000
    1.3400   -1.0000   -1.0000    0.0000
    1.3450    1.1043    0.0124    3.0000
    1.3500    1.1298    0.0237    2.0000
    1.3550    1.0596    0.0491    1.0000
    1.3600    1.1115    0.0316    2.0000
    1.3650   -1.0000   -1.0000    0.0000
    1.3700    1.0827    0.0332    1.0000
    1.3750    1.1148    0.0276    2.0000
    1.3800    1.1218    0.0240    2.0000
    1.3850    1.1047    0.0225    3.0000
    1.3900    1.0999    0.0204    3.0000
    1.3950    1.1175    0.0182    2.0000
    1.4000    1.1142    0.0168    2.0000
    1.4050    1.1073    0.0145    3.0000
    1.4100    1.1172    0.0128    3.0000
    1.4150    1.0890    0.0112    2.0000
    1.4200    1.0926    0.0103    3.0000
    1.4250    1.1026    0.0101    3.0000
    1.4300    1.1201    0.0099    3.0000
    1.4350    1.1213    0.0093    3.0000
    1.4400    1.1173    0.0088    3.0000
    1.4450    1.1231    0.0083    3.0000
    1.4500    1.0991    0.0082    3.0000
    1.4550    1.1134    0.0079    3.0000
    1.4600   -1.0000   -1.0000    0.0000
    1.4650    1.1186    0.0094    1.0000
    1.4700    1.1335    0.0085    3.0000
    1.4750    1.1275    0.0080    2.0000
    1.4800    1.1200    0.0075    3.0000
    1.4850    1.1167    0.0070    3.0000
    1.4900    1.1103    0.0069    3.0000
    1.4950    1.1100    0.0072    3.0000
    1.5000    1.1093    0.0068    3.0000
    1.5050    1.0957    0.0070    3.0000
    1.5100    1.1015    0.0068    3.0000
    1.5150    1.1144    0.0069    3.0000
    1.5200    1.1283    0.0069    3.0000
    1.5250    1.1235    0.0067    3.0000
    1.5300    1.1157    0.0071    3.0000
    1.5350    1.1082    0.0069    3.0000
    1.5400    1.1070    0.0067    3.0000
    1.5450    1.1275    0.0068    3.0000
    1.5500    1.1204    0.0069    3.0000
    1.5550    1.1269    0.0069    3.0000
    1.5600    1.1282    0.0071    3.0000
    1.5650    1.1182    0.0075    3.0000
    1.5700    1.1166    0.0075    3.0000
    1.5750    1.1134    0.0073    3.0000
    1.5800    1.1222    0.0073    3.0000
    1.5850    1.1345    0.0073    3.0000
    1.5900    1.1290    0.0072    3.0000
    1.5950    1.1297    0.0073    3.0000
    1.6000    1.1150    0.0076    3.0000
    1.6050    1.1146    0.0085    3.0000
    1.6100    1.1333    0.0094    3.0000
    1.6150    1.1165    0.0074    3.0000
    1.6200    1.1177    0.0075    3.0000
    1.6250    1.1176    0.0072    3.0000
    1.6300    1.1297    0.0074    3.0000
    1.6350    1.1309    0.0075    3.0000
    1.6400    1.1173    0.0077    3.0000
    1.6450    1.1270    0.0085    3.0000
    1.6500    1.1565    0.0080    3.0000
    1.6550    1.1382    0.0091    3.0000
    1.6600    1.1319    0.0085    3.0000
    1.6650    1.1485    0.0078    3.0000
    1.6700    1.1364    0.0078    3.0000
    1.6750    1.1302    0.0081    3.0000
    1.6800    1.1377    0.0082    3.0000
    1.6850    1.1439    0.0085    3.0000
    1.6900    1.1323    0.0081    3.0000
    1.6950    1.1312    0.0083    3.0000
    1.7000    1.1281    0.0079    3.0000
    1.7050    1.1464    0.0082    3.0000
    1.7100    1.1181    0.0088    3.0000
    1.7150    1.1117    0.0090    3.0000
    1.7200    1.1287    0.0082    3.0000
    1.7250    1.1330    0.0087    3.0000
    1.7300    1.1369    0.0085    3.0000
    1.7350    1.1624    0.0088    3.0000
    1.7400    1.1481    0.0098    3.0000
    1.7450    1.1245    0.0093    3.0000
    1.7500    1.1231    0.0089    3.0000
    1.7550    1.1346    0.0088    3.0000
    1.7600    1.1307    0.0094    3.0000
    1.7650    1.1046    0.0096    3.0000
    1.7700    1.1121    0.0096    3.0000
    1.7750    1.1227    0.0096    3.0000
    1.7800    1.1097    0.0096    3.0000
    1.7850    1.1246    0.0099    3.0000
    1.7900    1.1194    0.0104    3.0000
    1.7950    1.1345    0.0121    3.0000
    1.8000    1.1308    0.0135    3.0000
    1.8050    1.1098    0.0148    3.0000
    1.8100    1.1204    0.0179    3.0000
    1.8150    1.1440    0.0182    2.0000
    1.8200    1.1520    0.0238    3.0000
    1.8250    1.1230    0.0298    3.0000
    1.8300    1.1201    0.0343    2.0000
    1.8350    1.1428    0.0434    1.0000
    1.8400   -1.0000   -1.0000    0.0000
    1.8450   -1.0000   -1.0000    0.0000
    1.8500   -1.0000   -1.0000    0.0000
    1.8550   -1.0000   -1.0000    0.0000
    1.8600   -1.0000   -1.0000    0.0000
    1.8650   -1.0000   -1.0000    0.0000
    1.8700   -1.0000   -1.0000    0.0000
    1.8750    1.1512    0.0844    1.0000
    1.8800   -1.0000   -1.0000    0.0000
    1.8850    1.1386    0.0432    1.0000
    1.8900   -1.0000   -1.0000    0.0000
    1.8950    1.1528    0.0386    2.0000
    1.9000   -1.0000   -1.0000    0.0000
    1.9050    1.1547    0.0718    2.0000
    1.9100   -1.0000   -1.0000    0.0000
    1.9150    1.1423    0.0447    3.0000
    1.9200    1.1636    0.0360    1.0000
    1.9250   -1.0000   -1.0000    0.0000
    1.9300   -1.0000   -1.0000    0.0000
    1.9350   -1.0000   -1.0000    0.0000
    1.9400   -1.0000   -1.0000    0.0000
    1.9450   -1.0000   -1.0000    0.0000
    1.9500    1.1345    0.0183    3.0000
    1.9550    1.1690    0.0178    2.0000
    1.9600    1.1465    0.0182    3.0000
    1.9650   -1.0000   -1.0000    0.0000
    1.9700   -1.0000   -1.0000    0.0000
    1.9750    1.1313    0.0138    3.0000
    1.9800    1.1266    0.0133    3.0000
    1.9850    1.1312    0.0122    3.0000
    1.9900    1.1364    0.0126    3.0000
    1.9950    1.1192    0.0134    3.0000
    2.0000    1.1408    0.0156    3.0000
    2.0050    1.1440    0.0201    3.0000
    2.0100    1.1274    0.0209    3.0000
    2.0150    1.1599    0.0175    3.0000
    2.0200    1.1644    0.0164    3.0000
    2.0250    1.1442    0.0135    3.0000
    2.0300    1.1541    0.0128    3.0000
    2.0350    1.1646    0.0126    3.0000
    2.0400    1.1684    0.0124    3.0000
    2.0450    1.1455    0.0133    3.0000
    2.0500    1.1587    0.0140    3.0000
    2.0550    1.1760    0.0153    3.0000
    2.0600    1.1650    0.0147    3.0000
    2.0650    1.1557    0.0147    3.0000
    2.0700    1.1437    0.0141    3.0000
    2.0750    1.1445    0.0133    3.0000
    2.0800    1.1418    0.0127    3.0000
    2.0850    1.1518    0.0127    3.0000
    2.0900    1.1616    0.0132    3.0000
    2.0950    1.1525    0.0131    3.0000
    2.1000    1.1393    0.0131    3.0000
    2.1050    1.1745    0.0130    3.0000
    2.1100    1.1705    0.0132    3.0000
    2.1150    1.1429    0.0133    3.0000
    2.1200    1.1461    0.0133    3.0000
    2.1250    1.1527    0.0132    3.0000
    2.1300    1.1646    0.0131    3.0000
    2.1350    1.1701    0.0133    3.0000
    2.1400    1.1543    0.0132    3.0000
    2.1450    1.1514    0.0135    3.0000
    2.1500    1.1235    0.0139    3.0000
    2.1550    1.1282    0.0146    2.0000
    2.1600    1.1681    0.0141    3.0000
    2.1650    1.1619    0.0149    3.0000
    2.1700    1.1379    0.0160    3.0000
    2.1750    1.1310    0.0142    3.0000
    2.1800    1.1357    0.0140    3.0000
    2.1850    1.1443    0.0142    3.0000
    2.1900    1.1341    0.0144    3.0000
    2.1950    1.1755    0.0147    3.0000
    2.2000    1.1812    0.0166    3.0000
    2.2050    1.1493    0.0155    3.0000
    2.2100    1.1494    0.0148    3.0000
    2.2150    1.1680    0.0147    3.0000
    2.2200    1.1799    0.0164    3.0000
    2.2250    1.1705    0.0154    3.0000
    2.2300    1.1606    0.0159    3.0000
    2.2350    1.1360    0.0165    3.0000
    2.2400    1.1673    0.0151    3.0000
    2.2450    1.1689    0.0166    3.0000
    2.2500    1.1526    0.0157    3.0000
    2.2550    1.1668    0.0161    3.0000
    2.2600    1.1783    0.0168    3.0000
    2.2650    1.1663    0.0163    3.0000
    2.2700    1.1612    0.0162    3.0000
    2.2750    1.1862    0.0167    3.0000
    2.2800    1.1652    0.0168    3.0000
    2.2850    1.1584    0.0180    3.0000
    2.2900    1.1889    0.0173    3.0000
    2.2950    1.1833    0.0176    3.0000
    2.3000    1.1837    0.0172    3.0000
    2.3050    1.1856    0.0175    3.0000
    2.3100    1.1765    0.0184    3.0000
    2.3150    1.1731    0.0181    3.0000
    2.3200    1.1798    0.0183    3.0000
    2.3250    1.1933    0.0181    3.0000
    2.3300   -1.0000   -1.0000    0.0000
    2.3350    1.1762    0.0194    3.0000
    2.3400    1.1532    0.0189    3.0000
    2.3450    1.1926    0.0196    3.0000
    2.3500    1.1783    0.0205    3.0000
    2.3550    1.1704    0.0198    3.0000
    2.3600    1.1910    0.0205    3.0000
    2.3650    1.1813    0.0209    3.0000
    2.3700    1.1718    0.0214    3.0000
    2.3750    1.1744    0.0213    3.0000
    2.3800    1.1890    0.0216    3.0000
    2.3850   -1.0000   -1.0000    0.0000
    2.3900    1.1694    0.0214    2.0000
    2.3950   -1.0000   -1.0000    0.0000
    2.4000    1.1705    0.0224    3.0000
    2.4050    1.1636    0.0254    3.0000
    2.4100    1.1586    0.0242    3.0000
    2.4150   -1.0000   -1.0000    0.0000
    2.4200    1.1750    0.0231    2.0000
    2.4250    1.1770    0.0237    3.0000
    2.4300   -1.0000   -1.0000    0.0000
    2.4350   -1.0000   -1.0000    0.0000
    2.4400    1.1545    0.0280    3.0000
    2.4450   -1.0000   -1.0000    0.0000
    2.4500    1.1647    0.0271    3.0000
    2.4550   -1.0000   -1.0000    0.0000
    2.4600   -1.0000   -1.0000    0.0000
    2.4650   -1.0000   -1.0000    0.0000
    2.4700   -1.0000   -1.0000    0.0000
    2.4750   -1.0000   -1.0000    0.0000
    2.4800   -1.0000   -1.0000    0.0000
    2.4850   -1.0000   -1.0000    0.0000
    2.4900   -1.0000   -1.0000    0.0000
