0.5009 0.9923 0.0049
0.5014 0.9932 0.0053
0.5019 0.9957 0.0074
0.5024 0.9979 0.0090
0.5029 1.0034 0.0141
0.5033 1.0020 0.0123
0.5038 0.9956 0.0054
0.5043 0.9923 0.0017
0.5048 0.9914 0.0014
0.5053 0.9899 0.0016
0.5058 0.9897 0.0022
0.5063 0.9865 0.0059
0.5068 0.9784 0.0144
0.5073 0.9712 0.0220
0.5077 0.9654 0.0282
0.5082 0.9655 0.0285
0.5087 0.9721 0.0223
0.5092 0.9791 0.0156
0.5097 0.9807 0.0144
0.5102 0.9799 0.0156
0.5107 0.9789 0.0170
0.5112 0.9755 0.0208
0.5117 0.9691 0.0275
0.5121 0.9672 0.0298
0.5126 0.9663 0.0311
0.5131 0.9660 0.0317
0.5136 0.9684 0.0296
0.5141 0.9718 0.0266
0.5146 0.9806 0.0181
0.5151 0.9865 0.0125
0.5156 0.9846 0.0147
0.5161 0.9766 0.0231
0.5165 0.9681 0.0318
0.5170 0.9634 0.0368
0.5175 0.9665 0.0340
0.5180 0.9733 0.0275
0.5185 0.9848 0.0162
0.5190 1.0011 0.0012
0.5195 1.0068 0.0052
0.5200 1.0026 0.0017
0.5205 1.0009 0.0012
0.5209 1.0002 0.0021
0.5214 0.9958 0.0068
0.5219 0.9904 0.0124
0.5224 0.9906 0.0124
0.5229 0.9936 0.0097
0.5234 0.9983 0.0052
0.5239 1.0006 0.0031
0.5244 1.0036 0.0013
0.5249 1.0041 0.0011
0.5253 0.9979 0.0065
0.5258 0.9855 0.0191
0.5263 0.9763 0.0285
0.5268 0.9775 0.0275
0.5273 0.9899 0.0152
0.5278 1.0035 0.0018
0.5283 1.0154 0.0099
0.5288 1.0256 0.0199
0.5293 1.0219 0.0160
0.5297 1.0080 0.0020
0.5302 0.9982 0.0080
0.5307 0.9937 0.0127
0.5312 0.9868 0.0198
0.5317 0.9823 0.0244
0.5322 0.9803 0.0266
0.5327 0.9795 0.0275
0.5332 0.9814 0.0258
0.5336 0.9847 0.0226
0.5341 0.9933 0.0142
0.5346 1.0003 0.0073
0.5351 1.0012 0.0066
0.5356 0.9953 0.0126
0.5361 0.9888 0.0193
0.5366 0.9835 0.0247
0.5371 0.9840 0.0244
0.5376 0.9870 0.0214
0.5380 0.9901 0.0185
0.5385 0.9913 0.0174
0.5390 0.9901 0.0187
0.5395 0.9872 0.0217
0.5400 0.9833 0.0258
0.5405 0.9855 0.0237
0.5410 0.9978 0.0115
0.5415 1.0053 0.0041
0.5420 1.0067 0.0029
0.5424 1.0078 0.0018
0.5429 1.0082 0.0016
0.5434 1.0042 0.0056
0.5439 1.0010 0.0089
0.5444 0.9977 0.0123
0.5449 0.9961 0.0140
0.5454 0.9926 0.0177
0.5459 0.9881 0.0223
0.5464 0.9880 0.0224
0.5468 0.9893 0.0212
0.5473 0.9895 0.0211
0.5478 0.9915 0.0191
0.5483 0.9948 0.0160
0.5488 0.9985 0.0123
0.5493 1.0005 0.0104
0.5498 1.0011 0.0099
0.5503 1.0000 0.0110
0.5508 0.9998 0.0113
0.5512 1.0000 0.0111
0.5517 1.0021 0.0092
0.5522 1.0041 0.0072
0.5527 1.0052 0.0062
0.5532 1.0054 0.0060
0.5537 1.0039 0.0076
0.5542 1.0033 0.0082
0.5547 1.0016 0.0100
0.5552 0.9998 0.0119
0.5556 0.9996 0.0120
0.5561 0.9997 0.0120
0.5566 0.9990 0.0128
0.5571 1.0008 0.0110
0.5576 1.0016 0.0102
0.5581 0.9978 0.0140
0.5586 0.9960 0.0159
0.5591 0.9985 0.0134
0.5596 1.0026 0.0093
0.5600 1.0057 0.0062
0.5605 1.0077 0.0042
0.5610 1.0065 0.0054
0.5615 1.0001 0.0118
0.5620 0.9942 0.0177
0.5625 0.9942 0.0177
0.5630 0.9974 0.0145
0.5635 0.9994 0.0124
0.5640 1.0034 0.0085
0.5644 1.0062 0.0056
0.5649 1.0049 0.0068
0.5654 1.0047 0.0071
0.5659 1.0093 0.0024
0.5664 1.0129 0.0012
0.5669 1.0148 0.0031
0.5674 1.0155 0.0039
0.5679 1.0143 0.0027
0.5683 1.0117 0.0012
0.5688 1.0116 0.0011
0.5693 1.0081 0.0033
0.5698 1.0027 0.0086
0.5703 1.0043 0.0070
0.5708 1.0102 0.0011
0.5713 1.0141 0.0029
0.5718 1.0197 0.0086
0.5723 1.0247 0.0136
0.5727 1.0219 0.0109
0.5732 1.0133 0.0023
0.5737 1.0061 0.0048
0.5742 0.9995 0.0114
0.5747 0.9988 0.0120
0.5752 0.9987 0.0120
0.5757 1.0007 0.0099
0.5762 1.0023 0.0083
0.5767 1.0018 0.0087
0.5771 0.9969 0.0136
0.5776 0.9943 0.0161
0.5781 0.9940 0.0163
0.5786 0.9967 0.0135
0.5791 1.0025 0.0076
0.5796 1.0082 0.0019
0.5801 1.0107 0.0017
0.5806 1.0122 0.0022
0.5811 1.0092 0.0017
0.5815 1.0051 0.0047
0.5820 1.0049 0.0049
0.5825 1.0044 0.0053
0.5830 1.0031 0.0065
0.5835 1.0021 0.0074
0.5840 1.0015 0.0079
0.5845 0.9956 0.0137
0.5850 0.9919 0.0174
0.5855 0.9933 0.0159
0.5859 0.9966 0.0125
0.5864 0.9972 0.0118
0.5869 1.0001 0.0088
0.5874 1.0002 0.0086
0.5879 0.9919 0.0168
0.5884 0.9795 0.0291
0.5889 0.9783 0.0303
0.5894 0.9868 0.0216
0.5899 0.9962 0.0121
0.5903 1.0043 0.0040
0.5908 1.0141 0.0059
0.5913 1.0159 0.0078
0.5918 1.0092 0.0012
0.5923 1.0040 0.0040
0.5928 1.0018 0.0061
0.5933 1.0018 0.0059
0.5938 1.0014 0.0062
0.5943 0.9976 0.0099
0.5947 1.0001 0.0073
0.5952 1.0049 0.0025
0.5957 1.0027 0.0046
0.5962 1.0019 0.0052
0.5967 1.0050 0.0021
0.5972 0.9998 0.0072
0.5977 0.9965 0.0104
0.5982 0.9997 0.0071
0.5986 1.0025 0.0042
0.5991 1.0048 0.0018
0.5996 1.0078 0.0013
0.6001 1.0072 0.0017
0.6006 1.0077 0.0014
0.6011 1.0078 0.0015
0.6016 1.0069 0.0017
0.6021 1.0092 0.0031
0.6026 1.0104 0.0044
0.6030 1.0073 0.0014
0.6035 1.0056 0.0012
0.6040 1.0036 0.0022
0.6045 1.0010 0.0047
0.6050 0.9990 0.0066
0.6055 1.0004 0.0052
0.6060 1.0021 0.0033
0.6065 1.0034 0.0020
0.6070 1.0017 0.0037
0.6074 1.0015 0.0038
0.6079 1.0000 0.0052
0.6084 0.9997 0.0055
0.6089 1.0026 0.0025
0.6094 1.0062 0.0012
0.6099 1.0078 0.0028
0.6104 1.0121 0.0071
0.6109 1.0132 0.0084
0.6114 1.0113 0.0065
0.6118 1.0116 0.0069
0.6123 1.0119 0.0072
0.6128 1.0083 0.0037
0.6133 1.0082 0.0036
0.6138 1.0109 0.0063
0.6143 1.0120 0.0075
0.6148 1.0087 0.0042
0.6153 1.0050 0.0016
0.6158 1.0055 0.0011
0.6162 1.0069 0.0025
0.6167 1.0098 0.0055
0.6172 1.0187 0.0144
0.6177 1.0264 0.0221
0.6182 1.0250 0.0207
0.6187 1.0239 0.0196
0.6192 1.0228 0.0185
0.6197 1.0180 0.0137
0.6202 1.0144 0.0102
0.6206 1.0135 0.0092
0.6211 1.0084 0.0042
0.6216 1.0045 0.0013
0.6221 1.0053 0.0010
0.6226 1.0055 0.0013
0.6231 1.0062 0.0020
0.6236 1.0091 0.0048
0.6241 1.0116 0.0074
0.6246 1.0131 0.0089
0.6250 1.0185 0.0142
0.6255 1.0244 0.0201
0.6260 1.0296 0.0253
0.6265 1.0290 0.0246
0.6270 1.0259 0.0216
0.6275 1.0241 0.0197
0.6280 1.0220 0.0176
0.6285 1.0177 0.0133
0.6290 1.0149 0.0104
0.6294 1.0152 0.0107
0.6299 1.0155 0.0110
0.6304 1.0126 0.0081
0.6309 1.0099 0.0054
0.6314 1.0152 0.0106
0.6319 1.0198 0.0152
0.6324 1.0175 0.0129
0.6329 1.0188 0.0141
0.6333 1.0235 0.0188
0.6338 1.0237 0.0189
0.6343 1.0240 0.0192
0.6348 1.0246 0.0197
0.6353 1.0238 0.0189
0.6358 1.0245 0.0195
0.6363 1.0286 0.0236
0.6368 1.0304 0.0253
0.6373 1.0295 0.0244
0.6377 1.0301 0.0249
0.6382 1.0274 0.0221
0.6387 1.0192 0.0140
0.6392 1.0112 0.0059
0.6397 1.0106 0.0052
0.6402 1.0106 0.0051
0.6407 1.0113 0.0058
0.6412 1.0150 0.0094
0.6417 1.0198 0.0141
0.6421 1.0234 0.0177
0.6426 1.0262 0.0204
0.6431 1.0271 0.0212
0.6436 1.0270 0.0211
0.6441 1.0229 0.0169
0.6446 1.0182 0.0121
0.6451 1.0172 0.0110
0.6456 1.0176 0.0114
0.6461 1.0180 0.0117
0.6465 1.0222 0.0158
0.6470 1.0265 0.0200
0.6475 1.0273 0.0207
0.6480 1.0262 0.0195
0.6485 1.0247 0.0179
0.6490 1.0245 0.0176
0.6495 1.0279 0.0209
0.6500 1.0311 0.0241
0.6505 1.0349 0.0277
0.6509 1.0361 0.0289
0.6514 1.0367 0.0294
0.6519 1.0350 0.0276
0.6524 1.0312 0.0237
0.6529 1.0289 0.0213
0.6534 1.0259 0.0182
0.6539 1.0188 0.0110
0.6544 1.0176 0.0097
0.6549 1.0176 0.0097
0.6553 1.0106 0.0026
0.6558 1.0218 0.0137
0.6563 1.0474 0.0392
0.6568 1.0613 0.0530
0.6573 1.0658 0.0574
0.6578 1.0748 0.0663
0.6583 1.0691 0.0605
0.6588 1.0518 0.0432
0.6593 1.0392 0.0304
0.6597 1.0363 0.0274
0.6602 1.0392 0.0303
0.6607 1.0386 0.0296
0.6612 1.0376 0.0285
0.6617 1.0358 0.0266
0.6622 1.0320 0.0227
0.6627 1.0287 0.0193
0.6632 1.0300 0.0205
0.6636 1.0334 0.0239
0.6641 1.0370 0.0274
0.6646 1.0398 0.0301
0.6651 1.0381 0.0283
0.6656 1.0375 0.0277
0.6661 1.0359 0.0260
0.6666 1.0351 0.0251
0.6671 1.0344 0.0243
0.6676 1.0357 0.0255
0.6680 1.0351 0.0249
0.6685 1.0308 0.0205
0.6690 1.0272 0.0169
0.6695 1.0287 0.0182
0.6700 1.0288 0.0183
0.6705 1.0274 0.0168
0.6710 1.0301 0.0194
0.6715 1.0359 0.0252
0.6720 1.0402 0.0294
0.6724 1.0438 0.0329
0.6729 1.0438 0.0329
0.6734 1.0437 0.0328
0.6739 1.0401 0.0291
0.6744 1.0345 0.0234
0.6749 1.0334 0.0222
0.6754 1.0360 0.0248
0.6759 1.0373 0.0261
0.6764 1.0407 0.0294
0.6768 1.0438 0.0325
0.6773 1.0432 0.0318
0.6778 1.0424 0.0310
0.6783 1.0446 0.0331
0.6788 1.0419 0.0303
0.6793 1.0390 0.0274
0.6798 1.0386 0.0270
0.6803 1.0376 0.0259
0.6808 1.0346 0.0230
0.6812 1.0370 0.0252
0.6817 1.0382 0.0265
0.6822 1.0370 0.0252
0.6827 1.0380 0.0263
0.6832 1.0410 0.0292
0.6837 1.0437 0.0319
0.6842 1.0463 0.0345
0.6847 1.0431 0.0312
0.6852 1.0359 0.0241
0.6856 1.0363 0.0245
0.6861 1.0347 0.0229
0.6866 1.0366 0.0248
0.6871 1.0520 0.0402
0.6876 1.0656 0.0538
0.6881 1.0629 0.0511
0.6886 1.0617 0.0500
0.6891 1.0642 0.0525
0.6896 1.0604 0.0488
0.6900 1.0617 0.0501
0.6905 1.0689 0.0573
0.6910 1.0721 0.0606
0.6915 1.0715 0.0600
0.6920 1.0691 0.0577
0.6925 1.0654 0.0540
0.6930 1.0607 0.0494
0.6935 1.0569 0.0455
0.6940 1.0518 0.0405
0.6944 1.0515 0.0403
0.6949 1.0529 0.0417
0.6954 1.0519 0.0408
0.6959 1.0527 0.0416
0.6964 1.0533 0.0422
0.6969 1.0508 0.0398
0.6974 1.0515 0.0406
0.6979 1.0549 0.0439
0.6983 1.0562 0.0453
0.6988 1.0565 0.0457
0.6993 1.0568 0.0460
0.6998 1.0571 0.0463
0.7003 1.0574 0.0466
0.7008 1.0582 0.0476
0.7013 1.0604 0.0498
0.7018 1.0625 0.0520
0.7023 1.0624 0.0519
0.7027 1.0647 0.0542
0.7032 1.0654 0.0550
0.7037 1.0649 0.0544
0.7042 1.0613 0.0509
0.7047 1.0611 0.0508
0.7052 1.0620 0.0517
0.7057 1.0628 0.0526
0.7062 1.0652 0.0550
0.7067 1.0676 0.0574
0.7071 1.0627 0.0525
0.7076 1.0586 0.0484
0.7081 1.0599 0.0498
0.7086 1.0595 0.0494
0.7091 1.0586 0.0486
0.7096 1.0608 0.0508
0.7101 1.0620 0.0521
0.7106 1.0608 0.0509
0.7111 1.0602 0.0503
0.7115 1.0606 0.0507
0.7120 1.0611 0.0513
0.7125 1.0639 0.0541
0.7130 1.0643 0.0545
0.7135 1.0637 0.0539
0.7140 1.0639 0.0542
0.7145 1.0649 0.0552
0.7150 1.0604 0.0507
0.7155 1.0571 0.0475
0.7159 1.0585 0.0489
0.7164 1.0569 0.0473
0.7169 1.0508 0.0413
0.7174 1.0499 0.0404
0.7179 1.0555 0.0460
0.7184 1.0642 0.0547
0.7189 1.0742 0.0647
0.7194 1.0829 0.0734
0.7199 1.0896 0.0801
0.7203 1.0913 0.0819
0.7208 1.0839 0.0745
0.7213 1.0779 0.0685
0.7218 1.0778 0.0685
0.7223 1.0741 0.0647
0.7228 1.0688 0.0595
0.7233 1.0706 0.0613
0.7238 1.0758 0.0664
0.7243 1.0781 0.0688
0.7247 1.0790 0.0697
0.7252 1.0771 0.0678
0.7257 1.0730 0.0637
0.7262 1.0701 0.0608
0.7267 1.0697 0.0604
0.7272 1.0710 0.0617
0.7277 1.0768 0.0675
0.7282 1.0827 0.0734
0.7286 1.0852 0.0759
0.7291 1.0859 0.0767
0.7296 1.0897 0.0805
0.7301 1.0924 0.0831
0.7306 1.0890 0.0797
0.7311 1.0840 0.0748
0.7316 1.0801 0.0708
0.7321 1.0774 0.0682
0.7326 1.0775 0.0683
0.7330 1.0823 0.0730
0.7335 1.0803 0.0710
0.7340 1.0766 0.0673
0.7345 1.0728 0.0635
0.7350 1.0697 0.0605
0.7355 1.0712 0.0619
0.7360 1.0782 0.0689
0.7365 1.0777 0.0684
0.7370 1.0730 0.0637
0.7374 1.0669 0.0577
0.7379 1.0629 0.0537
0.7384 1.0642 0.0550
0.7389 1.0715 0.0623
0.7394 1.0731 0.0640
0.7399 1.0734 0.0643
0.7404 1.0710 0.0619
0.7409 1.0679 0.0589
0.7414 1.0702 0.0612
0.7418 1.0784 0.0695
0.7423 1.0817 0.0727
0.7428 1.0792 0.0704
0.7433 1.0721 0.0633
0.7438 1.0678 0.0590
0.7443 1.0674 0.0588
0.7448 1.0700 0.0614
0.7453 1.0757 0.0672
0.7458 1.0812 0.0728
0.7462 1.0769 0.0685
0.7467 1.0728 0.0645
0.7472 1.0700 0.0618
0.7477 1.0687 0.0606
0.7482 1.0683 0.0604
0.7487 1.0707 0.0628
0.7492 1.0687 0.0610
0.7497 1.0695 0.0619
0.7502 1.0673 0.0598
0.7506 1.0695 0.0621
0.7511 1.0755 0.0683
0.7516 1.0806 0.0735
0.7521 1.0808 0.0738
0.7526 1.0771 0.0702
0.7531 1.0719 0.0652
0.7536 1.0693 0.0628
0.7541 1.0716 0.0651
0.7546 1.0756 0.0693
0.7550 1.0796 0.0735
0.7555 1.0785 0.0726
0.7560 1.0746 0.0688
0.7565 1.0655 0.0599
0.7570 1.0630 0.0576
0.7575 1.0643 0.0590
0.7580 1.0697 0.0647
0.7585 1.0732 0.0683
0.7590 1.0792 0.0745
0.7594 1.0792 0.0747
0.7599 1.0792 0.0748
0.7604 1.0792 0.0750
0.7609 1.0703 0.0664
0.7614 1.0703 0.0665
0.7619 1.0733 0.0698
0.7624 1.0843 0.0809
0.7629 1.1027 0.0996
0.7633 1.1314 0.1284
0.7638 1.1470 0.1443
0.7643 1.1570 0.1545
0.7648 1.1563 0.1540
0.7653 1.1410 0.1389
0.7658 1.1207 0.1188
0.7663 1.1055 0.1038
0.7668 1.0973 0.0958
0.7673 1.0946 0.0933
0.7677 1.0972 0.0960
0.7682 1.1015 0.1005
0.7687 1.0978 0.0971
0.7692 1.0856 0.0850
0.7697 1.0752 0.0749
0.7702 1.0745 0.0744
0.7707 1.0787 0.0787
0.7712 1.0880 0.0882
0.7717 1.0977 0.0980
0.7721 1.0933 0.0938
0.7726 1.0789 0.0796
0.7731 1.0653 0.0661
0.7736 1.0584 0.0594
0.7741 1.0629 0.0640
0.7746 1.0752 0.0765
0.7751 1.0800 0.0814
0.7756 1.0775 0.0791
0.7761 1.0710 0.0727
0.7765 1.0631 0.0650
0.7770 1.0582 0.0602
0.7775 1.0669 0.0690
0.7780 1.0765 0.0787
0.7785 1.0829 0.0852
0.7790 1.0800 0.0824
0.7795 1.0732 0.0757
0.7800 1.0657 0.0683
0.7805 1.0657 0.0684
0.7809 1.0680 0.0707
0.7814 1.0710 0.0739
0.7819 1.0783 0.0813
0.7824 1.0778 0.0808
0.7829 1.0688 0.0718
0.7834 1.0652 0.0683
0.7839 1.0717 0.0749
0.7844 1.0758 0.0790
0.7849 1.0839 0.0872
0.7853 1.0902 0.0935
0.7858 1.0861 0.0894
0.7863 1.0739 0.0772
0.7868 1.0648 0.0682
0.7873 1.0604 0.0638
0.7878 1.0670 0.0705
0.7883 1.0822 0.0856
0.7888 1.0894 0.0929
0.7893 1.0869 0.0904
0.7897 1.0783 0.0817
0.7902 1.0672 0.0707
0.7907 1.0585 0.0620
0.7912 1.0593 0.0628
0.7917 1.0687 0.0721
0.7922 1.0783 0.0817
0.7927 1.0824 0.0858
0.7932 1.0804 0.0838
0.7936 1.0780 0.0813
0.7941 1.0779 0.0813
0.7946 1.0834 0.0867
0.7951 1.0921 0.0953
0.7956 1.0941 0.0973
0.7961 1.0886 0.0918
0.7966 1.0796 0.0828
0.7971 1.0690 0.0721
0.7976 1.0599 0.0629
0.7980 1.0622 0.0652
0.7985 1.0754 0.0783
0.7990 1.0898 0.0927
0.7995 1.0936 0.0964
0.8000 1.0888 0.0915
0.8005 1.0787 0.0814
0.8010 1.0697 0.0723
0.8015 1.0683 0.0708
0.8020 1.0752 0.0776
0.8024 1.0845 0.0869
0.8029 1.0925 0.0947
0.8034 1.0950 0.0972
0.8039 1.0831 0.0852
0.8044 1.0708 0.0728
0.8049 1.0689 0.0708
0.8054 1.0734 0.0752
0.8059 1.0832 0.0849
0.8064 1.0927 0.0943
0.8068 1.0966 0.0981
0.8073 1.0912 0.0926
0.8078 1.0849 0.0862
0.8083 1.0778 0.0790
0.8088 1.0831 0.0842
0.8093 1.0930 0.0939
0.8098 1.1054 0.1063
0.8103 1.1092 0.1099
0.8108 1.1053 0.1059
0.8112 1.0912 0.0917
0.8117 1.0774 0.0779
0.8122 1.0704 0.0707
0.8127 1.0713 0.0715
0.8132 1.0797 0.0798
0.8137 1.0918 0.0918
0.8142 1.0986 0.0985
0.8147 1.0966 0.0964
0.8152 1.0907 0.0903
0.8156 1.0822 0.0818
0.8161 1.0793 0.0788
0.8166 1.0881 0.0875
0.8171 1.1035 0.1028
0.8176 1.1181 0.1172
0.8181 1.1274 0.1264
0.8186 1.1211 0.1201
0.8191 1.1046 0.1035
0.8196 1.0873 0.0861
0.8200 1.0770 0.0757
0.8205 1.0808 0.0794
0.8210 1.1020 0.1005
0.8215 1.1272 0.1256
0.8220 1.1383 0.1366
0.8225 1.1298 0.1280
0.8230 1.1113 0.1095
0.8235 1.0912 0.0892
0.8240 1.0780 0.0759
0.8244 1.0753 0.0731
0.8249 1.0900 0.0878
0.8254 1.1042 0.1019
0.8259 1.1124 0.1100
0.8264 1.1093 0.1068
0.8269 1.1011 0.0985
0.8274 1.0887 0.0859
0.8279 1.0809 0.0780
0.8283 1.0798 0.0769
0.8288 1.0877 0.0847
0.8293 1.1011 0.0979
0.8298 1.1105 0.1072
0.8303 1.1093 0.1059
0.8308 1.1014 0.0979
0.8313 1.0889 0.0853
0.8318 1.0818 0.0781
0.8323 1.0859 0.0820
0.8327 1.0972 0.0932
0.8332 1.1101 0.1061
0.8337 1.1184 0.1142
0.8342 1.1140 0.1097
0.8347 1.1031 0.0987
0.8352 1.0899 0.0853
0.8357 1.0791 0.0744
0.8362 1.0743 0.0694
0.8367 1.0855 0.0805
0.8371 1.1010 0.0959
0.8376 1.1094 0.1041
0.8381 1.1122 0.1068
0.8386 1.1089 0.1033
0.8391 1.0969 0.0912
0.8396 1.0849 0.0791
0.8401 1.0841 0.0781
0.8406 1.0900 0.0839
0.8411 1.1046 0.0983
0.8415 1.1179 0.1115
0.8420 1.1243 0.1177
0.8425 1.1183 0.1116
0.8430 1.1062 0.0993
0.8435 1.0999 0.0929
0.8440 1.0872 0.0800
0.8445 1.0863 0.0790
0.8450 1.0966 0.0891
0.8455 1.1088 0.1011
0.8459 1.1050 0.0972
0.8464 1.1129 0.1049
0.8469 1.1125 0.1043
0.8474 1.1028 0.0944
0.8479 1.0996 0.0910
0.8484 1.1047 0.0960
0.8489 1.1082 0.0993
0.8494 1.1105 0.1013
0.8499 1.1154 0.1060
0.8503 1.1167 0.1072
0.8508 1.1170 0.1073
0.8513 1.1145 0.1046
0.8518 1.1169 0.1067
0.8523 1.1385 0.1282
0.8528 1.1564 0.1458
0.8533 1.1694 0.1586
0.8538 1.1763 0.1652
0.8543 1.1690 0.1578
0.8547 1.1431 0.1316
0.8552 1.1264 0.1147
0.8557 1.1145 0.1026
0.8562 1.1088 0.0966
0.8567 1.1078 0.0954
0.8572 1.1163 0.1036
0.8577 1.1168 0.1039
0.8582 1.1152 0.1020
0.8586 1.1109 0.0975
0.8591 1.1123 0.0986
0.8596 1.1050 0.0911
0.8601 1.0987 0.0845
0.8606 1.0996 0.0852
0.8611 1.1023 0.0876
0.8616 1.1043 0.0893
0.8621 1.1052 0.0900
0.8626 1.1128 0.0973
0.8630 1.1152 0.0995
0.8635 1.1101 0.0941
0.8640 1.1188 0.1025
0.8645 1.1301 0.1135
0.8650 1.1344 0.1176
0.8655 1.1451 0.1280
0.8660 1.1620 0.1447
0.8665 1.1603 0.1427
0.8670 1.1525 0.1346
0.8674 1.1493 0.1313
0.8679 1.1399 0.1216
0.8684 1.1328 0.1142
0.8689 1.1314 0.1125
0.8694 1.1316 0.1125
0.8699 1.1340 0.1147
0.8704 1.1372 0.1176
0.8709 1.1353 0.1154
0.8714 1.1271 0.1070
0.8718 1.1342 0.1139
0.8723 1.1330 0.1125
0.8728 1.1310 0.1103
0.8733 1.1341 0.1131
0.8738 1.1381 0.1168
0.8743 1.1401 0.1186
0.8748 1.1410 0.1193
0.8753 1.1353 0.1133
0.8758 1.1359 0.1137
0.8762 1.1420 0.1196
0.8767 1.1412 0.1185
0.8772 1.1414 0.1185
0.8777 1.1385 0.1154
0.8782 1.1372 0.1138
0.8787 1.1429 0.1192
0.8792 1.1463 0.1224
0.8797 1.1426 0.1185
0.8802 1.1530 0.1286
0.8806 1.1555 0.1309
0.8811 1.1510 0.1261
0.8816 1.1487 0.1236
0.8821 1.1535 0.1281
0.8826 1.1479 0.1222
0.8831 1.1503 0.1244
0.8836 1.1538 0.1276
0.8841 1.1502 0.1237
0.8846 1.1421 0.1153
0.8850 1.1489 0.1219
0.8855 1.1475 0.1203
0.8860 1.1452 0.1177
0.8865 1.1499 0.1221
0.8870 1.1529 0.1248
0.8875 1.1533 0.1249
0.8880 1.1536 0.1249
0.8885 1.1482 0.1192
0.8890 1.1427 0.1135
0.8894 1.1494 0.1199
0.8899 1.1500 0.1202
0.8904 1.1507 0.1207
0.8909 1.1572 0.1269
0.8914 1.1637 0.1331
0.8919 1.1575 0.1266
0.8924 1.1525 0.1213
0.8929 1.1492 0.1177
0.8933 1.1496 0.1180
0.8938 1.1501 0.1182
0.8943 1.1572 0.1250
0.8948 1.1632 0.1307
0.8953 1.1613 0.1285
0.8958 1.1576 0.1245
0.8963 1.1570 0.1236
0.8968 1.1567 0.1230
0.8973 1.1543 0.1203
0.8977 1.1558 0.1216
0.8982 1.1545 0.1201
0.8987 1.1545 0.1197
0.8992 1.1510 0.1160
0.8997 1.1486 0.1133
0.9002 1.1525 0.1169
0.9007 1.1587 0.1229
0.9012 1.1519 0.1158
0.9017 1.1506 0.1142
0.9021 1.1482 0.1116
0.9026 1.1501 0.1131
0.9031 1.1504 0.1132
0.9036 1.1594 0.1219
0.9041 1.1661 0.1283
0.9046 1.1747 0.1367
0.9051 1.1707 0.1324
0.9056 1.1790 0.1403
0.9061 1.1852 0.1463
0.9065 1.1863 0.1471
0.9070 1.1848 0.1454
0.9075 1.1795 0.1398
0.9080 1.1719 0.1319
0.9085 1.1661 0.1258
0.9090 1.1656 0.1251
0.9095 1.1676 0.1267
0.9100 1.1729 0.1317
0.9105 1.1735 0.1321
0.9109 1.1741 0.1324
0.9114 1.1807 0.1388
0.9119 1.1775 0.1353
0.9124 1.1826 0.1400
0.9129 1.1823 0.1395
0.9134 1.1821 0.1390
0.9139 1.1758 0.1324
0.9144 1.1701 0.1264
0.9149 1.1702 0.1263
0.9153 1.1655 0.1213
0.9158 1.1673 0.1229
0.9163 1.1682 0.1235
0.9168 1.1715 0.1265
