0.6786030 0.65989335 0.00005391
0.6800080 0.69344114 0.00005369
0.6814150 0.74255732 0.00005320
0.6828230 0.70018453 0.00005129
0.6842330 0.73265778 0.00005234
0.6856440 0.72596147 0.00005027
0.6870570 0.67138955 0.00004896
0.6884720 0.68722883 0.00004881
0.6898900 0.74231237 0.00005039
0.6913090 0.70216322 0.00004684
0.6927320 0.70088492 0.00004500
0.6941570 0.68436802 0.00004414
0.6955850 0.70210479 0.00004413
0.6970170 0.75061292 0.00004638
0.6984510 0.66521377 0.00004111
0.6998890 0.72546649 0.00004021
0.7013310 0.67663367 0.00003986
0.7027760 0.70762097 0.00003851
0.7042260 0.72145459 0.00003727
0.7056790 0.69022383 0.00003675
0.7071370 0.73481594 0.00003648
0.7085990 0.69439601 0.00003510
0.7100650 0.73991409 0.00003527
0.7115360 0.72795419 0.00003519
0.7130120 0.72629769 0.00003409
0.7144930 0.74489791 0.00003417
0.7159790 0.74610752 0.00003338
0.7174700 0.71548813 0.00003322
0.7189660 0.75289055 0.00003269
0.7204680 0.75417420 0.00003273
0.7219750 0.73511586 0.00003183
0.7234880 0.73095058 0.00003241
0.7250070 0.73425251 0.00003128
0.7265310 0.76821347 0.00003121
0.7280620 0.71803027 0.00003176
0.7295990 0.73259280 0.00003063
0.7311410 0.72908482 0.00002986
0.7326910 0.73224353 0.00002966
0.7342460 0.72455111 0.00002904
0.7358080 0.75538528 0.00002877
0.7373770 0.73733927 0.00002892
0.7389520 0.72563467 0.00002897
0.7405350 0.73153083 0.00002877
0.7421240 0.74861353 0.00002985
0.7437200 0.74218037 0.00002699
0.7453230 0.74790508 0.00002690
0.7469330 0.74355680 0.00002632
0.7485500 0.73714115 0.00002597
0.7501750 0.73783922 0.00002598
0.7518060 0.76984729 0.00002627
0.7534460 0.73922288 0.00002573
0.7550930 0.74515112 0.00002550
0.7567470 0.72456434 0.00002555
0.7584090 0.74001376 0.00002586
0.7600790 0.74918563 0.00002652
0.7617560 0.73608839 0.00002662
0.7634410 0.73681216 0.00002675
0.7651340 0.74293844 0.00002704
0.7668350 0.71267472 0.00002667
0.7685440 0.76488238 0.00002947
0.7702610 0.74090605 0.00002880
0.7719860 0.73129785 0.00002614
0.7737190 0.72783273 0.00002531
0.7754610 0.73082975 0.00002470
0.7772100 0.75232801 0.00002483
0.7789680 0.73089771 0.00002408
0.7807340 0.72600519 0.00002390
0.7825080 0.71450799 0.00002365
0.7842910 0.74869344 0.00002418
0.7860820 0.73612857 0.00002389
0.7878810 0.69996726 0.00002335
0.7896890 0.71098215 0.00002350
0.7915060 0.71694017 0.00002340
0.7933310 0.68311658 0.00002305
0.7951640 0.71969883 0.00002327
0.7970060 0.69768420 0.00002304
0.7988570 0.70288244 0.00002258
0.8007160 0.69701982 0.00002240
0.8025840 0.66484445 0.00002195
0.8044600 0.70966631 0.00002219
0.8063450 0.66197885 0.00002139
0.8082390 0.66798394 0.00002092
0.8101410 0.66047502 0.00002073
0.8120520 0.68827701 0.00002283
0.8139720 0.66180189 0.00002041
0.8159010 0.65761810 0.00002015
0.8178380 0.65716969 0.00002015
0.8197840 0.64213230 0.00002042
0.8217390 0.68880542 0.00002455
0.8237020 0.64965622 0.00002036
0.8256740 0.64820290 0.00002050
0.8276550 0.63751719 0.00002055
0.8296450 0.62511630 0.00002055
0.8316430 0.63091869 0.00002079
0.8336500 0.62739009 0.00002074
0.8356660 0.62918027 0.00002072
0.8376910 0.60236560 0.00002088
0.8397240 0.63524810 0.00002285
0.8417660 0.59417214 0.00002049
0.8438160 0.61735566 0.00002071
0.8458750 0.59668629 0.00002019
0.8479430 0.61156486 0.00002175
0.8500200 0.59075164 0.00001961
0.8521050 0.57445187 0.00001937
0.8541990 0.58601073 0.00001899
0.8563010 0.57265556 0.00001883
0.8584120 0.56325808 0.00001877
0.8605320 0.55842110 0.00001872
0.8626600 0.56518485 0.00001872
0.8647970 0.55338188 0.00001876
0.8669420 0.55379198 0.00001836
0.8690950 0.54084103 0.00001812
0.8712570 0.53812647 0.00001870
0.8734280 0.54039934 0.00001873
0.8756070 0.52803780 0.00001867
0.8777940 0.53214901 0.00001880
0.8799890 0.52485194 0.00001849
0.8821930 0.51935703 0.00001834
0.8844050 0.52361667 0.00001883
0.8866260 0.52154660 0.00001909
0.8888550 0.52559350 0.00001902
0.8910910 0.51136997 0.00001858
0.8933360 0.50848807 0.00001830
0.8955900 0.54976815 0.00001995
0.8978510 0.52197030 0.00001787
0.9001200 0.52468944 0.00001762
0.9023970 0.49609691 0.00001696
0.9046830 0.51282122 0.00001682
0.9069760 0.49660373 0.00001655
0.9092770 0.49815490 0.00001601
0.9115860 0.52759706 0.00001732
0.9139030 0.49582965 0.00001531
0.9162270 0.49816397 0.00001530
0.9185600 0.48703887 0.00001499
0.9209000 0.49391543 0.00001501
0.9232470 0.48550767 0.00001497
0.9256030 0.51980516 0.00001721
0.9279650 0.47921053 0.00001583
0.9303360 0.48442730 0.00001651
0.9327140 0.52362422 0.00001896
0.9350990 0.52722869 0.00001941
0.9374920 0.48333503 0.00001801
0.9398920 0.50292268 0.00001862
0.9422990 0.48373162 0.00001894
0.9447130 0.49149349 0.00001934
0.9471350 0.49040184 0.00001889
0.9495640 0.48988158 0.00001869
0.9520000 0.49847543 0.00001836
0.9544430 0.50748507 0.00001794
0.9568930 0.51153530 0.00001773
0.9593500 0.50283321 0.00001779
0.9618140 0.50273097 0.00001688
0.9642840 0.53421379 0.00001865
0.9667620 0.50998435 0.00001649
0.9692460 0.51775647 0.00001627
0.9717370 0.54807003 0.00001787
0.9742340 0.53484799 0.00001667
0.9767380 0.52129161 0.00001625
0.9792490 0.54996825 0.00001797
0.9817660 0.54123813 0.00001706
0.9842890 0.53102244 0.00001716
0.9868190 0.54391350 0.00001710
0.9893550 0.54444586 0.00001772
0.9918970 0.54809824 0.00001800
0.9944460 0.57148737 0.00001845
0.9970000 0.59340532 0.00001871
0.9995610 0.58964000 0.00001884
1.0021300 0.58067846 0.00001886
1.0047000 0.61021061 0.00001915
1.0072800 0.63440527 0.00001947
1.0098600 0.62340621 0.00001951
1.0124500 0.61322895 0.00001965
1.0150500 0.63083427 0.00001976
1.0176500 0.67250076 0.00002162
1.0202600 0.63352764 0.00001966
1.0228700 0.65360793 0.00002045
1.0254900 0.66714472 0.00002053
1.0281100 0.68295802 0.00002774
1.0307400 0.71968189 0.00002307
1.0333700 0.69337810 0.00002101
1.0360100 0.70363242 0.00002120
1.0386600 0.69720283 0.00002112
1.0413100 0.71217026 0.00002112
1.0439600 0.69019669 0.00002090
1.0466200 0.71290886 0.00002049
1.0492900 0.72114841 0.00002035
1.0519600 0.72692596 0.00002021
1.0546300 0.74080647 0.00001985
1.0573100 0.74000222 0.00001971
1.0600000 0.76179274 0.00001899
1.0626800 0.75266176 0.00001896
1.0653800 0.76385499 0.00001938
1.0680700 0.78037176 0.00001991
1.0707800 0.78190006 0.00002016
1.0734800 0.77929121 0.00002033
1.0761900 0.79986427 0.00002151
1.0789100 0.78993248 0.00002220
1.0816300 0.80210126 0.00002272
1.0843500 0.80238996 0.00002333
1.0870800 0.81306772 0.00002379
1.0898100 0.82958698 0.00002423
1.0925500 0.81780609 0.00002420
1.0952900 0.82929555 0.00002452
1.0980300 0.84873449 0.00002504
1.1007800 0.83687163 0.00002408
1.1035300 0.83117148 0.00002366
1.1062800 0.84874691 0.00002363
1.1090400 0.85048482 0.00002330
1.1118000 0.87143484 0.00002270
1.1145700 0.85700777 0.00002169
1.1173300 0.85094347 0.00002123
1.1201100 0.87053222 0.00002116
1.1228800 0.87079839 0.00002144
1.1256600 0.86483368 0.00002213
1.1284400 0.86507599 0.00002308
1.1312200 0.87732713 0.00002387
1.1340100 0.86392500 0.00002422
1.1368000 0.86929631 0.00002584
1.1396000 0.89244892 0.00002685
1.1423900 0.88460768 0.00002705
1.1451900 0.89151130 0.00002759
1.1479900 0.90691021 0.00002792
1.1508000 0.89352798 0.00002799
1.1536100 0.88454469 0.00002776
1.1564200 0.90361456 0.00002812
1.1592300 0.90542470 0.00002829
1.1620400 0.89611186 0.00002706
1.1648600 0.90866450 0.00002685
1.1676800 0.93447958 0.00002682
1.1705000 0.93396059 0.00002677
1.1733300 0.92421711 0.00002583
1.1761500 0.93173506 0.00002464
1.1789800 0.87392364 0.00002760
1.1818100 0.94685853 0.00003657
1.1846400 0.88752582 0.00003154
1.1874800 0.93623834 0.00002401
1.1903100 0.92323960 0.00002271
1.1931500 0.91423179 0.00002396
1.1959900 0.94731016 0.00002493
1.1988300 0.93262467 0.00002504
1.2016800 0.95433159 0.00002566
1.2045200 0.92746906 0.00002670
1.2073700 0.94764971 0.00002803
1.2102200 0.93590902 0.00002838
1.2130700 0.94690144 0.00002889
1.2159200 0.95611315 0.00002921
1.2187700 1.00138103 0.00003212
1.2216200 0.93221010 0.00002911
1.2244800 0.96475724 0.00002976
1.2273300 1.00843416 0.00003276
1.2301900 0.96072916 0.00002896
1.2330500 0.96946535 0.00002871
1.2359100 0.95397782 0.00002861
1.2387700 0.97926929 0.00002829
1.2416300 0.96140270 0.00002782
1.2444900 0.97146706 0.00002724
1.2473500 0.95750907 0.00002632
1.2502100 0.97328566 0.00002594
1.2530800 0.98090569 0.00002599
1.2559400 0.99321634 0.00002661
1.2588100 0.98488895 0.00002799
1.2616700 0.98946910 0.00002981
1.2645400 0.97870059 0.00003154
1.2674100 0.98942300 0.00003402
1.2702700 0.99405584 0.00003667
1.2731400 1.00296799 0.00003830
1.2760100 1.01629763 0.00003891
1.2788800 0.99766902 0.00003864
1.2817500 1.00174883 0.00003905
1.2846100 1.03466993 0.00003959
1.2874800 1.00355242 0.00003792
1.2903500 1.01183258 0.00003669
1.2932200 1.01888734 0.00003564
1.2960900 1.02344408 0.00003420
1.2989600 0.99869455 0.00003333
1.3018300 1.02872459 0.00003385
1.3046900 1.02439823 0.00003412
1.3075600 1.01751568 0.00003343
1.3104300 1.03075832 0.00003244
1.3133000 1.05009872 0.00003267
1.3161700 1.04465338 0.00003270
1.3190300 1.03084639 0.00003187
1.3219000 1.03271391 0.00003172
1.3247700 1.03938646 0.00003014
1.3276300 1.02753554 0.00002910
1.3305000 1.02988290 0.00002825
1.3333600 1.03579476 0.00002817
1.3362300 1.04766493 0.00002812
1.3390900 1.04654198 0.00002640
1.3419500 1.05148339 0.00002551
1.3448200 1.03821810 0.00002570
1.3476800 1.04417677 0.00002513
1.3505400 1.07384557 0.00002527
1.3534000 1.07128414 0.00002598
1.3562600 1.07774129 0.00002747
1.3591100 1.07572388 0.00002978
1.3619700 1.07700227 0.00003329
1.3648300 1.08279288 0.00003741
1.3676800 1.03156260 0.00004026
1.3705400 1.02201817 0.00004157
1.3733900 1.04238970 0.00004382
1.3762400 1.05667732 0.00004775
1.3790900 1.09069357 0.00004931
1.3819400 1.06537665 0.00004772
1.3847900 1.05149475 0.00004628
1.3876300 1.08684495 0.00004469
1.3904800 1.09537717 0.00004497
1.3933200 1.09880479 0.00004759
1.3961700 1.06243147 0.00005053
1.3990100 1.02933796 0.00005145
1.4018500 1.07317680 0.00005215
1.4046900 1.08798249 0.00005374
1.4075200 1.05179899 0.00005509
1.4103600 1.07116374 0.00005781
1.4131900 1.05130013 0.00006165
1.4160300 1.04280313 0.00005488
1.4188600 1.09793811 0.00005201
1.4216900 1.07195330 0.00004880
1.4245100 1.06541119 0.00004696
1.4273400 1.04909629 0.00004620
1.4301600 1.08166359 0.00004503
1.4329900 1.08145163 0.00004286
1.4358100 1.05297486 0.00003928
1.4386300 1.06094517 0.00003759
1.4414400 1.04953835 0.00003839
1.4442600 1.05698697 0.00004218
1.4470700 1.03901360 0.00004410
1.4498800 1.07000598 0.00004513
1.4526900 1.07275734 0.00004550
1.4555000 1.05533348 0.00004558
1.4583100 1.07745731 0.00004595
1.4611100 1.06519600 0.00004708
1.4639100 1.05483926 0.00004819
1.4667100 1.05678763 0.00004768
1.4695100 1.05663950 0.00004621
1.4723000 1.03510844 0.00004681
1.4751000 1.04434934 0.00004776
1.4778900 1.05713266 0.00004736
1.4806800 1.05493046 0.00004869
1.4834600 1.05391128 0.00004957
1.4862500 1.05465930 0.00004856
1.4890300 1.06600361 0.00004713
1.4918100 1.04408502 0.00004758
1.4945900 1.04152524 0.00004468
1.4973600 1.03714598 0.00004767
1.5001400 1.11307588 0.00005714
1.5029100 1.00000000 0.00005156
1.5056800 1.03667248 0.00004946
1.5084400 1.02147316 0.00004787
1.5112100 1.04833493 0.00004923
1.5139700 1.01622520 0.00004899
1.5167300 0.98477384 0.00005190
1.5194800 1.00379857 0.00005298
1.5222400 1.03055804 0.00004933
1.5249900 1.00809158 0.00004732
1.5277400 1.06458507 0.00005377
1.5304900 0.99362604 0.00005055
1.5332300 1.01857757 0.00005208
1.5359700 1.02117808 0.00005406
1.5387100 1.05368687 0.00005388
1.5414500 0.97655430 0.00005247
1.5441900 0.99491119 0.00005012
1.5469200 1.00142007 0.00005020
1.5496500 0.96652856 0.00004862
1.5523700 0.97067937 0.00004809
1.5551000 0.99384219 0.00004894
1.5578200 1.00483637 0.00004996
1.5605400 0.99103992 0.00004885
1.5632500 0.94179822 0.00004862
1.5659700 0.95979167 0.00004859
1.5686800 0.95806475 0.00004709
1.5713900 0.95808209 0.00004508
1.5740900 0.95506229 0.00004656
1.5768000 0.95469385 0.00005297
1.5795000 0.96534749 0.00005536
1.5822000 0.94189116 0.00005400
1.5848900 0.94950937 0.00005295
1.5875800 0.93926378 0.00005411
1.5902700 0.94487215 0.00005346
1.5929600 0.93761056 0.00005403
1.5956400 0.90324814 0.00005648
1.5983300 0.90718296 0.00005595
1.6010000 0.92995384 0.00005062
1.6036800 0.91068436 0.00005002
1.6063500 0.92957068 0.00005408
1.6090300 0.87755381 0.00005600
1.6116900 0.89469670 0.00005701
1.6143600 0.92736493 0.00005863
1.6170200 0.89416825 0.00006370
1.6196800 0.94464525 0.00005777
1.6223400 0.86164213 0.00005548
1.6249900 0.89212233 0.00005487
1.6276400 0.89547238 0.00005379
1.6302900 0.92496108 0.00005579
1.6329400 0.89423636 0.00005194
1.6355800 0.91734701 0.00005182
1.6382200 0.89532057 0.00005375
1.6408600 0.87627678 0.00005103
1.6434900 0.86450781 0.00005311
1.6461200 0.89444009 0.00005397
1.6487500 0.85463434 0.00005302
1.6513800 0.84032437 0.00005064
1.6540000 0.88007479 0.00004892
1.6566200 0.84625078 0.00004700
1.6592400 0.87532942 0.00004586
1.6618500 0.86975856 0.00004949
1.6644600 0.82761130 0.00005429
1.6670700 0.82145658 0.00005419
1.6696800 0.85121697 0.00005434
1.6722800 0.88925494 0.00005398
1.6748800 0.87530781 0.00005530
1.6774800 0.86760083 0.00005566
1.6800800 0.81909320 0.00005670
1.6826700 0.84866383 0.00005827
1.6852600 0.82008007 0.00005478
1.6878500 0.82523066 0.00005045
1.6904300 0.82988301 0.00005062
1.6930100 0.82404313 0.00005405
1.6955900 0.82856864 0.00005864
1.6981600 0.81080854 0.00005918
1.7007400 0.79794726 0.00006209
1.7033100 0.83898370 0.00006122
1.7058700 0.84354996 0.00006774
1.7084400 0.82396199 0.00005973
1.7110000 0.81460624 0.00006376
1.7135600 0.84407673 0.00005735
1.7161100 0.80953650 0.00005416
1.7186700 0.78974503 0.00005347
1.7212200 0.78032069 0.00005425
1.7237600 0.80738490 0.00005453
1.7263100 0.78102278 0.00005281
1.7288500 0.75727794 0.00005055
1.7313900 0.75115864 0.00005337
1.7339200 0.77511034 0.00005646
1.7364600 0.78035767 0.00005729
1.7389900 0.79340050 0.00005852
1.7415200 0.77167100 0.00005656
1.7440400 0.76700606 0.00005667
1.7465600 0.73857766 0.00005617
1.7490800 0.74139986 0.00005426
1.7516000 0.78591749 0.00005149
1.7541200 0.73037478 0.00004689
1.7566300 0.75765014 0.00004777
1.7591400 0.73942115 0.00005776
1.7616400 0.75789280 0.00006493
1.7641500 0.77663952 0.00006401
1.7666500 0.78280876 0.00006066
1.7691400 0.74315649 0.00006010
1.7716400 0.79755761 0.00006084
1.7741300 0.74458233 0.00006232
1.7766200 0.74615847 0.00006310
1.7791100 0.73682952 0.00005990
1.7815900 0.75758104 0.00005559
1.7840800 0.75330906 0.00005375
1.7865500 0.74829555 0.00005300
1.7890300 0.69258955 0.00005619
1.7915100 0.70801671 0.00005912
1.7939800 0.69949706 0.00006687
1.7964500 0.69874409 0.00006841
1.7989100 0.74408720 0.00007054
1.8013700 0.73223731 0.00007086
1.8038400 0.71245085 0.00007032
1.8062900 0.68053002 0.00007647
1.8087500 0.74354440 0.00008117
1.8112000 0.67723328 0.00008392
1.8136500 0.67735031 0.00008142
1.8161000 0.68508227 0.00007752
1.8185400 0.70346771 0.00008150
1.8209900 0.66796354 0.00008371
1.8234300 0.71494100 0.00008481
1.8258600 0.74369277 0.00008045
1.8283000 0.80161199 0.00007836
1.8307300 0.70896194 0.00007882
1.8331600 0.67430067 0.00008453
1.8355900 0.84294402 0.00008914
1.8380100 0.70380634 0.00009379
1.8404400 0.68749225 0.00009672
1.8428500 0.66124531 0.00010096
1.8452700 0.70166405 0.00011221
1.8476900 0.59476012 0.00012346
1.8501000 0.73055522 0.00013873
1.8525100 0.62335713 0.00012791
1.8549100 0.66518738 0.00012632
1.8573200 0.61999775 0.00011894
1.8597200 0.71559519 0.00011035
1.8621200 0.74143560 0.00010244
1.8645200 0.69327545 0.00010245
1.8669100 0.74524765 0.00011006
1.8693100 0.59405677 0.00012905
1.8716900 0.74972808 0.00014103
1.8740800 0.76836700 0.00014041
1.8764700 0.72913507 0.00013846
1.8788500 0.73157083 0.00013744
1.8812300 0.67180028 0.00013247
1.8836100 0.60794529 0.00012159
1.8859800 0.60661201 0.00010993
1.8883600 0.70821638 0.00009039
1.8907300 0.67085709 0.00007492
1.8930900 0.67556983 0.00006957
1.8954600 0.69223729 0.00006937
1.8978200 0.68013823 0.00007547
1.9001800 0.63523748 0.00008391
1.9025400 0.64389249 0.00008769
1.9049000 0.69141235 0.00008784
1.9072500 0.71071413 0.00008789
1.9096000 0.59914388 0.00009219
1.9119500 0.74762515 0.00009879
1.9143000 0.65063484 0.00010163
1.9166400 0.64542297 0.00010305
1.9189900 0.66613035 0.00011109
1.9213300 0.66713355 0.00011183
1.9236600 0.67163725 0.00010986
1.9260000 0.65132213 0.00010675
1.9283300 0.65262066 0.00010478
1.9306600 0.66305449 0.00010194
1.9329900 0.74003849 0.00010302
1.9353200 0.63923469 0.00009508
1.9376400 0.61451389 0.00008701
1.9399600 0.67981690 0.00007350
1.9422800 0.63052287 0.00006971
1.9446000 0.68480294 0.00006985
1.9469100 0.67319906 0.00007121
1.9492200 0.68553508 0.00007147
1.9515300 0.71877566 0.00007425
1.9538400 0.68469119 0.00007567
1.9561500 0.68224432 0.00007950
1.9584500 0.67545591 0.00008607
1.9607500 0.69028756 0.00008987
1.9630500 0.63905172 0.00009412
1.9653400 0.70728763 0.00009552
1.9676400 0.62628608 0.00009351
1.9699300 0.61870841 0.00009247
1.9722200 0.66334942 0.00009307
1.9745100 0.70153884 0.00008888
1.9767900 0.70831727 0.00008424
1.9790700 0.69280422 0.00007958
1.9813600 0.66347746 0.00007551
1.9836300 0.68763398 0.00007012
1.9859100 0.66531164 0.00006635
1.9881800 0.63356140 0.00006640
1.9904600 0.66196680 0.00005466
1.9927300 0.66580332 0.00005683
1.9949900 0.70866668 0.00006915
1.9972600 0.74331321 0.00008075
1.9995200 0.72623617 0.00009033
2.0017800 0.69385903 0.00009866
2.0040400 0.71701029 0.00010742
2.0063000 0.69565851 0.00011837
2.0085500 0.61164450 0.00013078
2.0108000 0.63567567 0.00013902
2.0130500 0.76151839 0.00013328
2.0153000 0.64144553 0.00011078
2.0175500 0.64720257 0.00009367
2.0197900 0.65094510 0.00009090
2.0220300 0.62104081 0.00009820
2.0242700 0.75228978 0.00009893
2.0265000 0.71131369 0.00009484
2.0287400 0.64633333 0.00009337
2.0309700 0.72437435 0.00008956
2.0332000 0.62375649 0.00008624
2.0354300 0.69261569 0.00009194
2.0376500 0.73230727 0.00009548
2.0398800 0.64205074 0.00009120
2.0421000 0.70032280 0.00008806
2.0443200 0.71699976 0.00008561
2.0465400 0.66922988 0.00008557
2.0487500 0.59801870 0.00008797
2.0509600 0.72575785 0.00009802
2.0531700 0.64713700 0.00009949
2.0553800 0.67413979 0.00009098
2.0575900 0.73102347 0.00009014
2.0597900 0.74300075 0.00009267
2.0619900 0.69018557 0.00009231
2.0641900 0.68042252 0.00008905
2.0663900 0.65606888 0.00009051
2.0685800 0.69380824 0.00008805
2.0707800 0.70382262 0.00007773
2.0729700 0.72648350 0.00007421
2.0751500 0.73626140 0.00007351
2.0773400 0.68941120 0.00007290
2.0795200 0.76331594 0.00007354
2.0817100 0.73927861 0.00007529
2.0838900 0.75052839 0.00007416
2.0860600 0.70494944 0.00007041
2.0882400 0.74445135 0.00006671
2.0904100 0.72427237 0.00006610
2.0925800 0.69649107 0.00006556
2.0947500 0.71198476 0.00006550
2.0969200 0.69712903 0.00006521
2.0990800 0.78109051 0.00006433
2.1012400 0.76056776 0.00006509
2.1034000 0.75433206 0.00006548
2.1055600 0.70542085 0.00006749
2.1077100 0.70869457 0.00007097
2.1098700 0.70357287 0.00007699
2.1120200 0.72610746 0.00007707
2.1141700 0.73372372 0.00008014
2.1163100 0.75207178 0.00008111
2.1184600 0.73921837 0.00008215
2.1206000 0.78960912 0.00008316
2.1227400 0.76858489 0.00008167
2.1248800 0.73157019 0.00007903
2.1270100 0.77500986 0.00007892
2.1291400 0.77553414 0.00007831
2.1312700 0.69435637 0.00007474
2.1334000 0.78645972 0.00007334
2.1355300 0.74237183 0.00007141
2.1376500 0.79200083 0.00007869
2.1397700 0.80694667 0.00006318
2.1418900 0.77099913 0.00006251
2.1440100 0.77636606 0.00006642
2.1461300 0.74722278 0.00007683
2.1482400 0.78904872 0.00008507
2.1503500 0.75004372 0.00008973
2.1524600 0.72565868 0.00009251
2.1545600 0.76039419 0.00009445
2.1566700 0.83083501 0.00009579
2.1587700 0.73662076 0.00010058
2.1608700 0.76944059 0.00009626
2.1629600 0.79116907 0.00008975
2.1650600 0.80753941 0.00008054
2.1671500 0.79032985 0.00007598
2.1692400 0.73811946 0.00007436
2.1713300 0.81103998 0.00007384
2.1734100 0.79207748 0.00007681
2.1755000 0.78431125 0.00008478
2.1775800 0.82590999 0.00009670
2.1796600 0.81504221 0.00009218
2.1817300 0.79007516 0.00009128
2.1838100 0.81234836 0.00009275
2.1858800 0.78733654 0.00009693
2.1879500 0.82056058 0.00009415
2.1900200 0.81011848 0.00009895
2.1920800 0.85318857 0.00010125
2.1941500 0.75561573 0.00009805
2.1962100 0.82109717 0.00009818
2.1982600 0.84468706 0.00009962
2.2003200 0.73280559 0.00009986
2.2023700 0.85185206 0.00010221
2.2044300 0.89293488 0.00010386
2.2064800 0.84754138 0.00010419
2.2085200 0.83612093 0.00010301
2.2105700 0.87900165 0.00010262
2.2126100 0.84684373 0.00010135
2.2146500 0.84633529 0.00009994
2.2166900 0.89989582 0.00009959
2.2187300 0.83335358 0.00009666
2.2207600 0.82802880 0.00009740
2.2227900 0.87481613 0.00009728
2.2248200 0.84312765 0.00009351
2.2268500 0.78837315 0.00009443
2.2288700 0.85877745 0.00009803
2.2309000 0.90085362 0.00009945
2.2329200 0.85746639 0.00010030
2.2349400 0.90940855 0.00010074
2.2369500 0.85052600 0.00009964
2.2389700 0.90192337 0.00009890
2.2409800 0.84597731 0.00009934
2.2429900 0.86674839 0.00009625
2.2450000 0.92228264 0.00009268
2.2470000 0.84769420 0.00009787
2.2490100 0.85403918 0.00009758
2.2510100 0.87864126 0.00009820
2.2530100 0.91256801 0.00009907
2.2550000 0.78892845 0.00009946
2.2570000 0.88111036 0.00010009
2.2589900 0.96382370 0.00010073
2.2609800 0.96367986 0.00010041
2.2629700 0.93782978 0.00009970
2.2649600 0.95030389 0.00009953
2.2669400 0.86635329 0.00010052
2.2689300 0.90387066 0.00010206
2.2709100 0.90065788 0.00010451
2.2728900 0.95041460 0.00010611
2.2748600 0.88083259 0.00010589
2.2768400 0.90070017 0.00010622
2.2788100 0.92018927 0.00010645
2.2807900 0.78025731 0.00010556
2.2827500 0.91399019 0.00010578
2.2847200 0.95912101 0.00010558
2.2866900 0.90757124 0.00010573
2.2886500 0.91184270 0.00010708
2.2906200 0.91648959 0.00010840
2.2925800 0.92453642 0.00011053
2.2945400 0.91858546 0.00011300
2.2964900 0.94073833 0.00011427
2.2984500 0.94988609 0.00011590
2.3004000 0.89667024 0.00011653
2.3023500 0.94675044 0.00011784
2.3043000 0.96797339 0.00011818
2.3062500 0.95061183 0.00011788
2.3082000 0.91179518 0.00011729
2.3101500 0.89572424 0.00011743
2.3120900 0.92950062 0.00011732
2.3140300 0.98734180 0.00012046
2.3159800 0.97415696 0.00012204
2.3179200 0.93670346 0.00012724
2.3198600 0.96249954 0.00012570
2.3217900 1.02078951 0.00012757
2.3237300 0.93725946 0.00012922
2.3256600 0.91701447 0.00012938
2.3276000 0.95082002 0.00013051
2.3295300 0.98256046 0.00013056
2.3314600 1.01000724 0.00012978
2.3333900 1.01970319 0.00013075
2.3353200 0.87691756 0.00013265
2.3372500 1.03739724 0.00013402
2.3391800 1.07728391 0.00014606
2.3411000 0.91947871 0.00013933
2.3430300 1.03081201 0.00014209
2.3449500 0.94746980 0.00014553
2.3468800 1.05887742 0.00015032
2.3488000 1.03289005 0.00015412
2.3507200 1.04377695 0.00015628
2.3526400 0.99208414 0.00015839
2.3545600 0.96405744 0.00016083
2.3564900 0.92560007 0.00016146
2.3584100 1.09207389 0.00016206
2.3603300 1.03110809 0.00019874
2.3622400 1.02084778 0.00015922
2.3641600 0.97725294 0.00015956
2.3660800 0.95425008 0.00016405
2.3680000 1.11672324 0.00017024
2.3699200 1.00399037 0.00017216
2.3718400 1.16817530 0.00017606
2.3737600 1.03822771 0.00018285
2.3756800 0.96733448 0.00019196
2.3775900 1.04572941 0.00018783
2.3795100 1.13174421 0.00018978
2.3814300 1.02695611 0.00018952
2.3833500 1.02201864 0.00018905
2.3852700 0.95663869 0.00018927
2.3871900 0.98324583 0.00019169
2.3891100 0.93172047 0.00019251
2.3910300 0.94119905 0.00019373
2.3929600 0.88456117 0.00019559
2.3948800 1.14231660 0.00019447
2.3968100 0.86760501 0.00020023
2.3987300 0.99335966 0.00019228
2.4006600 1.02224563 0.00019453
2.4025800 1.08270926 0.00021338
2.4045100 1.00798626 0.00020280
2.4064400 1.06931607 0.00020939
2.4083800 1.09602192 0.00020740
2.4103100 1.07688506 0.00021363
2.4122400 1.09033501 0.00022081
2.4141800 1.08240897 0.00023051
2.4161200 1.12363451 0.00023955
2.4180600 1.09976199 0.00024410
2.4200000 1.13101669 0.00024792
2.4219500 1.14332144 0.00027412
2.4238900 1.10032822 0.00027643
2.4258400 1.14790939 0.00028890
2.4277900 1.01894647 0.00026932
2.4297500 0.99363348 0.00023695
2.4317000 1.06061755 0.00023873
2.4336700 1.05428804 0.00025173
2.4356300 1.05923825 0.00026062
2.4375900 1.08406140 0.00026230
2.4395600 1.03980980 0.00026319
2.4415400 0.90144486 0.00027010
2.4435100 0.97922644 0.00028080
2.4454900 1.11891244 0.00029543
2.4474800 0.90070502 0.00029868
2.4494600 1.06762039 0.00030304
2.4514500 1.02563938 0.00030707
2.4534500 1.21791972 0.00032012
2.4554500 1.13706265 0.00032951
2.4574500 1.20908262 0.00033095
2.4594600 1.02972924 0.00032618
2.4614800 0.99955981 0.00032049
2.4635000 1.17104893 0.00032017
2.4655200 1.09575991 0.00031068
2.4675500 1.01533086 0.00030456
2.4695800 1.03766978 0.00030336
2.4716200 1.41156887 0.00031656
2.4736700 1.23335771 0.00033988
2.4757200 1.24702338 0.00036018
2.4777800 1.04684298 0.00036715
2.4798400 1.17603318 0.00036929
2.4819100 1.01270067 0.00038220
2.4839900 0.95680726 0.00040070
2.4860700 0.84196537 0.00044258
2.4881600 1.11763513 0.00044546
2.4902600 1.35467863 0.00047234
2.4923700 1.32554992 0.00047707
2.4944800 1.22059479 0.00051041
2.4966000 0.68893833 0.00054116
2.4987300 1.48493377 0.00057303
2.5008600 1.33243679 0.00059157
2.5030100 1.00870834 0.00059326
2.5051600 1.06359851 0.00057834
2.5073200 0.71295484 0.00056758
2.5094900 1.04918766 0.00056273
2.5116800 1.06187014 0.00058217
2.5138600 1.34484317 0.00058524
2.5160600 0.87726707 0.00058459
2.5182700 1.03629701 0.00059969
2.5204900 0.68042142 0.00064489
2.5227200 0.75450820 0.00070464
2.5249600 1.45568760 0.00078713
2.5272200 1.15322072 0.00086231
2.5294800 1.40881492 0.00091087
2.5317500 0.52933892 0.00100180
2.5340400 1.79348104 0.00100587
2.5363300 1.59750492 0.00110117
2.5386400 1.40414052 0.00109784
2.5409600 0.94676447 0.00114504
