    0.6500   -1.0000   -1.0000         3
    0.6550   -1.0000   -1.0000         3
    0.6600   -1.0000   -1.0000         3
    0.6650   -1.0000   -1.0000         3
    0.6700   -1.0000   -1.0000         3
    0.6750   -1.0000   -1.0000         3
    0.6800   -1.0000   -1.0000         3
    0.6850   -1.0000   -1.0000         3
    0.6900   -1.0000   -1.0000         3
    0.6950   -1.0000   -1.0000         3
    0.7000   -1.0000   -1.0000         3
    0.7050   -1.0000   -1.0000         3
    0.7100   -1.0000   -1.0000         3
    0.7150   -1.0000   -1.0000         3
    0.7200   -1.0000   -1.0000         3
    0.7250   -1.0000   -1.0000         3
    0.7300   -1.0000   -1.0000         3
    0.7350   -1.0000   -1.0000         3
    0.7400   -1.0000   -1.0000         3
    0.7450   -1.0000   -1.0000         3
    0.7500   -1.0000   -1.0000         3
    0.7550   -1.0000   -1.0000         3
    0.7600   -1.0000   -1.0000         3
    0.7650   -1.0000   -1.0000         3
    0.7700   -1.0000   -1.0000         3
    0.7750   -1.0000   -1.0000         3
    0.7800   -1.0000   -1.0000         3
    0.7850   -1.0000   -1.0000         3
    0.7900   -1.0000   -1.0000         3
    0.7950   -1.0000   -1.0000         3
    0.8000    1.0075    0.0109         3
    0.8050    1.0011    0.0101         3
    0.8100    0.9926    0.0091         3
    0.8150    0.9937    0.0084         3
    0.8200   -1.0000   -1.0000         0
    0.8250    1.0002    0.0074         1
    0.8300    1.0017    0.0077         3
    0.8350    0.9897    0.0075         3
    0.8400    0.9910    0.0074         3
    0.8450    0.9902    0.0075         3
    0.8500    0.9717    0.0075         3
    0.8550    0.9635    0.0076         3
    0.8600    0.9607    0.0077         3
    0.8650    0.9579    0.0076         3
    0.8700    0.9588    0.0075         3
    0.8750    0.9511    0.0073         3
    0.8800    0.9458    0.0070         3
    0.8850    0.9450    0.0067         3
    0.8900    0.9419    0.0065         3
    0.8950    0.9410    0.0064         3
    0.9000    0.9429    0.0063         3
    0.9050    0.9372    0.0063         3
    0.9100    0.9351    0.0062         3
    0.9150    0.9305    0.0062         3
    0.9200    0.9294    0.0063         3
    0.9250    0.9292    0.0064         3
    0.9300    0.9348    0.0066         3
    0.9350    0.9308    0.0069         2
    0.9400    0.9295    0.0069         2
    0.9450    0.9301    0.0067         2
    0.9500    0.9320    0.0065         2
    0.9550    0.9412    0.0062         3
    0.9600    0.9478    0.0061         3
    0.9650    0.9498    0.0058         3
    0.9700    0.9523    0.0057         3
    0.9750    0.9499    0.0056         3
    0.9800    0.9547    0.0055         3
    0.9850    0.9554    0.0054         3
    0.9900    0.9611    0.0054         3
    0.9950    0.9686    0.0053         3
    1.0000    0.9721    0.0053         3
    1.0050    0.9691    0.0052         3
    1.0100    0.9809    0.0052         3
    1.0150    0.9828    0.0052         3
    1.0200    0.9843    0.0051         3
    1.0250    0.9859    0.0051         3
    1.0300    0.9878    0.0051         3
    1.0350    0.9925    0.0052         3
    1.0400    0.9988    0.0052         3
    1.0450    0.9984    0.0051         3
    1.0500    1.0029    0.0051         3
    1.0550    1.0041    0.0051         3
    1.0600    1.0122    0.0051         3
    1.0650    1.0129    0.0051         3
    1.0700    1.0119    0.0051         3
    1.0750    1.0241    0.0051         3
    1.0800    1.0298    0.0050         3
    1.0850    1.0271    0.0050         3
    1.0900    1.0302    0.0050         3
    1.0950    1.0293    0.0050         3
    1.1000    1.0335    0.0050         3
    1.1050    1.0485    0.0052         3
    1.1100    1.0491    0.0054         3
    1.1150    1.0616    0.0058         3
    1.1200    1.0504    0.0060         3
    1.1250    1.0547    0.0062         2
    1.1300    1.0674    0.0062         3
    1.1350    1.0612    0.0060         3
    1.1400    1.0724    0.0059         3
    1.1450    1.0771    0.0058         3
    1.1500    1.0762    0.0055         3
    1.1550    1.0871    0.0053         3
    1.1600    1.0937    0.0051         3
    1.1650    1.0972    0.0050         3
    1.1700    1.1065    0.0050         3
    1.1750    1.1094    0.0050         3
    1.1800    1.1140    0.0049         3
    1.1850    1.1111    0.0049         3
    1.1900    1.1148    0.0049         3
    1.1950    1.1174    0.0049         3
    1.2000    1.1147    0.0049         3
    1.2050    1.1206    0.0049         3
    1.2100    1.1175    0.0049         3
    1.2150    1.1268    0.0049         3
    1.2200    1.1285    0.0049         3
    1.2250    1.1287    0.0049         3
    1.2300    1.1342    0.0049         3
    1.2350    1.1303    0.0049         3
    1.2400    1.1413    0.0050         3
    1.2450    1.1430    0.0050         3
    1.2500    1.1411    0.0050         3
    1.2550    1.1449    0.0051         3
    1.2600    1.1464    0.0052         3
    1.2650    1.1409    0.0051         3
    1.2700    1.1347    0.0051         3
    1.2750    1.1491    0.0051         3
    1.2800    1.1530    0.0050         3
    1.2850    1.1455    0.0050         3
    1.2900    1.1542    0.0050         3
    1.2950    1.1578    0.0050         3
    1.3000    1.1591    0.0051         3
    1.3050    1.1692    0.0052         3
    1.3100    1.1618    0.0053         3
    1.3150    1.1762    0.0054         3
    1.3200    1.1766    0.0055         3
    1.3250    1.1794    0.0056         3
    1.3300    1.1765    0.0058         3
    1.3350    1.1875    0.0063         3
    1.3400    1.1906    0.0065         1
    1.3450   -1.0000   -1.0000         0
    1.3500   -1.0000   -1.0000         0
    1.3550    1.1825    0.0211         3
    1.3600   -1.0000   -1.0000         0
    1.3650   -1.0000   -1.0000         0
    1.3700    1.1932    0.0165         2
    1.3750   -1.0000   -1.0000         0
    1.3800    1.1806    0.0167         2
    1.3850    1.1929    0.0157         3
    1.3900    1.2327    0.0151         1
    1.3950    1.1947    0.0138         3
    1.4000    1.1906    0.0124         3
    1.4050    1.1873    0.0111         2
    1.4100    1.2011    0.0102         3
    1.4150    1.2040    0.0091         3
    1.4200    1.2146    0.0088         3
    1.4250    1.2179    0.0084         2
    1.4300    1.2175    0.0083         3
    1.4350    1.2172    0.0080         3
    1.4400    1.2199    0.0077         3
    1.4450    1.2177    0.0075         3
    1.4500    1.2278    0.0071         3
    1.4550    1.2316    0.0071         3
    1.4600    1.2341    0.0072         3
    1.4650    1.2217    0.0072         3
    1.4700    1.2183    0.0072         3
    1.4750    1.2317    0.0071         3
    1.4800    1.2254    0.0068         3
    1.4850    1.2260    0.0066         3
    1.4900    1.2289    0.0065         3
    1.4950    1.2398    0.0065         3
    1.5000    1.2346    0.0064         3
    1.5050    1.2367    0.0061         1
    1.5100    1.2386    0.0064         3
    1.5150    1.2402    0.0063         3
    1.5200    1.2532    0.0064         3
    1.5250    1.2502    0.0064         3
    1.5300    1.2359    0.0064         3
    1.5350    1.2432    0.0064         3
    1.5400    1.2518    0.0064         3
    1.5450    1.2453    0.0064         3
    1.5500    1.2408    0.0064         3
    1.5550    1.2321    0.0065         3
    1.5600    1.2424    0.0066         3
    1.5650    1.2396    0.0066         3
    1.5700    1.2341    0.0067         3
    1.5750    1.2370    0.0067         3
    1.5800    1.2426    0.0067         3
    1.5850    1.2426    0.0067         3
    1.5900    1.2342    0.0067         3
    1.5950    1.2401    0.0068         3
    1.6000    1.2444    0.0069         3
    1.6050    1.2347    0.0069         3
    1.6100    1.2339    0.0069         3
    1.6150    1.2412    0.0068         3
    1.6200    1.2399    0.0068         3
    1.6250    1.2422    0.0068         3
    1.6300    1.2488    0.0070         3
    1.6350    1.2391    0.0071         3
    1.6400    1.2294    0.0071         3
    1.6450    1.2307    0.0072         3
    1.6500    1.2434    0.0072         3
    1.6550    1.2418    0.0073         3
    1.6600    1.2417    0.0073         3
    1.6650    1.2336    0.0073         3
    1.6700    1.2385    0.0075         3
    1.6750    1.2389    0.0076         3
    1.6800    1.2463    0.0076         3
    1.6850    1.2416    0.0076         3
    1.6900    1.2343    0.0076         3
    1.6950    1.2182    0.0077         3
    1.7000    1.2146    0.0078         3
    1.7050    1.2328    0.0078         3
    1.7100    1.2272    0.0078         3
    1.7150    1.2276    0.0078         3
    1.7200    1.2425    0.0081         3
    1.7250    1.2405    0.0083         3
    1.7300    1.2405    0.0083         3
    1.7350    1.2406    0.0086         3
    1.7400    1.2281    0.0084         3
    1.7450    1.2373    0.0083         3
    1.7500    1.2389    0.0085         3
    1.7550    1.2388    0.0086         3
    1.7600    1.2260    0.0088         3
    1.7650    1.2188    0.0092         3
    1.7700    1.2370    0.0087         3
    1.7750    1.2389    0.0098         3
    1.7800    1.2242    0.0099         3
    1.7850    1.2066    0.0103         3
    1.7900    1.1864    0.0112         3
    1.7950    1.1896    0.0117         3
    1.8000    1.1667    0.0127         3
    1.8050    1.1787    0.0144         2
    1.8100    1.1751    0.0164         1
    1.8150    1.1648    0.0178         3
    1.8200    1.1804    0.0182         3
    1.8250    1.2031    0.0217         3
    1.8300    1.2287    0.0303         3
    1.8350    1.2733    0.0527         1
    1.8400    1.1453    0.0332         2
    1.8450    1.1762    0.0453         3
    1.8500    1.2243    0.0466         3
    1.8550    1.2164    0.0432         3
    1.8600    1.1591    0.0378         3
    1.8650    1.1830    0.0359         2
    1.8700   -1.0000   -1.0000         0
    1.8750    1.2127    0.0440         1
    1.8800    1.1738    0.0353         3
    1.8850    1.1982    0.0318         3
    1.8900   -1.0000   -1.0000         0
    1.8950    1.1565    0.0370         2
    1.9000    1.1867    0.0394         3
    1.9050    1.1390    0.0390         3
    1.9100    1.1844    0.0445         2
    1.9150    1.1594    0.0318         3
    1.9200    1.1672    0.0268         3
    1.9250    1.1465    0.0249         3
    1.9300    1.1605    0.0242         2
    1.9350    1.1492    0.0201         3
    1.9400   -1.0000   -1.0000         0
    1.9450   -1.0000   -1.0000         0
    1.9500   -1.0000   -1.0000         0
    1.9550   -1.0000   -1.0000         0
    1.9600   -1.0000   -1.0000         0
    1.9650    1.1370    0.0162         3
    1.9700   -1.0000   -1.0000         0
    1.9750   -1.0000   -1.0000         0
    1.9800   -1.0000   -1.0000         0
    1.9850   -1.0000   -1.0000         0
    1.9900   -1.0000   -1.0000         0
    1.9950   -1.0000   -1.0000         0
    2.0000    1.1891    0.0191         3
    2.0050    1.1938    0.0204         3
    2.0100    1.1493    0.0203         3
    2.0150    1.1726    0.0192         3
    2.0200    1.1717    0.0164         3
    2.0250    1.1978    0.0147         3
    2.0300    1.1911    0.0126         3
    2.0350    1.1912    0.0121         3
    2.0400    1.1911    0.0121         3
    2.0450    1.1959    0.0127         3
    2.0500    1.2203    0.0142         3
    2.0550    1.1977    0.0145         3
    2.0600    1.1855    0.0146         3
    2.0650    1.1946    0.0145         3
    2.0700    1.2110    0.0141         3
    2.0750    1.2306    0.0139         3
    2.0800    1.2316    0.0134         3
    2.0850    1.2060    0.0127         3
    2.0900    1.2141    0.0128         3
    2.0950    1.2211    0.0128         3
    2.1000    1.2252    0.0129         3
    2.1050    1.2217    0.0129         3
    2.1100    1.2142    0.0130         3
    2.1150    1.2130    0.0131         3
    2.1200    1.2114    0.0131         3
    2.1250    1.2237    0.0132         3
    2.1300    1.2349    0.0134         3
    2.1350    1.2361    0.0136         3
    2.1400    1.2301    0.0136         3
    2.1450    1.2175    0.0137         3
    2.1500    1.2099    0.0138         3
    2.1550    1.2188    0.0141         3
    2.1600    1.2325    0.0147         3
    2.1650    1.2164    0.0146         3
    2.1700    1.2239    0.0147         3
    2.1750    1.2246    0.0148         3
    2.1800    1.2227    0.0148         3
    2.1850    1.2193    0.0149         3
    2.1900    1.2220    0.0152         3
    2.1950    1.2319    0.0156         3
    2.2000    1.2236    0.0158         3
    2.2050    1.2287    0.0157         3
    2.2100    1.2354    0.0158         3
    2.2150    1.2279    0.0159         3
    2.2200    1.2320    0.0161         3
    2.2250    1.2503    0.0165         3
    2.2300    1.2447    0.0167         3
    2.2350    1.2276    0.0167         3
    2.2400    1.2435    0.0171         3
    2.2450    1.2475    0.0174         3
    2.2500    1.2557    0.0178         3
    2.2550    1.2525    0.0181         3
    2.2600    1.2566    0.0182         3
    2.2650    1.2632    0.0185         3
    2.2700    1.2557    0.0187         3
    2.2750    1.2610    0.0189         3
    2.2800    1.2646    0.0190         3
    2.2850    1.2692    0.0194         3
    2.2900    1.2613    0.0198         3
    2.2950    1.2687    0.0199         3
    2.3000    1.2705    0.0197         3
    2.3050    1.2710    0.0199         3
    2.3100    1.2914    0.0209         3
    2.3150    1.2678    0.0207         3
    2.3200    1.2742    0.0205         3
    2.3250    1.2832    0.0206         3
    2.3300    1.2896    0.0212         3
    2.3350    1.2681    0.0215         3
    2.3400    1.2747    0.0221         3
    2.3450    1.2791    0.0233         3
    2.3500    1.2550    0.0220         3
    2.3550    1.2608    0.0216         3
    2.3600    1.2959    0.0234         3
    2.3650    1.2736    0.0234         3
    2.3700    1.2612    0.0231         3
    2.3750    1.2659    0.0231         3
    2.3800    1.2952    0.0237         3
    2.3850    1.2619    0.0231         3
    2.3900    1.2627    0.0228         3
    2.3950    1.2985    0.0234         3
    2.4000    1.3039    0.0240         3
    2.4050    1.2888    0.0249         3
    2.4100    1.2781    0.0254         3
    2.4150    1.2888    0.0248         3
    2.4200    1.2671    0.0238         3
    2.4250    1.3105    0.0258         3
    2.4300    1.2932    0.0259         3
    2.4350    1.2750    0.0257         3
    2.4400    1.3047    0.0279         3
    2.4450    1.3108    0.0284         3
    2.4500    1.2724    0.0262         3
    2.4550    1.2836    0.0263         3
    2.4600   -1.0000   -1.0000         0
    2.4650    1.2770    0.0284         3
    2.4700    1.2996    0.0297         3
    2.4750    1.2974    0.0331         3
    2.4800    1.3155    0.0386         2
    2.4850    1.3289    0.0395         3
    2.4900    1.2736    0.0380         3
