    0.4350    0.7684    0.0199    1.0000
    0.4375    0.8009    0.0183    1.0000
    0.4400    0.8143    0.0167    1.0000
    0.4425    0.8288    0.0153    1.0000
    0.4450    0.8321    0.0140    1.0000
    0.4475    0.8364    0.0129    1.0000
    0.4500    0.8262    0.0117    1.0000
    0.4525    0.8555    0.0109    1.0000
    0.4550    0.8399    0.0102    1.0000
    0.4575    0.8278    0.0095    1.0000
    0.4600    0.8411    0.0089    1.0000
    0.4625    0.8631    0.0085    1.0000
    0.4650    0.8740    0.0080    1.0000
    0.4675    0.8727    0.0076    1.0000
    0.4700    0.8853    0.0073    1.0000
    0.4725    0.8757    0.0069    1.0000
    0.4750    0.8631    0.0065    1.0000
    0.4775    0.8764    0.0062    1.0000
    0.4800    0.8821    0.0059    1.0000
    0.4825    0.8953    0.0057    1.0000
    0.4850    0.8967    0.0054    1.0000
    0.4875    0.8953    0.0053    1.0000
    0.4900    0.9154    0.0052    1.0000
    0.4925    0.9052    0.0051    1.0000
    0.4950    0.9189    0.0049    1.0000
    0.4975    0.9156    0.0047    1.0000
    0.5000    0.9195    0.0045    1.0000
    0.5025    0.9351    0.0043    1.0000
    0.5050    0.9415    0.0042    1.0000
    0.5075    0.9292    0.0041    1.0000
    0.5100    0.9413    0.0040    1.0000
    0.5125    0.9503    0.0039    1.0000
    0.5150    0.9446    0.0037    1.0000
    0.5175    0.9453    0.0036    1.0000
    0.5200    0.9471    0.0036    1.0000
    0.5225    0.9556    0.0036    1.0000
    0.5250    0.9542    0.0035    1.0000
    0.5275    0.9547    0.0034    1.0000
    0.5300    0.9616    0.0033    1.0000
    0.5325    0.9632    0.0032    1.0000
    0.5350    0.9710    0.0054    1.0000
    0.5375    0.9954    0.0053    1.0000
    0.5400    0.9866    0.0051    1.0000
    0.5425    0.9873    0.0050    1.0000
    0.5450    0.9912    0.0038    1.0000
    0.5475    0.9979    0.0028    1.0000
    0.5500    1.0034    0.0028    1.0000
    0.5525    0.9937    0.0027    1.0000
    0.5550    1.0058    0.0026    1.0000
    0.5575    1.0106    0.0026    1.0000
    0.5600    1.0122    0.0026    1.0000
    0.5625    1.0231    0.0025    1.0000
    0.5650    1.0247    0.0025    1.0000
    0.5675    1.0240    0.0025    1.0000
    0.5700    1.0304    0.0024    1.0000
    0.5725    1.0351    0.0024    1.0000
    0.5750    1.0407    0.0024    1.0000
    0.5775    1.0405    0.0023    1.0000
    0.5800    1.0410    0.0023    1.0000
    0.5825    1.0458    0.0023    1.0000
    0.5850    1.0489    0.0022    1.0000
    0.5875    1.0576    0.0022    1.0000
    0.5900    1.0562    0.0022    1.0000
    0.5925    1.0632    0.0022    1.0000
    0.5950    1.0646    0.0022    1.0000
    0.5975    1.0622    0.0021    1.0000
    0.6000    1.0642    0.0021    1.0000
    0.6025    1.0704    0.0021    1.0000
    0.6050    1.0753    0.0021    1.0000
    0.6075    1.0832    0.0020    1.0000
    0.6100    1.0806    0.0020    1.0000
    0.6125    1.0876    0.0020    1.0000
    0.6150    1.0960    0.0020    1.0000
    0.6175    1.0961    0.0020    1.0000
    0.6200    1.1038    0.0020    1.0000
    0.6225    1.1081    0.0020    1.0000
    0.6250    1.1068    0.0019    1.0000
    0.6275    1.1131    0.0019    1.0000
    0.6300    1.1182    0.0019    1.0000
    0.6325    1.1154    0.0019    1.0000
    0.6350    1.1282    0.0019    1.0000
    0.6375    1.1350    0.0019    1.0000
    0.6400    1.1293    0.0019    1.0000
    0.6425    1.1298    0.0019    1.0000
    0.6450    1.1362    0.0019    1.0000
    0.6475    1.1419    0.0019    1.0000
    0.6500    1.1476    0.0019    1.0000
    0.6525    1.1444    0.0019    1.0000
    0.6550    1.1516    0.0019    1.0000
    0.6575    1.1513    0.0019    1.0000
    0.6600    1.1622    0.0019    1.0000
    0.6625    1.1665    0.0019    1.0000
    0.6650    1.1615    0.0018    1.0000
    0.6675    1.1615    0.0018    1.0000
    0.6700    1.1683    0.0018    1.0000
    0.6725    1.1759    0.0018    1.0000
    0.6750    1.1755    0.0018    1.0000
    0.6775    1.1818    0.0018    1.0000
    0.6800    1.1867    0.0018    1.0000
    0.6825    1.1837    0.0018    1.0000
    0.6850    1.1857    0.0018    1.0000
    0.6875    1.1934    0.0019    1.0000
    0.6900    1.1973    0.0019    1.0000
    0.6925    1.1909    0.0019    1.0000
    0.6950    1.1958    0.0019    1.0000
    0.6975    1.2018    0.0018    1.0000
    0.7000    1.2025    0.0018    1.0000
    0.7025    1.2068    0.0019    1.0000
    0.7050    1.2148    0.0019    1.0000
    0.7075    1.2084    0.0018    1.0000
    0.7100    1.2069    0.0019    1.0000
    0.7125    1.2189    0.0019    1.0000
    0.7150    1.2163    0.0019    1.0000
    0.7175    1.2076    0.0019    1.0000
    0.7200    1.2203    0.0020    1.0000
    0.7225    1.2193    0.0020    1.0000
    0.7250    1.2138    0.0019    1.0000
    0.7275    1.2096    0.0020    1.0000
    0.7300    1.2164    0.0020    1.0000
    0.7325    1.2292    0.0020    1.0000
    0.7350    1.2282    0.0020    1.0000
    0.7375    1.2279    0.0020    1.0000
    0.7400    1.2220    0.0020    1.0000
    0.7425    1.2270    0.0020    1.0000
    0.7450    1.2246    0.0020    1.0000
    0.7475    1.2249    0.0020    1.0000
    0.7500    1.2259    0.0020    1.0000
    0.7525    1.2205    0.0020    1.0000
    0.7550    1.2292    0.0021    1.0000
    0.7700    1.2100    0.0021    1.0000
    0.7725    1.2009    0.0021    1.0000
    0.7750    1.1996    0.0021    1.0000
    0.7775    1.2022    0.0021    1.0000
    0.7800    1.2025    0.0021    1.0000
    0.7825    1.1954    0.0022    1.0000
    0.7850    1.1956    0.0022    1.0000
    0.7875    1.2006    0.0022    1.0000
    0.7900    1.1946    0.0022    1.0000
    0.7925    1.1936    0.0022    1.0000
    0.7950    1.1868    0.0022    1.0000
    0.7975    1.1754    0.0022    1.0000
    0.8000    1.1872    0.0023    1.0000
    0.8025    1.1717    0.0023    1.0000
    0.8050    1.1712    0.0023    1.0000
    0.8075    1.1695    0.0023    1.0000
    0.8100    1.1638    0.0023    1.0000
    0.8125    1.1582    0.0023    1.0000
    0.8150    1.1574    0.0024    1.0000
    0.8175    1.1473    0.0024    1.0000
    0.8200    1.1497    0.0024    1.0000
    0.8225    1.1444    0.0024    1.0000
    0.8250    1.1407    0.0024    1.0000
    0.8275    1.1300    0.0025    1.0000
    0.8300    1.1282    0.0025    1.0000
    0.8325    1.1251    0.0025    1.0000
    0.8350    1.1290    0.0026    1.0000
    0.8375    1.1329    0.0026    1.0000
    0.8400    1.1173    0.0026    1.0000
    0.8425    1.1156    0.0026    1.0000
    0.8450    1.1297    0.0027    1.0000
    0.8475    1.1134    0.0026    1.0000
    0.8500    1.1061    0.0027    1.0000
    0.8525    1.0965    0.0027    1.0000
    0.8550    1.0912    0.0028    1.0000
    0.8575    1.1047    0.0028    1.0000
    0.8600    1.0968    0.0028    1.0000
    0.8625    1.0847    0.0028    1.0000
    0.8650    1.0888    0.0029    1.0000
    0.8675    1.0726    0.0029    1.0000
    0.8700    1.0774    0.0029    1.0000
    0.8725    1.0764    0.0029    1.0000
    0.8750    1.0693    0.0030    1.0000
    0.8775    1.0555    0.0030    1.0000
    0.8800    1.0631    0.0031    1.0000
    0.8825    1.0603    0.0031    1.0000
    0.8850    1.0592    0.0032    1.0000
    0.8875    1.0563    0.0032    1.0000
    0.8900    1.0566    0.0033    1.0000
    0.8925    1.0432    0.0033    1.0000
    0.8950    1.0436    0.0034    1.0000
    0.8975    1.0288    0.0034    1.0000
    0.9000    1.0290    0.0035    1.0000
    0.9025    1.0357    0.0035    1.0000
    0.9050    1.0352    0.0035    1.0000
    0.9075    1.0277    0.0036    1.0000
    0.9100    1.0347    0.0037    1.0000
    0.9125    1.0301    0.0037    1.0000
    0.9128    1.0308    0.0032    1.0000
    0.9150    1.0387    0.0038    1.0000
    0.9175    1.0347    0.0039    1.0000
    0.9200    1.0284    0.0039    1.0000

    0.8200   -1.0000   -1.0000    0.0000
    0.8250    1.1290    0.0083    2.0000
    0.8300    1.1147    0.0079    2.0000
    0.8350    1.1172    0.0091    2.0000
    0.8400    1.1033    0.0082    2.0000
    0.8450    1.1031    0.0083    2.0000
    0.8500    1.0960    0.0080    2.0000
    0.8550    1.0879    0.0081    2.0000
    0.8600   -1.0000   -1.0000    0.0000
    0.8650    1.0758    0.0079    2.0000
    0.8700    1.0533    0.0085    2.0000
    0.8750    1.0670    0.0078    2.0000
    0.8800    1.0526    0.0074    2.0000
    0.8850    1.0614    0.0074    2.0000
    0.8900    1.0575    0.0083    2.0000
    0.8950    1.0565    0.0074    2.0000
    0.9000    1.0537    0.0067    2.0000
    0.9050    1.0510    0.0070    2.0000
    0.9100    1.0459    0.0068    2.0000
    0.9150    1.0497    0.0065    2.0000
    0.9200    1.0522    0.0063    2.0000
    0.9250    1.0642    0.0067    2.0000
    0.9300    1.0537    0.0071    2.0000
    0.9350   -1.0000   -1.0000    0.0000
    0.9400    1.0525    0.0074    2.0000
    0.9450   -1.0000   -1.0000    0.0000
    0.9500    1.0702    0.0070    2.0000
    0.9550    1.0741    0.0066    2.0000
    0.9600    1.0799    0.0071    2.0000
    0.9650    1.0978    0.0065    2.0000
    0.9700    1.1121    0.0073    2.0000
    0.9750    1.1117    0.0068    2.0000
    0.9800    1.1136    0.0063    2.0000
    0.9850    1.1282    0.0062    2.0000
    0.9900    1.1339    0.0060    2.0000
    0.9950    1.1319    0.0063    2.0000
    1.0000    1.1547    0.0065    2.0000
    1.0050    1.1612    0.0066    2.0000
    1.0100    1.1677    0.0065    2.0000
    1.0150    1.1709    0.0062    2.0000
    1.0200    1.1688    0.0062    2.0000
    1.0250    1.1783    0.0062    2.0000
    1.0300    1.1861    0.0063    2.0000
    1.0350    1.1862    0.0063    2.0000
    1.0400    1.1940    0.0064    2.0000
    1.0450    1.1958    0.0064    2.0000
    1.0500    1.2002    0.0059    2.0000
    1.0550    1.2130    0.0065    2.0000
    1.0600    1.2058    0.0068    2.0000
    1.0650    1.2029    0.0067    2.0000
    1.0700    1.2189    0.0060    2.0000
    1.0750    1.2172    0.0058    2.0000
    1.0800    1.2343    0.0062    2.0000
    1.0850    1.2452    0.0064    2.0000
    1.0900    1.2484    0.0062    2.0000
    1.0950    1.2435    0.0065    2.0000
    1.1000    1.2553    0.0063    2.0000
    1.1050    1.2534    0.0061    2.0000
    1.1100    1.2644    0.0070    2.0000
    1.1150    1.2667    0.0071    2.0000
    1.1200    1.2725    0.0072    2.0000
    1.1250    1.2662    0.0069    2.0000
    1.1300    1.2713    0.0072    2.0000
    1.1350    1.2842    0.0073    2.0000
    1.1400    1.2990    0.0068    2.0000
    1.1450    1.2966    0.0064    2.0000
    1.1500    1.2968    0.0067    2.0000
    1.1550    1.2961    0.0069    2.0000
    1.1600    1.3166    0.0070    2.0000
    1.1650    1.3173    0.0063    2.0000
    1.1700    1.3240    0.0060    2.0000
    1.1750    1.3291    0.0059    2.0000
    1.1800    1.3357    0.0057    2.0000
    1.1850    1.3328    0.0058    2.0000
    1.1900    1.3337    0.0058    2.0000
    1.1950    1.3380    0.0059    2.0000
    1.2000    1.3384    0.0059    2.0000
    1.2050    1.3385    0.0058    2.0000
    1.2100    1.3419    0.0061    2.0000
    1.2150    1.3387    0.0061    2.0000
    1.2200    1.3373    0.0063    2.0000
    1.2250    1.3423    0.0061    2.0000
    1.2300    1.3579    0.0058    2.0000
    1.2350    1.3601    0.0065    2.0000
    1.2400    1.3647    0.0061    2.0000
    1.2450    1.3694    0.0058    2.0000
    1.2500    1.3731    0.0063    2.0000
    1.2550    1.3742    0.0065    2.0000
    1.2600    1.3580    0.0063    2.0000
    1.2650    1.3821    0.0062    2.0000
    1.2700    1.3859    0.0070    2.0000
    1.2750    1.3754    0.0063    2.0000
    1.2800    1.3751    0.0064    2.0000
    1.2850    1.3896    0.0059    2.0000
    1.2900    1.3889    0.0065    2.0000
    1.2950    1.3930    0.0062    2.0000
    1.3000    1.3985    0.0060    2.0000
    1.3050    1.3951    0.0062    2.0000
    1.3100    1.3962    0.0065    2.0000
    1.3150    1.3921    0.0067    2.0000
    1.3200    1.4078    0.0065    2.0000
    1.3250    1.4191    0.0065    2.0000
    1.3300    1.4216    0.0067    2.0000
    1.3350    1.4174    0.0074    2.0000
    1.3400    1.4091    0.0086    2.0000
    1.3450    1.4123    0.0088    2.0000
    1.3500   -1.0000   -1.0000    0.0000
    1.3550   -1.0000   -1.0000    0.0000
    1.3600    1.4303    0.0111    2.0000
    1.3650    1.4251    0.0109    1.0000
    1.3700   -1.0000   -1.0000    0.0000
    1.3750    1.4040    0.0105    1.0000
    1.3800    1.4448    0.0101    2.0000
    1.3850    1.4363    0.0100    2.0000
    1.3900    1.4298    0.0096    2.0000
    1.3950    1.4504    0.0100    2.0000
    1.4000    1.4560    0.0097    2.0000
    1.4050    1.4417    0.0099    2.0000
    1.4100    1.4204    0.0100    1.0000
    1.4150    1.4425    0.0094    2.0000
    1.4200    1.4601    0.0088    2.0000
    1.4250    1.4684    0.0082    2.0000
    1.4300    1.4702    0.0078    2.0000
    1.4350    1.4612    0.0077    2.0000
    1.4400    1.4643    0.0080    2.0000
    1.4450    1.4803    0.0082    2.0000
    1.4500    1.4734    0.0075    2.0000
    1.4550    1.4678    0.0078    2.0000
    1.4600    1.4798    0.0079    2.0000
    1.4650    1.4922    0.0077    2.0000
    1.4700    1.4834    0.0075    2.0000
    1.4750    1.4897    0.0077    2.0000
    1.4800    1.4935    0.0076    2.0000
    1.4850    1.4859    0.0080    2.0000
    1.4900    1.4854    0.0073    2.0000
    1.4950    1.4869    0.0075    2.0000
    1.5000    1.4841    0.0076    2.0000
    1.5050    1.4729    0.0077    2.0000
    1.5100    1.4843    0.0076    2.0000
    1.5150    1.4943    0.0074    2.0000
    1.5200    1.4873    0.0078    2.0000
    1.5250    1.4939    0.0078    2.0000
    1.5300    1.5021    0.0083    2.0000
    1.5350    1.4944    0.0078    2.0000
    1.5400    1.5011    0.0075    2.0000
    1.5450    1.4897    0.0079    2.0000
    1.5500    1.5058    0.0086    2.0000
    1.5550    1.4803    0.0073    2.0000
    1.5600    1.4952    0.0078    2.0000
    1.5650    1.5108    0.0084    2.0000
    1.5700    1.4835    0.0081    2.0000
    1.5750    1.4720    0.0083    2.0000
    1.5800    1.4748    0.0087    2.0000
    1.5850    1.4702    0.0080    2.0000
    1.5900    1.4658    0.0085    2.0000
    1.5950    1.4877    0.0085    2.0000
    1.6000    1.4966    0.0082    2.0000
    1.6050    1.4758    0.0085    2.0000
    1.6100    1.4851    0.0079    2.0000
    1.6150    1.4839    0.0079    2.0000
    1.6200    1.4837    0.0083    2.0000
    1.6250    1.4732    0.0075    2.0000
    1.6300    1.4771    0.0081    2.0000
    1.6350    1.4745    0.0081    2.0000
    1.6400    1.4699    0.0085    2.0000
    1.6450    1.4854    0.0085    2.0000
    1.6500    1.4627    0.0081    2.0000
    1.6550    1.4733    0.0075    2.0000
    1.6600    1.4662    0.0082    2.0000
    1.6650    1.4580    0.0084    2.0000
    1.6700    1.4384    0.0080    2.0000
    1.6750    1.4418    0.0080    2.0000
    1.6800    1.4467    0.0090    2.0000
    1.6850    1.4754    0.0089    2.0000
    1.6900    1.4626    0.0089    2.0000
    1.6950    1.4607    0.0089    2.0000
    1.7000    1.4496    0.0080    2.0000
    1.7050    1.4281    0.0087    2.0000
    1.7100    1.4521    0.0085    2.0000
    1.7150    1.4603    0.0086    2.0000
    1.7200    1.4410    0.0084    2.0000
    1.7250    1.4496    0.0089    2.0000
    1.7300    1.4505    0.0086    2.0000
    1.7350    1.4479    0.0085    2.0000
    1.7400    1.4584    0.0090    2.0000
    1.7450    1.4585    0.0092    2.0000
    1.7500    1.4346    0.0096    2.0000
    1.7550    1.4104    0.0092    2.0000
    1.7600    1.4348    0.0089    2.0000
    1.7650    1.4202    0.0082    2.0000
    1.7700    1.4159    0.0088    2.0000
    1.7750    1.4267    0.0091    2.0000
    1.7800    1.4345    0.0093    2.0000
    1.7850    1.4194    0.0098    2.0000
    1.7900    1.4281    0.0099    2.0000
    1.7950    1.4054    0.0096    2.0000
    1.8000    1.4235    0.0100    2.0000
    1.8050    1.4132    0.0109    2.0000
    1.8100    1.4325    0.0117    2.0000
    1.8150    1.4353    0.0122    2.0000
    1.8200    1.4453    0.0131    2.0000
    1.8250    1.3990    0.0119    1.0000
    1.8300    1.3996    0.0135    1.0000
    1.8350   -1.0000   -1.0000    0.0000
    1.8400    1.4313    0.0165    2.0000
    1.8450   -1.0000   -1.0000    0.0000
    1.8500   -1.0000   -1.0000    0.0000
    1.8550    1.4337    0.0171    1.0000
    1.8600    1.3899    0.0164    2.0000
    1.8650    1.3997    0.0189    2.0000
    1.8700   -1.0000   -1.0000    0.0000
    1.8750   -1.0000   -1.0000    0.0000
    1.8800    1.3932    0.0177    2.0000
    1.8850    1.4166    0.0155    1.0000
    1.8900    1.4117    0.0135    2.0000
    1.8950    1.4156    0.0160    2.0000
    1.9000    1.4091    0.0146    2.0000
    1.9050    1.4066    0.0155    2.0000
    1.9100    1.4119    0.0160    2.0000
    1.9150    1.4202    0.0162    2.0000
    1.9200    1.3927    0.0142    2.0000
    1.9250    1.4288    0.0140    2.0000
    1.9300    1.4480    0.0141    1.0000
    1.9350    1.4050    0.0120    2.0000
    1.9400    1.4485    0.0137    1.0000
    1.9450    1.4129    0.0134    2.0000
    1.9500    1.3931    0.0141    2.0000
    1.9550    1.3910    0.0148    2.0000
    1.9600    1.4019    0.0136    2.0000
    1.9650    1.3827    0.0113    1.0000
    1.9700    1.4279    0.0118    2.0000
    1.9750    1.4242    0.0120    2.0000
    1.9800    1.4136    0.0116    2.0000
    1.9850    1.4161    0.0107    2.0000
    1.9900    1.4087    0.0122    2.0000
    1.9950    1.4056    0.0123    1.0000
    2.0000    1.4360    0.0151    1.0000
    2.0050    1.4206    0.0153    2.0000
    2.0100    1.3991    0.0148    2.0000
    2.0150    1.4423    0.0152    2.0000
    2.0200   -1.0000   -1.0000    0.0000
    2.0250    1.4188    0.0127    2.0000
    2.0300    1.4233    0.0134    2.0000
    2.0350    1.4224    0.0116    2.0000
    2.0400    1.4198    0.0114    2.0000
    2.0450    1.4302    0.0120    2.0000
    2.0500    1.4354    0.0131    2.0000
    2.0550    1.4395    0.0124    2.0000
    2.0600    1.4638    0.0121    2.0000
    2.0650   -1.0000   -1.0000    0.0000
    2.0700    1.4443    0.0122    2.0000
    2.0750    1.4387    0.0124    2.0000
    2.0800    1.4216    0.0129    2.0000
    2.0850    1.4577    0.0124    2.0000
    2.0900    1.4722    0.0113    2.0000
    2.0950    1.4619    0.0121    2.0000
    2.1000    1.4466    0.0121    2.0000
    2.1050    1.4544    0.0118    2.0000
    2.1100    1.4557    0.0127    2.0000
    2.1150    1.4727    0.0125    2.0000
    2.1200    1.4683    0.0119    2.0000
    2.1250    1.4814    0.0129    2.0000
    2.1300    1.4536    0.0125    2.0000
    2.1350    1.4706    0.0124    2.0000
    2.1400    1.4819    0.0127    2.0000
    2.1450    1.4774    0.0128    2.0000
    2.1500    1.4896    0.0134    2.0000
    2.1550    1.4752    0.0130    2.0000
    2.1600    1.4917    0.0134    2.0000
    2.1650    1.4891    0.0139    2.0000
    2.1700    1.4960    0.0137    2.0000
    2.1750    1.4965    0.0138    2.0000
    2.1800   -1.0000   -1.0000    0.0000
    2.1850    1.5085    0.0141    2.0000
    2.1900    1.4758    0.0135    2.0000
    2.1950    1.4724    0.0135    2.0000
    2.2000    1.4795    0.0131    2.0000
    2.2050    1.4960    0.0135    2.0000
    2.2100    1.4931    0.0139    2.0000
    2.2150    1.4933    0.0139    2.0000
    2.2200    1.4949    0.0145    2.0000
    2.2250    1.4841    0.0144    2.0000
    2.2300    1.5028    0.0142    2.0000
    2.2350    1.5044    0.0144    2.0000
    2.2400    1.4960    0.0142    2.0000
    2.2450    1.5068    0.0140    2.0000
    2.2500    1.5256    0.0159    2.0000
    2.2550    1.5324    0.0145    2.0000
    2.2600    1.5129    0.0148    2.0000
    2.2650    1.5077    0.0149    2.0000
    2.2700    1.5207    0.0149    2.0000
    2.2750    1.5351    0.0162    2.0000
    2.2800    1.5424    0.0163    1.0000
    2.2850    1.5008    0.0161    2.0000
    2.2900    1.5525    0.0160    2.0000
    2.2950    1.5320    0.0163    2.0000
    2.3000   -1.0000   -1.0000    0.0000
    2.3050    1.5415    0.0160    2.0000
    2.3100    1.5418    0.0167    2.0000
    2.3150    1.5577    0.0166    2.0000
    2.3200   -1.0000   -1.0000    0.0000
    2.3250   -1.0000   -1.0000    0.0000
    2.3300    1.5539    0.0163    2.0000
    2.3350    1.5541    0.0173    2.0000
    2.3400    1.5642    0.0164    2.0000
    2.3450    1.5605    0.0177    2.0000
    2.3500    1.5319    0.0177    2.0000
    2.3550    1.5286    0.0160    2.0000
    2.3600    1.5539    0.0180    2.0000
    2.3650    1.5353    0.0186    2.0000
    2.3700    1.5489    0.0183    2.0000
    2.3750   -1.0000   -1.0000    0.0000
    2.3800    1.5364    0.0180    2.0000
    2.3850    1.5391    0.0153    1.0000
    2.3900    1.5491    0.0179    2.0000
    2.3950    1.5467    0.0189    2.0000
    2.4000    1.5482    0.0183    2.0000
    2.4050    1.5471    0.0183    2.0000
    2.4100    1.5632    0.0190    2.0000
    2.4150    1.5346    0.0182    2.0000
    2.4200    1.5473    0.0189    2.0000
    2.4250    1.5488    0.0185    2.0000
    2.4300    1.5535    0.0179    2.0000
    2.4350   -1.0000   -1.0000    0.0000
    2.4400   -1.0000   -1.0000    0.0000
    2.4450   -1.0000   -1.0000    0.0000
    2.4500    1.5601    0.1000    1.0000
    2.4550   -1.0000   -1.0000    0.0000
    2.4600   -1.0000   -1.0000    0.0000
    2.4650   -1.0000   -1.0000    0.0000
    2.4700   -1.0000   -1.0000    0.0000
    2.4750   -1.0000   -1.0000    0.0000
    2.4800   -1.0000   -1.0000    0.0000
    2.4850   -1.0000   -1.0000    0.0000
    2.4900   -1.0000   -1.0000    0.0000
