    0.8200   -1.0000   -1.0000    0.0000
    0.8250   -1.0000   -1.0000    0.0000
    0.8300    0.9350    0.0268    2.0000
    0.8350    0.9128    0.0273    2.0000
    0.8400    0.9026    0.0259    2.0000
    0.8450    0.9056    0.0261    2.0000
    0.8500    0.9060    0.0260    2.0000
    0.8550    0.8877    0.0270    2.0000
    0.8600    0.8764    0.0281    2.0000
    0.8650    0.8811    0.0259    2.0000
    0.8700    0.8816    0.0250    2.0000
    0.8750    0.8701    0.0237    2.0000
    0.8800    0.8632    0.0253    2.0000
    0.8850    0.8611    0.0238    2.0000
    0.8900   -1.0000   -1.0000    0.0000
    0.8950   -1.0000   -1.0000    0.0000
    0.9000    0.8827    0.0246    2.0000
    0.9050   -1.0000   -1.0000    0.0000
    0.9100    0.8852    0.0218    2.0000
    0.9150    0.8783    0.0215    2.0000
    0.9200    0.8716    0.0214    2.0000
    0.9250    0.8680    0.0215    2.0000
    0.9300    0.8671    0.0223    2.0000
    0.9350   -1.0000   -1.0000    0.0000
    0.9400   -1.0000   -1.0000    0.0000
    0.9450   -1.0000   -1.0000    0.0000
    0.9500    0.8721    0.0228    2.0000
    0.9550    0.8810    0.0228    2.0000
    0.9600    0.8800    0.0224    2.0000
    0.9650    0.8710    0.0214    2.0000
    0.9700    0.8848    0.0195    2.0000
    0.9750    0.8894    0.0213    2.0000
    0.9800    0.8955    0.0208    2.0000
    0.9850    0.8963    0.0213    2.0000
    0.9900    0.8934    0.0211    2.0000
    0.9950    0.8937    0.0207    2.0000
    1.0000    0.9101    0.0213    2.0000
    1.0050    0.9161    0.0204    2.0000
    1.0100    0.9112    0.0206    2.0000
    1.0150    0.9082    0.0196    2.0000
    1.0200    0.9225    0.0200    2.0000
    1.0250    0.9097    0.0196    2.0000
    1.0300    0.8992    0.0191    2.0000
    1.0350    0.8997    0.0195    2.0000
    1.0400    0.9125    0.0197    2.0000
    1.0450    0.9356    0.0214    2.0000
    1.0500    0.9253    0.0192    2.0000
    1.0550    0.9246    0.0202    2.0000
    1.0600    0.9133    0.0194    2.0000
    1.0650    0.9232    0.0198    2.0000
    1.0700    0.9243    0.0187    2.0000
    1.0750    0.9316    0.0190    2.0000
    1.0800    0.9291    0.0189    2.0000
    1.0850    0.9280    0.0197    2.0000
    1.0900    0.9431    0.0189    2.0000
    1.0950    0.9476    0.0188    2.0000
    1.1000    0.9436    0.0192    2.0000
    1.1050    0.9298    0.0195    2.0000
    1.1100    0.9288    0.0195    2.0000
    1.1150    0.9436    0.0190    2.0000
    1.1200    0.9626    0.0208    2.0000
    1.1250    0.9654    0.0201    2.0000
    1.1300    0.9626    0.0198    2.0000
    1.1350    0.9618    0.0209    2.0000
    1.1400    0.9614    0.0197    2.0000
    1.1450    0.9676    0.0196    2.0000
    1.1500    0.9630    0.0196    2.0000
    1.1550    0.9612    0.0185    2.0000
    1.1600    0.9753    0.0192    2.0000
    1.1650    0.9769    0.0181    2.0000
    1.1700    0.9756    0.0171    2.0000
    1.1750    0.9857    0.0180    2.0000
    1.1800    0.9866    0.0172    2.0000
    1.1850    0.9911    0.0180    2.0000
    1.1900    0.9876    0.0185    2.0000
    1.1950    0.9752    0.0176    2.0000
    1.2000    0.9959    0.0180    2.0000
    1.2050    1.0039    0.0178    2.0000
    1.2100    1.0004    0.0185    2.0000
    1.2150    0.9906    0.0178    2.0000
    1.2200    1.0034    0.0175    2.0000
    1.2250    0.9976    0.0176    2.0000
    1.2300    0.9922    0.0188    2.0000
    1.2350    1.0235    0.0194    2.0000
    1.2400    1.0150    0.0171    2.0000
    1.2450    1.0098    0.0177    2.0000
    1.2500    1.0102    0.0191    2.0000
    1.2550    0.9981    0.0199    2.0000
    1.2600    0.9881    0.0194    2.0000
    1.2650    1.0107    0.0179    2.0000
    1.2700    1.0068    0.0187    2.0000
    1.2750    1.0045    0.0171    2.0000
    1.2800    1.0121    0.0186    2.0000
    1.2850    1.0143    0.0177    2.0000
    1.2900    1.0216    0.0196    2.0000
    1.2950    1.0075    0.0179    2.0000
    1.3000    1.0238    0.0180    2.0000
    1.3050    1.0293    0.0190    2.0000
    1.3100    1.0310    0.0195    2.0000
    1.3150    1.0267    0.0188    2.0000
    1.3200    1.0253    0.0186    2.0000
    1.3250    1.0319    0.0182    2.0000
    1.3300    1.0183    0.0193    2.0000
    1.3350    1.0082    0.0197    2.0000
    1.3400    1.0255    0.0211    2.0000
    1.3450    1.0332    0.0211    2.0000
    1.3500    1.0456    0.0219    1.0000
    1.3550    1.0529    0.0255    1.0000
    1.3600    1.0580    0.0263    2.0000
    1.3650    1.0088    0.0260    2.0000
    1.3700    1.0367    0.0272    1.0000
    1.3750    1.0094    0.0288    1.0000
    1.3800    1.0655    0.0258    2.0000
    1.3850    1.0403    0.0237    2.0000
    1.3900    1.0280    0.0249    2.0000
    1.3950   -1.0000   -1.0000    0.0000
    1.4000    1.0822    0.0243    1.0000
    1.4050    1.0293    0.0236    1.0000
    1.4100    1.0373    0.0242    2.0000
    1.4150    1.0448    0.0248    2.0000
    1.4200    1.0539    0.0231    2.0000
    1.4250   -1.0000   -1.0000    0.0000
    1.4300    1.0599    0.0213    2.0000
    1.4350    1.0797    0.0222    1.0000
    1.4400    1.0574    0.0228    2.0000
    1.4450    1.0525    0.0221    2.0000
    1.4500    1.0472    0.0207    2.0000
    1.4550    1.0442    0.0222    2.0000
    1.4600    1.0774    0.0221    2.0000
    1.4650    1.0636    0.0204    2.0000
    1.4700    1.0688    0.0216    2.0000
    1.4750    1.0627    0.0203    2.0000
    1.4800    1.0683    0.0221    2.0000
    1.4850    1.0879    0.0224    2.0000
    1.4900    1.0858    0.0210    1.0000
    1.4950    1.0728    0.0208    2.0000
    1.5000    1.0707    0.0198    2.0000
    1.5050    1.0780    0.0200    2.0000
    1.5100    1.0620    0.0212    2.0000
    1.5150    1.0574    0.0213    2.0000
    1.5200    1.0388    0.0202    2.0000
    1.5250    1.0639    0.0223    2.0000
    1.5300    1.0830    0.0214    2.0000
    1.5350    1.0970    0.0221    2.0000
    1.5400    1.1120    0.0239    2.0000
    1.5450    1.0823    0.0227    2.0000
    1.5500    1.0549    0.0222    2.0000
    1.5550    1.0712    0.0216    2.0000
    1.5600    1.0653    0.0219    2.0000
    1.5650    1.0885    0.0219    2.0000
    1.5700    1.0899    0.0220    2.0000
    1.5750    1.0249    0.0214    2.0000
    1.5800    1.0340    0.0221    2.0000
    1.5850    1.0972    0.0222    2.0000
    1.5900    1.0706    0.0206    2.0000
    1.5950    1.0240    0.0248    2.0000
    1.6000    1.1030    0.0234    2.0000
    1.6050    1.0789    0.0220    2.0000
    1.6100    1.0482    0.0224    2.0000
    1.6150    1.0417    0.0215    2.0000
    1.6200    1.0990    0.0229    2.0000
    1.6250    1.0987    0.0237    2.0000
    1.6300    1.0607    0.0224    2.0000
    1.6350    1.0862    0.0230    2.0000
    1.6400    1.0529    0.0216    2.0000
    1.6450    1.0633    0.0218    2.0000
    1.6500    1.0574    0.0237    2.0000
    1.6550    1.0936    0.0226    2.0000
    1.6600    1.0731    0.0228    2.0000
    1.6650    1.0754    0.0220    2.0000
    1.6700    1.0742    0.0224    2.0000
    1.6750    1.0383    0.0229    2.0000
    1.6800    1.0223    0.0241    2.0000
    1.6850    1.0663    0.0255    2.0000
    1.6900    1.0613    0.0246    2.0000
    1.6950    1.0276    0.0235    2.0000
    1.7000    1.0447    0.0222    2.0000
    1.7050    1.0191    0.0249    2.0000
    1.7100    1.0174    0.0243    2.0000
    1.7150    1.0582    0.0235    2.0000
    1.7200    1.0650    0.0227    2.0000
    1.7250    1.0661    0.0225    2.0000
    1.7300    1.0527    0.0237    2.0000
    1.7350    1.0564    0.0243    2.0000
    1.7400    1.0373    0.0240    2.0000
    1.7450    1.0443    0.0242    2.0000
    1.7500    1.0315    0.0249    2.0000
    1.7550    0.9986    0.0235    2.0000
    1.7600   -1.0000   -1.0000    0.0000
    1.7650    0.9830    0.0233    2.0000
    1.7700    0.9974    0.0255    2.0000
    1.7750    1.0387    0.0255    2.0000
    1.7800    1.0342    0.0261    2.0000
    1.7850    0.9963    0.0255    2.0000
    1.7900    1.0022    0.0257    2.0000
    1.7950    1.0302    0.0261    2.0000
    1.8000    1.0308    0.0280    2.0000
    1.8050    0.9960    0.0279    2.0000
    1.8100    1.0407    0.0302    2.0000
    1.8150    0.9814    0.0285    2.0000
    1.8200    1.0269    0.0329    2.0000
    1.8250    1.0168    0.0319    2.0000
    1.8300    1.0386    0.0334    1.0000
    1.8350   -1.0000   -1.0000    0.0000
    1.8400   -1.0000   -1.0000    0.0000
    1.8450    1.0249    0.0406    1.0000
    1.8500    1.0376    0.0384    2.0000
    1.8550   -1.0000   -1.0000    0.0000
    1.8600   -1.0000   -1.0000    0.0000
    1.8650    1.0012    0.0407    2.0000
    1.8700    1.0239    0.0382    2.0000
    1.8750    0.9689    0.0402    2.0000
    1.8800    0.9997    0.0401    2.0000
    1.8850    1.0046    0.0331    2.0000
    1.8900    0.9646    0.0316    2.0000
    1.8950   -1.0000   -1.0000    0.0000
    1.9000   -1.0000   -1.0000    0.0000
    1.9050   -1.0000   -1.0000    0.0000
    1.9100    0.9512    0.0383    2.0000
    1.9150    1.0360    0.0421    1.0000
    1.9200   -1.0000   -1.0000    0.0000
    1.9250    0.9728    0.0334    2.0000
    1.9300    1.0038    0.0326    2.0000
    1.9350    0.9906    0.0318    2.0000
    1.9400    1.0165    0.0317    2.0000
    1.9450    1.0272    0.0336    2.0000
    1.9500   -1.0000   -1.0000    0.0000
    1.9550    0.9742    0.0371    2.0000
    1.9600    0.9860    0.0348    2.0000
    1.9650    0.9485    0.0348    2.0000
    1.9700    1.0123    0.0312    2.0000
    1.9750    0.9854    0.0313    2.0000
    1.9800    0.9843    0.0317    2.0000
    1.9850    1.0130    0.0289    2.0000
    1.9900    0.9747    0.0304    2.0000
    1.9950    0.9980    0.0343    1.0000
    2.0000    1.0320    0.0369    1.0000
    2.0050   -1.0000   -1.0000    0.0000
    2.0100    0.9769    0.0353    2.0000
    2.0150    0.9962    0.0371    2.0000
    2.0200    0.9746    0.0360    2.0000
    2.0250    0.9556    0.0341    2.0000
    2.0300    0.9863    0.0345    2.0000
    2.0350    0.9984    0.0314    2.0000
    2.0400    1.0353    0.0349    2.0000
    2.0450    1.0161    0.0334    2.0000
    2.0500    0.9793    0.0345    2.0000
    2.0550    0.9580    0.0342    2.0000
    2.0600    0.9627    0.0322    2.0000
    2.0650    0.9979    0.0340    2.0000
    2.0700    0.9758    0.0328    2.0000
    2.0750    0.9783    0.0343    2.0000
    2.0800    0.9963    0.0345    2.0000
    2.0850    1.0197    0.0318    2.0000
    2.0900    1.0097    0.0307    2.0000
    2.0950    1.0472    0.0360    2.0000
    2.1000    1.0175    0.0335    2.0000
    2.1050    1.0230    0.0338    2.0000
    2.1100    0.9719    0.0358    1.0000
    2.1150    0.9882    0.0331    2.0000
    2.1200    1.0270    0.0325    2.0000
    2.1250    1.0145    0.0357    2.0000
    2.1300    1.0164    0.0340    2.0000
    2.1350    1.0521    0.0358    2.0000
    2.1400    0.9686    0.0330    2.0000
    2.1450    0.9976    0.0334    2.0000
    2.1500    1.0166    0.0359    2.0000
    2.1550    1.0403    0.0342    2.0000
    2.1600    1.0049    0.0358    2.0000
    2.1650    1.0322    0.0366    2.0000
    2.1700    0.9879    0.0347    2.0000
    2.1750    0.9922    0.0361    2.0000
    2.1800    1.0284    0.0350    2.0000
    2.1850    1.0078    0.0355    2.0000
    2.1900    1.0378    0.0360    2.0000
    2.1950    1.0057    0.0337    2.0000
    2.2000    1.0265    0.0365    2.0000
    2.2050    1.0336    0.0375    2.0000
    2.2100    0.9803    0.0372    2.0000
    2.2150    0.9929    0.0387    2.0000
    2.2200    1.0218    0.0388    2.0000
    2.2250    1.0555    0.0390    2.0000
    2.2300    1.0455    0.0379    2.0000
    2.2350    1.0477    0.0383    2.0000
    2.2400   -1.0000   -1.0000    0.0000
    2.2450   -1.0000   -1.0000    0.0000
    2.2500    0.9884    0.0374    1.0000
    2.2550   -1.0000   -1.0000    0.0000
    2.2600    0.9969    0.0403    2.0000
    2.2650   -1.0000   -1.0000    0.0000
    2.2700    1.0529    0.0402    1.0000
    2.2750    1.0387    0.0393    2.0000
    2.2800    1.0272    0.0383    2.0000
    2.2850    1.0188    0.0388    2.0000
    2.2900    1.0132    0.0408    2.0000
    2.2950    1.0354    0.0436    2.0000
    2.3000    1.0189    0.0399    2.0000
    2.3050   -1.0000   -1.0000    0.0000
    2.3100    1.0064    0.0432    2.0000
    2.3150   -1.0000   -1.0000    0.0000
    2.3200    1.0438    0.0462    2.0000
    2.3250   -1.0000   -1.0000    0.0000
    2.3300    1.0096    0.0417    2.0000
    2.3350   -1.0000   -1.0000    0.0000
    2.3400    1.0346    0.0445    2.0000
    2.3450   -1.0000   -1.0000    0.0000
    2.3500   -1.0000   -1.0000    0.0000
    2.3550   -1.0000   -1.0000    0.0000
    2.3600    0.9967    0.0434    2.0000
    2.3650   -1.0000   -1.0000    0.0000
    2.3700   -1.0000   -1.0000    0.0000
    2.3750   -1.0000   -1.0000    0.0000
    2.3800   -1.0000   -1.0000    0.0000
    2.3850    1.0222    0.0425    2.0000
    2.3900    1.0442    0.0456    2.0000
    2.3950    1.0301    0.0514    2.0000
    2.4000   -1.0000   -1.0000    0.0000
    2.4050    0.9967    0.0447    2.0000
    2.4100   -1.0000   -1.0000    0.0000
    2.4150   -1.0000   -1.0000    0.0000
    2.4200   -1.0000   -1.0000    0.0000
    2.4250    0.9957    0.0469    2.0000
    2.4300    1.0341    0.0524    2.0000
    2.4350   -1.0000   -1.0000    0.0000
    2.4400    1.0305    0.0517    1.0000
    2.4450   -1.0000   -1.0000    0.0000
    2.4500    1.0400    0.1000    1.0000
    2.4550   -1.0000   -1.0000    0.0000
    2.4600   -1.0000   -1.0000    0.0000
    2.4650   -1.0000   -1.0000    0.0000
    2.4700   -1.0000   -1.0000    0.0000
    2.4750   -1.0000   -1.0000    0.0000
    2.4800   -1.0000   -1.0000    0.0000
    2.4850   -1.0000   -1.0000    0.0000
    2.4900   -1.0000   -1.0000    0.0000
