0.800000 1.164900 0.204134 1
0.805000 1.045190 0.178306 1
0.810000 1.004280 0.159992 1
0.815000 1.108630 0.149422 1
0.820000 0.951913 0.133353 -1
0.825000 1.115100 0.131520 1
0.830000 1.080940 0.120479 1
0.835000 1.032890 0.120515 1
0.840000 1.066640 0.118532 1
0.845000 1.099770 0.118944 1
0.850000 1.072910 0.114884 1
0.855000 1.120650 0.123915 1
0.860000 1.068970 0.115649 1
0.865000 0.974822 0.121866 1
0.870000 1.071760 0.123335 1
0.875000 1.063440 0.123623 1
0.880000 1.090460 0.118937 1
0.885000 1.104410 0.109441 1
0.890000 1.050110 0.104192 1
0.895000 0.990602 0.096279 1
0.900000 0.953176 0.095009 1
0.905000 0.941483 0.093132 1
0.910000 0.989330 0.097009 1
0.915000 1.065960 0.097208 1
0.920000 1.048530 0.095508 1
0.925000 0.978738 0.095008 1
0.930000 1.015760 0.101969 1
0.935000 1.050440 0.107593 1
0.940000 1.066500 0.115359 1
0.945000 1.026260 0.115990 1
0.950000 0.920448 0.115531 -1
0.955000 1.032560 0.111093 1
0.960000 1.123600 0.103198 -1
0.965000 1.027300 0.091586 1
0.970000 0.990515 0.086918 1
0.975000 1.010600 0.083563 1
0.980000 1.047660 0.082222 1
0.985000 1.035390 0.077459 1
0.990000 1.026100 0.078001 1
0.995000 1.079440 0.076577 1
1.000000 0.964275 0.067133 -1
1.005000 0.919767 0.061519 -1
1.010000 1.000410 0.067155 1
1.015000 1.010020 0.070758 1
1.020000 1.086220 0.072840 1
1.025000 1.084130 0.068393 1
1.030000 1.045450 0.067859 1
1.035000 1.088150 0.068981 1
1.040000 1.107560 0.070525 1
1.045000 1.035410 0.065664 1
1.050000 1.012750 0.065741 1
1.055000 1.049900 0.066445 1
1.060000 1.021510 0.064345 1
1.065000 1.029110 0.066493 1
1.070000 1.107410 0.068090 1
1.075000 1.120290 0.066817 1
1.080000 1.103140 0.065777 1
1.085000 1.040300 0.063832 1
1.090000 1.103620 0.068426 1
1.095000 1.129390 0.064389 1
1.100000 1.042030 0.063017 1
1.105000 1.070550 0.067589 1
1.110000 1.116710 0.070082 1
1.115000 1.114250 0.072589 1
1.120000 1.066190 0.079890 1
1.125000 1.013470 0.083296 1
1.130000 1.053950 0.093897 1
1.135000 1.090500 0.094626 1
1.140000 1.054390 0.090485 1
1.145000 1.002830 0.086630 1
1.150000 0.990245 0.081138 -1
1.155000 1.056300 0.072888 -1
1.160000 1.185370 0.073677 1
1.165000 1.221010 0.069969 1
1.170000 1.205640 0.065592 1
1.175000 1.203990 0.064121 1
1.180000 1.189620 0.062084 1
1.185000 1.165410 0.060914 1
1.190000 1.172890 0.059616 1
1.195000 1.200390 0.061932 1
1.200000 1.179010 0.059424 1
1.205000 1.207300 0.063285 1
1.210000 1.274580 0.066031 1
1.215000 1.239670 0.060181 1
1.220000 1.189620 0.058634 1
1.225000 1.182820 0.057654 1
1.230000 1.213960 0.058486 1
1.235000 1.252650 0.059738 1
1.240000 1.258370 0.062224 1
1.245000 1.263090 0.061130 1
1.250000 1.213930 0.058267 1
1.255000 1.122330 0.062039 1
1.260000 1.018590 0.058226 -1
1.265000 1.030200 0.059953 -1
1.270000 1.095460 0.063858 -1
1.275000 1.215500 0.072136 1
1.280000 1.264580 0.079649 1
1.285000 1.306390 0.066816 1
1.290000 1.258760 0.064183 1
1.295000 1.232900 0.060153 1
1.300000 1.251500 0.067032 1
1.305000 1.231220 0.063700 1
1.310000 1.288060 0.065589 1
1.315000 1.358460 0.068766 1
1.320000 1.356240 0.071325 1
1.325000 1.262020 0.069795 1
1.330000 1.186840 0.070171 1
1.335000 1.212680 0.076623 1
1.340000 1.278080 0.096098 1
1.345000 1.293730 0.121145 1
1.350000 1.298130 0.158131 1
1.355000 0.984955 0.249421 -1
1.360000 0.985638 0.468908 -1
1.365000 1.087180 0.734509 1
1.370000 1.246780 0.822289 1
1.375000 1.232500 0.724021 1
1.380000 1.100030 0.528424 1
1.385000 1.125560 0.468945 1
1.390000 1.391480 0.470979 1
1.395000 1.617600 0.447171 -1
1.400000 1.267280 0.394646 1
1.405000 1.164620 0.264625 1
1.410000 1.456000 0.261286 1
1.415000 1.501040 0.216499 -1
1.420000 1.522830 0.193573 -1
1.425000 1.438250 0.171493 1
1.430000 1.578300 0.150356 -1
1.435000 1.577530 0.170282 -1
1.440000 1.297960 0.131370 1
1.445000 1.231400 0.123202 1
1.450000 1.169720 0.113807 1
1.455000 1.294410 0.101081 1
1.460000 1.472440 0.110742 1
1.465000 1.418430 0.114420 1
1.470000 1.262140 0.113397 1
1.475000 1.239770 0.110095 1
1.480000 1.294920 0.098564 1
1.485000 1.397540 0.100149 1
1.490000 1.460510 0.098484 1
1.495000 1.287000 0.090453 1
1.500000 1.128440 0.080858 -1
1.505000 1.349220 0.085122 1
1.510000 1.498630 0.088605 1
1.515000 1.409670 0.083366 1
1.520000 1.421500 0.087100 1
1.525000 1.296750 0.085437 1
1.530000 1.351190 0.079487 1
1.535000 1.463390 0.086403 1
1.540000 1.432230 0.081956 1
1.545000 1.422020 0.083890 1
1.550000 1.338400 0.084275 1
1.555000 1.334080 0.083965 1
1.560000 1.353280 0.081763 1
1.565000 1.339490 0.081133 1
1.570000 1.408570 0.083892 1
1.575000 1.440320 0.091609 1
1.580000 1.354800 0.089881 1
1.585000 1.404790 0.084636 1
1.590000 1.369620 0.087854 1
1.595000 1.371770 0.084931 1
1.600000 1.550020 0.092818 1
1.605000 1.565000 0.094244 1
1.610000 1.416190 0.102968 1
1.615000 1.475730 0.093290 1
1.620000 1.589200 0.096707 1
1.625000 1.377970 0.094764 1
1.630000 1.317810 0.088663 1
1.635000 1.503360 0.098897 1
1.640000 1.511430 0.100324 1
1.645000 1.384590 0.093100 1
1.650000 1.398760 0.100056 1
1.655000 1.302270 0.098176 1
1.660000 1.279560 0.105340 1
1.665000 1.325890 0.097414 1
1.670000 1.490850 0.097640 1
1.675000 1.592590 0.111283 1
1.680000 1.385360 0.100621 1
1.685000 1.355970 0.099218 1
1.690000 1.539880 0.100799 1
1.695000 1.408330 0.113326 1
1.700000 1.110140 0.111180 -1
1.705000 1.435800 0.107937 1
1.710000 1.669740 0.119387 1
1.715000 1.669400 0.115909 1
1.720000 1.792960 0.128139 -1
1.725000 1.714170 0.133180 1
1.730000 1.523130 0.126667 1
1.735000 1.595520 0.126703 1
1.740000 1.698860 0.130124 1
1.745000 1.506740 0.124813 1
1.750000 1.387360 0.120650 1
1.755000 1.368860 0.128481 1
1.760000 1.517080 0.127323 1
1.765000 1.702240 0.139495 1
1.770000 1.708570 0.155146 1
1.775000 1.681650 0.163557 1
1.780000 1.639680 0.150510 1
1.785000 1.592360 0.152833 1
1.790000 1.417840 0.160391 1
1.795000 1.206900 0.162596 -1
1.800000 1.323840 0.178758 1
1.805000 1.513360 0.233227 1
1.810000 1.329490 0.279127 1
1.815000 1.018780 0.290420 -1
1.820000 0.900584 0.305684 -1
1.825000 0.859418 0.432949 -1
1.830000 0.446064 0.532144 -1
1.835000 0.164188 0.591586 -1
1.840000 0.392957 0.866014 -1
1.845000 0.485250 1.450760 -1
1.850000 -0.231816 1.143980 -1
1.855000 -0.095665 -1.093860 -1
1.860000 0.547189 1.037390 -1
1.865000 0.760879 1.272670 -1
1.870000 1.548120 1.592340 1
1.875000 1.861910 2.946290 -1
1.880000 1.783540 1.791470 -1
1.885000 1.812650 1.481040 -1
1.890000 1.638280 0.999681 1
1.895000 1.271040 1.081670 1
1.900000 1.301840 0.978931 1
1.905000 1.802340 1.938810 1
1.910000 2.160660 1.993390 -1
1.915000 2.107300 1.929620 -1
1.920000 1.726210 0.998300 1
1.925000 1.080350 0.827504 -1
1.930000 1.107190 0.423999 -1
1.935000 1.414320 0.583870 1
1.940000 1.368190 0.421758 1
1.945000 1.525660 0.454379 1
1.950000 1.401720 0.380160 1
1.955000 1.217630 0.383225 1
1.960000 3.243140 0.362531 -1
1.965000 3.614670 0.804116 -1
1.970000 1.697680 0.328508 1
1.975000 1.614210 0.258841 1
1.980000 1.422180 0.227277 1
1.985000 1.525020 0.195163 1
1.990000 1.579050 0.217040 1
1.995000 1.466960 0.211327 1
2.000000 1.424130 0.254835 1
2.005000 1.216090 0.276912 -1
2.010000 1.055750 0.315271 -1
2.015000 1.363990 0.322087 1
2.020000 1.339550 0.313916 1
2.025000 1.458270 0.237513 1
2.030000 1.662460 0.242481 1
2.035000 1.547960 0.214744 1
2.040000 1.677550 0.203489 1
2.045000 1.633570 0.217200 1
2.050000 1.481070 0.226911 1
2.055000 1.411510 0.234595 1
2.060000 1.540910 0.233287 1
2.065000 1.740020 0.256370 1
2.070000 1.604350 0.258536 1
2.075000 1.305440 0.214829 1
2.080000 1.640250 0.193768 1
2.085000 1.496430 0.235953 1
2.090000 1.287690 0.181858 1
2.095000 1.587940 0.211387 1
2.100000 1.531340 0.201396 1
2.105000 1.424240 0.205692 1
2.110000 1.380560 0.189799 1
2.115000 1.457090 0.211761 1
2.120000 1.445750 0.207013 1
2.125000 1.515830 0.211806 1
2.130000 1.480850 0.208037 1
2.135000 1.564120 0.210067 1
2.140000 1.327840 0.221531 1
2.145000 1.246960 0.210576 1
2.150000 1.748550 0.244825 1
2.155000 1.688310 0.259409 1
2.160000 1.655920 0.237499 1
2.165000 1.733310 0.276489 1
2.170000 1.353520 0.240039 1
2.175000 1.345150 0.216370 1
2.180000 1.615110 0.238393 1
2.185000 1.763260 0.258569 1
2.190000 1.504460 0.275956 1
2.195000 1.487880 0.235048 1
2.200000 1.802860 0.287967 1
2.205000 1.650410 0.286297 1
2.210000 1.518510 0.309220 1
2.215000 1.583580 0.256111 1
2.220000 1.606100 0.272081 1
2.225000 1.384500 0.266090 1
2.230000 1.586560 0.257506 1
2.235000 1.713600 0.308566 1
2.240000 1.411700 0.275124 1
2.245000 1.574370 0.281620 1
2.250000 1.553580 0.308591 1
2.255000 1.487100 0.282985 1
2.260000 1.418340 0.312406 1
2.265000 1.446120 0.280170 1
2.270000 1.953760 0.341760 -1
2.275000 1.971400 0.388244 -1
2.280000 1.685140 0.346795 1
2.285000 1.506850 0.334201 1
2.290000 1.403530 0.321986 1
2.295000 1.352960 0.325681 1
2.300000 2.111640 0.328725 -1
2.305000 2.134020 0.497587 -1
2.310000 1.642840 0.326677 1
2.315000 2.017290 0.422026 -1
2.320000 2.116020 0.410035 -1
2.325000 1.963380 0.432965 -1
2.330000 1.759350 0.378133 1
2.335000 1.527180 0.399387 1
2.340000 1.206720 0.327555 -1
2.345000 1.731850 0.350209 -1
2.350000 1.833230 0.488820 -1
2.355000 1.126680 0.366325 -1
2.360000 1.014540 0.310018 -1
2.365000 1.435440 0.365492 1
2.370000 1.697630 0.433560 -1
2.375000 1.832420 0.459165 -1
2.380000 1.603440 0.466119 1
2.385000 1.540440 0.429239 1
2.390000 1.392820 0.438828 1
2.395000 1.381980 0.367023 1
2.400000 1.622470 0.483974 1
2.405000 1.480230 0.466121 1
2.410000 1.527180 0.472529 1
2.415000 1.527180 0.390692 1
2.420000 1.527180 0.477151 1
2.425000 1.527180 0.388747 1
2.430000 1.527180 0.563278 1
2.435000 1.527180 0.554496 1
2.440000 1.527180 0.776932 1
2.445000 1.527180 0.740626 1
2.450000 1.527180 0.514128 1
2.455000 1.394420 0.591432 -1
2.460000 1.638530 0.501386 -1
2.465000 2.098000 0.738442 -1
2.470000 1.908630 0.706709 -1
2.475000 1.415340 0.852830 -1
2.480000 0.652112 0.949530 -1
2.485000 0.142097 0.782381 -1
2.490000 -1.159780 -1.068140 -1
