0.800000 -1.000000 -1.000000 -1
0.805000 -1.000000 -1.000000 -1
0.810000 -1.000000 -1.000000 -1
0.815000 0.964100 0.013400 1
0.820000 0.968500 0.012600 1
0.825000 0.959100 0.011900 1
0.830000 0.949400 0.011800 1
0.835000 0.943300 0.011300 1
0.840000 0.962400 0.010700 1
0.845000 0.929400 0.010400 1
0.850000 0.942400 0.010100 1
0.855000 0.939000 0.010300 1
0.860000 0.936800 0.009400 1
0.865000 0.907300 0.009700 1
0.870000 0.925300 0.009000 1
0.875000 0.943100 0.009100 1
0.880000 0.925100 0.009000 1
0.885000 0.930200 0.009000 1
0.890000 0.908100 0.008800 1
0.895000 0.931600 0.008900 1
0.900000 0.891700 0.009300 1
0.905000 0.935000 0.008300 1
0.910000 0.906000 0.008500 1
0.915000 0.899700 0.008200 1
0.920000 0.897200 0.007700 1
0.925000 0.949700 0.007600 -1
0.930000 0.924700 0.008900 -1
0.935000 0.867200 0.013400 -1
0.940000 0.903500 0.010800 1
0.945000 0.883300 0.011100 1
0.950000 0.905200 0.009900 1
0.955000 0.892300 0.009200 1
0.960000 0.880500 0.008200 1
0.965000 0.886500 0.007400 1
0.970000 0.903400 0.006900 1
0.975000 0.899100 0.006600 1
0.980000 0.899000 0.006600 1
0.985000 0.882700 0.006200 1
0.990000 0.894500 0.006400 1
0.995000 0.899900 0.006900 1
1.000000 0.907100 0.006400 1
1.005000 0.902500 0.006100 1
1.010000 0.896900 0.006200 1
1.015000 0.921500 0.006200 1
1.020000 0.915000 0.006600 1
1.025000 0.910800 0.005800 1
1.030000 0.921200 0.007000 1
1.035000 0.903700 0.005900 1
1.040000 0.911000 0.006400 1
1.045000 0.913000 0.006000 1
1.050000 0.907700 0.005400 1
1.055000 0.914200 0.004900 1
1.060000 0.917000 0.004800 1
1.065000 0.920700 0.004600 1
1.070000 0.900100 0.005400 1
1.075000 0.921500 0.006100 1
1.080000 0.909900 0.005300 1
1.085000 0.928900 0.006800 1
1.090000 0.934400 0.005600 1
1.095000 0.941400 0.006600 1
1.100000 0.939400 0.006300 1
1.105000 0.953100 0.005800 1
1.110000 0.962900 0.005400 1
1.115000 0.943700 0.005700 1
1.120000 0.946300 0.006900 1
1.125000 0.932600 0.007700 1
1.130000 0.970800 0.008900 1
1.135000 0.904100 0.009600 -1
1.140000 1.001200 0.006400 -1
1.145000 0.942900 0.009600 1
1.150000 0.968100 0.007600 1
1.155000 0.984900 0.007800 1
1.160000 0.978600 0.006900 1
1.165000 0.968100 0.005900 1
1.170000 0.978200 0.005200 1
1.175000 1.003100 0.004700 1
1.180000 0.997300 0.004400 1
1.185000 0.979900 0.004200 1
1.190000 0.978100 0.004100 1
1.195000 0.997400 0.004200 1
1.200000 0.991000 0.005800 1
1.205000 0.993300 0.005700 1
1.210000 0.986200 0.005300 1
1.215000 1.000000 0.006300 1
1.220000 1.006300 0.005000 1
1.225000 1.002700 0.005800 1
1.230000 0.987900 0.005600 1
1.235000 0.990300 0.005200 1
1.240000 1.021500 0.004600 1
1.245000 1.011800 0.004200 1
1.250000 1.012600 0.004000 1
1.255000 1.010000 0.003900 1
1.260000 1.016400 0.004300 1
1.265000 1.009600 0.005000 1
1.270000 0.972000 0.006500 -1
1.275000 1.002900 0.006800 -1
1.280000 1.018000 0.007000 1
1.285000 1.013500 0.005100 1
1.290000 1.012100 0.006200 1
1.295000 1.023800 0.005500 1
1.300000 1.012900 0.005300 1
1.305000 1.051100 0.006100 1
1.310000 1.041900 0.006000 1
1.315000 1.029200 0.005200 1
1.320000 1.037500 0.004900 1
1.325000 1.054100 0.004900 1
1.330000 1.027900 0.004300 1
1.335000 1.040900 0.004200 1
1.340000 1.070600 0.004400 -1
1.345000 1.057500 0.004900 -1
1.350000 1.020900 0.007500 -1
1.355000 0.950000 0.022600 -1
1.360000 1.112500 0.132000 -1
1.365000 1.742800 0.317900 -1
1.370000 0.978000 0.283200 -1
1.375000 1.040600 0.060900 -1
1.380000 1.033700 0.054600 -1
1.385000 1.018200 0.106800 -1
1.390000 1.160600 0.038000 -1
1.395000 1.071100 0.039200 -1
1.400000 1.169400 0.037800 -1
1.405000 1.130600 0.034800 -1
1.410000 1.090300 0.029900 -1
1.415000 0.991800 0.023200 -1
1.420000 1.078700 0.015800 -1
1.425000 1.096500 0.010300 -1
1.430000 1.076900 0.010600 -1
1.435000 1.051100 0.011800 -1
1.440000 1.014900 0.009100 1
1.445000 1.071900 0.007300 1
1.450000 1.085500 0.011100 1
1.455000 1.025800 0.010100 1
1.460000 1.030100 0.007500 1
1.465000 1.097000 0.007100 1
1.470000 1.071400 0.008200 1
1.475000 1.089100 0.008800 1
1.480000 1.067100 0.010000 1
1.485000 1.071600 0.010400 1
1.490000 1.037100 0.008700 1
1.495000 1.055400 0.005600 1
1.500000 1.071100 0.006900 1
1.505000 1.093300 0.012500 1
1.510000 1.121400 0.008600 1
1.515000 1.123800 0.005000 1
1.520000 1.086000 0.006900 1
1.525000 1.100100 0.007900 1
1.530000 1.096700 0.008800 1
1.535000 1.125800 0.007800 1
1.540000 1.136300 0.007000 1
1.545000 1.118100 0.006400 1
1.550000 1.102000 0.005900 1
1.555000 1.106300 0.006500 1
1.560000 1.067900 0.006900 1
1.565000 1.068300 0.006900 1
1.570000 1.087500 0.005700 1
1.575000 1.098300 0.004700 1
1.580000 1.074200 0.008600 1
1.585000 1.053600 0.010400 1
1.590000 1.068000 0.006500 1
1.595000 1.092300 0.005000 1
1.600000 1.108100 0.007300 1
1.605000 1.112400 0.008300 1
1.610000 1.118000 0.008500 1
1.615000 1.148300 0.008000 -1
1.620000 1.130900 0.007300 1
1.625000 1.091800 0.006800 1
1.630000 1.107200 0.005900 1
1.635000 1.103000 0.006200 1
1.640000 1.116700 0.006600 1
1.645000 1.100000 0.007100 1
1.650000 1.076200 0.006900 1
1.655000 1.077800 0.005500 1
1.660000 1.089800 0.004100 1
1.665000 1.100200 0.007200 1
1.670000 1.107600 0.009400 1
1.675000 1.098400 0.007600 1
1.680000 1.089500 0.004500 1
1.685000 1.095700 0.005900 1
1.690000 1.097600 0.007700 1
1.695000 1.075500 0.008100 1
1.700000 1.043900 0.007700 1
1.705000 1.033900 0.007500 1
1.710000 1.021500 0.007400 1
1.715000 1.031900 0.006800 1
1.720000 1.015700 0.006100 1
1.725000 1.060300 0.006200 1
1.730000 1.053100 0.006200 1
1.735000 1.049400 0.006900 1
1.740000 1.060500 0.007800 1
1.745000 1.066600 0.007200 1
1.750000 1.046100 0.006000 1
1.755000 1.063800 0.004600 1
1.760000 1.048000 0.006800 1
1.765000 1.021300 0.009900 1
1.770000 1.015700 0.009200 1
1.775000 1.055900 0.005300 -1
1.780000 1.050000 0.005400 -1
1.785000 1.055500 0.008900 -1
1.790000 1.039900 0.009900 -1
1.795000 1.038700 0.011200 -1
1.800000 1.057700 0.014700 -1
1.805000 0.993100 0.017000 -1
1.810000 1.026000 0.016100 -1
1.815000 1.054100 0.019900 -1
1.820000 0.968200 0.022000 -1
1.825000 1.074600 0.027400 -1
1.830000 1.113100 0.054300 -1
1.835000 1.434700 0.207400 -1
1.840000 2.176100 0.415500 -1
1.845000 1.296500 0.262100 -1
1.850000 1.207100 0.257600 -1
1.855000 2.068000 0.335700 -1
1.860000 1.624300 0.233200 -1
1.865000 0.842600 0.178000 -1
1.870000 2.393000 0.305400 -1
1.875000 2.849500 0.421000 -1
1.880000 1.498700 0.146300 -1
1.885000 1.082600 0.084300 -1
1.890000 1.242400 0.078400 -1
1.895000 1.153200 0.086900 -1
1.900000 1.070600 0.156100 -1
1.905000 1.332500 0.291300 -1
1.910000 2.067000 0.245000 -1
1.915000 1.306200 0.124300 -1
1.920000 1.442500 0.071000 -1
1.925000 1.133500 0.055600 -1
1.930000 1.122200 0.050600 -1
1.935000 1.206000 0.038700 -1
1.940000 1.129200 0.027800 -1
1.945000 1.004000 0.021100 -1
1.950000 0.921700 0.018900 -1
1.955000 0.977600 0.019900 -1
1.960000 1.025100 0.018700 -1
1.965000 1.033400 0.014700 -1
1.970000 1.048700 0.012800 -1
1.975000 0.995100 0.011300 -1
1.980000 1.015300 0.009400 -1
1.985000 1.062300 0.007200 -1
1.990000 1.057700 0.006700 -1
1.995000 1.052900 0.009600 -1
2.000000 0.952800 0.015900 -1
2.005000 0.883100 0.020900 -1
2.010000 0.840900 0.015500 -1
2.015000 0.972300 0.013800 1
2.020000 1.009400 0.012700 1
2.025000 1.045300 0.011500 1
2.030000 0.947600 0.010400 1
2.035000 1.055700 0.009800 1
2.040000 1.019900 0.009800 1
2.045000 1.040200 0.009600 1
2.050000 1.057000 0.009800 1
2.055000 0.935600 0.011600 1
2.060000 1.030900 0.010700 1
2.065000 1.030100 0.008900 1
2.070000 0.967400 0.009800 1
2.075000 1.028700 0.009200 1
2.080000 1.063900 0.007600 1
2.085000 1.058800 0.007600 1
2.090000 1.037100 0.007700 1
2.095000 1.044500 0.007100 1
2.100000 1.056600 0.006900 1
2.105000 1.051300 0.007800 1
2.110000 1.034300 0.009100 1
2.115000 1.058200 0.008900 1
2.120000 1.038900 0.009000 1
2.125000 1.053300 0.009000 1
2.130000 1.070000 0.008500 1
2.135000 1.055500 0.007700 1
2.140000 1.060200 0.007200 1
2.145000 1.051400 0.008100 1
2.150000 1.059900 0.010700 1
2.155000 1.052600 0.011700 1
2.160000 1.047700 0.010300 1
2.165000 1.034900 0.008900 1
2.170000 1.049200 0.009100 1
2.175000 1.011300 0.009700 1
2.180000 1.016900 0.010800 1
2.185000 1.013800 0.011700 1
2.190000 1.038800 0.011400 1
2.195000 1.047500 0.011800 1
2.200000 1.032600 0.012100 -1
2.205000 1.093100 0.012600 -1
2.210000 1.120000 0.012000 -1
2.215000 1.097100 0.012600 -1
2.220000 1.102200 0.012200 1
2.225000 1.061100 0.011600 1
2.230000 1.045400 0.011500 1
2.235000 1.023700 0.012500 1
2.240000 1.054700 0.012600 1
2.245000 1.061300 0.012300 1
2.250000 1.050800 0.012100 1
2.255000 1.087000 0.013200 1
2.260000 1.103700 0.013100 1
2.265000 1.063300 0.013300 1
2.270000 1.072300 0.013400 1
2.275000 1.074800 0.013900 1
2.280000 1.098600 0.014400 1
2.285000 1.080700 0.014800 1
2.290000 1.078900 0.014800 1
2.295000 1.056900 0.015000 1
2.300000 1.056400 0.015800 1
2.305000 1.081800 0.016100 1
2.310000 1.055800 0.016700 1
2.315000 1.070300 0.017200 1
2.320000 1.052800 0.017200 1
2.325000 1.048100 0.017100 1
2.330000 1.011400 0.017200 -1
2.335000 1.020300 0.018800 -1
2.340000 1.086600 0.020500 1
2.345000 1.111000 0.020700 1
2.350000 1.070000 0.019900 1
2.355000 1.110000 0.019700 1
2.360000 1.056600 0.021900 1
2.365000 1.059700 0.023300 1
2.370000 1.096800 0.025000 1
2.375000 1.234500 0.027100 -1
2.380000 1.242100 0.028500 -1
2.385000 1.230200 0.027700 -1
2.390000 1.164000 0.025900 -1
2.395000 1.179500 0.027500 -1
2.400000 1.223900 0.031500 -1
2.405000 1.211800 0.035100 -1
2.410000 1.118700 0.036000 1
2.415000 1.083000 0.038500 1
2.420000 1.051300 0.041700 1
2.425000 1.093500 0.042700 1
2.430000 1.138700 0.040000 1
2.435000 1.025700 0.038800 1
2.440000 1.047500 0.038500 1
2.445000 1.091700 0.041100 1
2.450000 1.125200 0.045800 1
2.455000 1.146900 0.051200 -1
2.460000 1.275500 0.062000 -1
2.465000 1.344100 0.068900 -1
2.470000 1.277400 0.065800 -1
2.475000 1.184500 0.056100 -1
2.480000 1.196100 0.048900 -1
2.485000 1.500700 0.053600 -1
2.490000 7.103100 0.065100 -1
