    0.7800   -1.0000   -1.0000    0.0000
    0.7850   -1.0000   -1.0000    0.0000
    0.7900   -1.0000   -1.0000    0.0000
    0.7950   -1.0000   -1.0000    0.0000
    0.8000   -1.0000   -1.0000    0.0000
    0.8050   -1.0000   -1.0000    0.0000
    0.8100   -1.0000   -1.0000    0.0000
    0.8150   -1.0000   -1.0000    0.0000
    0.8200   -1.0000   -1.0000    0.0000
    0.8250   -1.0000   -1.0000    0.0000
    0.8300   -1.0000   -1.0000    0.0000
    0.8350   -1.0000   -1.0000    0.0000
    0.8400    1.0596    0.0145    3.0000
    0.8450    1.0546    0.0143    3.0000
    0.8500    1.0454    0.0142    3.0000
    0.8550    1.0403    0.0143    3.0000
    0.8600    1.0519    0.0141    1.0000
    0.8650    1.0320    0.0148    2.0000
    0.8700    1.0193    0.0147    3.0000
    0.8750    1.0092    0.0145    3.0000
    0.8800    0.9912    0.0139    3.0000
    0.8850    0.9879    0.0133    3.0000
    0.8900    0.9993    0.0129    2.0000
    0.8950    0.9917    0.0123    2.0000
    0.9000    0.9719    0.0116    3.0000
    0.9050    0.9650    0.0113    3.0000
    0.9100    0.9771    0.0112    3.0000
    0.9150    0.9756    0.0110    3.0000
    0.9200    0.9592    0.0108    3.0000
    0.9250    0.9465    0.0108    3.0000
    0.9300    0.9384    0.0116    1.0000
    0.9350    0.9689    0.0112    3.0000
    0.9400    0.9672    0.0112    3.0000
    0.9450    0.9447    0.0112    3.0000
    0.9500    0.9535    0.0111    3.0000
    0.9550    0.9552    0.0108    3.0000
    0.9600    0.9542    0.0105    3.0000
    0.9650    0.9686    0.0109    3.0000
    0.9700    0.9671    0.0098    3.0000
    0.9750    0.9585    0.0096    3.0000
    0.9800    0.9730    0.0096    3.0000
    0.9850    0.9756    0.0095    3.0000
    0.9900    0.9726    0.0094    3.0000
    0.9950    0.9638    0.0091    3.0000
    1.0000    0.9708    0.0092    3.0000
    1.0050    0.9892    0.0091    3.0000
    1.0100    0.9850    0.0089    3.0000
    1.0150    0.9874    0.0089    3.0000
    1.0200    0.9929    0.0088    3.0000
    1.0250    0.9959    0.0086    3.0000
    1.0300    0.9905    0.0086    3.0000
    1.0350    0.9849    0.0086    3.0000
    1.0400    0.9967    0.0086    3.0000
    1.0450    0.9947    0.0086    3.0000
    1.0500    0.9830    0.0085    3.0000
    1.0550    1.0102    0.0086    3.0000
    1.0600    1.0172    0.0085    3.0000
    1.0650    1.0180    0.0085    3.0000
    1.0700    1.0155    0.0084    3.0000
    1.0750    1.0189    0.0085    3.0000
    1.0800    1.0207    0.0084    3.0000
    1.0850    1.0231    0.0083    3.0000
    1.0900    1.0183    0.0081    3.0000
    1.0950    1.0355    0.0082    3.0000
    1.1000    1.0432    0.0081    3.0000
    1.1050    1.0453    0.0081    3.0000
    1.1100    1.0341    0.0080    3.0000
    1.1150    1.0282    0.0081    3.0000
    1.1200    1.0478    0.0083    3.0000
    1.1250    1.0493    0.0085    3.0000
    1.1300    1.0408    0.0088    3.0000
    1.1350    1.0320    0.0089    3.0000
    1.1400    1.0446    0.0089    3.0000
    1.1450    1.0684    0.0089    3.0000
    1.1500    1.0700    0.0088    3.0000
    1.1550    1.0566    0.0085    3.0000
    1.1600    1.0696    0.0083    3.0000
    1.1650    1.0667    0.0080    3.0000
    1.1700    1.0706    0.0078    3.0000
    1.1750    1.0787    0.0077    3.0000
    1.1800    1.0731    0.0076    3.0000
    1.1850    1.0786    0.0075    3.0000
    1.1900    1.0787    0.0075    3.0000
    1.1950    1.0827    0.0075    3.0000
    1.2000    1.0835    0.0075    3.0000
    1.2050    1.0726    0.0074    3.0000
    1.2100    1.0849    0.0075    3.0000
    1.2150    1.0921    0.0075    3.0000
    1.2200    1.0850    0.0074    3.0000
    1.2250    1.0894    0.0075    3.0000
    1.2300    1.0980    0.0075    3.0000
    1.2350    1.1067    0.0075    3.0000
    1.2400    1.1052    0.0075    3.0000
    1.2450    1.1062    0.0076    3.0000
    1.2500    1.1018    0.0075    3.0000
    1.2550    1.0799    0.0076    3.0000
    1.2600    1.0882    0.0088    3.0000
    1.2650    1.0911    0.0077    3.0000
    1.2700    1.0772    0.0076    3.0000
    1.2750    1.0821    0.0077    3.0000
    1.2800    1.0895    0.0077    3.0000
    1.2850    1.1013    0.0076    3.0000
    1.2900    1.1017    0.0075    3.0000
    1.2950    1.1074    0.0075    3.0000
    1.3000    1.1062    0.0075    3.0000
    1.3050    1.1067    0.0074    3.0000
    1.3100    1.1052    0.0075    3.0000
    1.3150    1.1122    0.0077    3.0000
    1.3200    1.1380    0.0079    3.0000
    1.3250    1.1344    0.0079    3.0000
    1.3300    1.1412    0.0080    3.0000
    1.3350    1.1423    0.0081    3.0000
    1.3400    1.1400    0.0084    3.0000
    1.3450    1.1554    0.0090    3.0000
    1.3500    1.1456    0.0100    3.0000
    1.3550    1.1229    0.0112    3.0000
    1.3600    1.1293    0.0132    3.0000
    1.3650    1.1389    0.0155    3.0000
    1.3700   -1.0000   -1.0000    0.0000
    1.3750   -1.0000   -1.0000    0.0000
    1.3800    1.1403    0.0168    2.0000
    1.3850    1.1499    0.0155    3.0000
    1.3900    1.1664    0.0151    3.0000
    1.3950    1.1920    0.0150    1.0000
    1.4000    1.1684    0.0141    3.0000
    1.4050    1.1710    0.0135    3.0000
    1.4100    1.1797    0.0129    3.0000
    1.4150    1.1683    0.0121    3.0000
    1.4200    1.1880    0.0116    3.0000
    1.4250    1.1934    0.0111    3.0000
    1.4300    1.1832    0.0109    3.0000
    1.4350    1.1761    0.0107    3.0000
    1.4400    1.1978    0.0106    3.0000
    1.4450   -1.0000   -1.0000    0.0000
    1.4500    1.1946    0.0100    3.0000
    1.4550    1.1985    0.0099    3.0000
    1.4600    1.1984    0.0098    3.0000
    1.4650    1.1924    0.0097    3.0000
    1.4700    1.1813    0.0098    3.0000
    1.4750    1.1905    0.0100    3.0000
    1.4800    1.1878    0.0099    3.0000
    1.4850    1.1915    0.0098    3.0000
    1.4900    1.2067    0.0097    3.0000
    1.4950    1.2111    0.0097    3.0000
    1.5000    1.2002    0.0096    3.0000
    1.5050    1.2001    0.0096    3.0000
    1.5100    1.2223    0.0098    3.0000
    1.5150    1.2125    0.0097    3.0000
    1.5200    1.2069    0.0096    3.0000
    1.5250    1.2271    0.0097    3.0000
    1.5300    1.2291    0.0097    3.0000
    1.5350    1.2233    0.0099    3.0000
    1.5400    1.2038    0.0097    3.0000
    1.5450    1.1966    0.0097    3.0000
    1.5500    1.2106    0.0098    3.0000
    1.5550    1.2150    0.0098    3.0000
    1.5600    1.1882    0.0096    3.0000
    1.5650    1.1990    0.0098    3.0000
    1.5700    1.2192    0.0101    3.0000
    1.5750    1.1822    0.0098    3.0000
    1.5800    1.1534    0.0099    3.0000
    1.5850    1.1791    0.0102    3.0000
    1.5900    1.2010    0.0103    3.0000
    1.5950    1.1833    0.0101    3.0000
    1.6000    1.2082    0.0106    3.0000
    1.6050    1.1883    0.0101    3.0000
    1.6100    1.1653    0.0102    3.0000
    1.6150    1.1798    0.0103    3.0000
    1.6200    1.1938    0.0103    3.0000
    1.6250    1.1886    0.0103    3.0000
    1.6300    1.1721    0.0102    3.0000
    1.6350    1.1791    0.0104    3.0000
    1.6400    1.1755    0.0104    3.0000
    1.6450    1.1757    0.0108    3.0000
    1.6500    1.1764    0.0108    3.0000
    1.6550    1.1698    0.0107    3.0000
    1.6600    1.1659    0.0108    3.0000
    1.6650    1.1492    0.0107    3.0000
    1.6700    1.1311    0.0107    3.0000
    1.6750    1.1307    0.0109    3.0000
    1.6800    1.1364    0.0111    3.0000
    1.6850    1.1440    0.0112    3.0000
    1.6900    1.1549    0.0112    3.0000
    1.6950    1.1250    0.0115    3.0000
    1.7000   -1.0000   -1.0000    0.0000
    1.7050    1.1347    0.0116    3.0000
    1.7100    1.1616    0.0116    3.0000
    1.7150    1.1679    0.0117    3.0000
    1.7200    1.1438    0.0116    3.0000
    1.7250    1.1520    0.0118    3.0000
    1.7300    1.1546    0.0119    3.0000
    1.7350    1.1445    0.0120    3.0000
    1.7400    1.1325    0.0120    3.0000
    1.7450    1.1205    0.0121    3.0000
    1.7500    1.1357    0.0122    3.0000
    1.7550    1.1381    0.0123    3.0000
    1.7600    1.1258    0.0123    3.0000
    1.7650    1.1703    0.0125    3.0000
    1.7700   -1.0000   -1.0000    0.0000
    1.7750    1.1555    0.0130    3.0000
    1.7800    1.1511    0.0131    3.0000
    1.7850    1.1413    0.0129    3.0000
    1.7900    1.1575    0.0133    3.0000
    1.7950    1.1760    0.0135    3.0000
    1.8000    1.1458    0.0138    3.0000
    1.8050    1.1491    0.0146    3.0000
    1.8100    1.1549    0.0155    3.0000
    1.8150    1.1221    0.0163    3.0000
    1.8200    1.1313    0.0176    3.0000
    1.8250    1.1464    0.0187    3.0000
    1.8300    1.1174    0.0201    3.0000
    1.8350    1.1295    0.0230    3.0000
    1.8400    1.1650    0.0264    3.0000
    1.8450    1.1804    0.0296    2.0000
    1.8500    1.1044    0.0323    1.0000
    1.8550   -1.0000   -1.0000    0.0000
    1.8600    1.1263    0.0314    3.0000
    1.8650    1.1021    0.0296    3.0000
    1.8700    1.0937    0.0318    3.0000
    1.8750    1.1308    0.0354    3.0000
    1.8800   -1.0000   -1.0000    0.0000
    1.8850   -1.0000   -1.0000    0.0000
    1.8900    1.0907    0.0283    2.0000
    1.8950    1.1068    0.0252    3.0000
    1.9000    1.1276    0.0260    3.0000
    1.9050    1.1378    0.0291    3.0000
    1.9100    1.1040    0.0312    3.0000
    1.9150    1.1033    0.0329    3.0000
    1.9200    1.1378    0.0315    3.0000
    1.9250    1.1167    0.0284    3.0000
    1.9300    1.0736    0.0258    2.0000
    1.9350    1.0849    0.0243    3.0000
    1.9400    1.1457    0.0238    3.0000
    1.9450    1.1467    0.0228    3.0000
    1.9500    1.1271    0.0225    3.0000
    1.9550    1.1407    0.0232    3.0000
    1.9600    1.1356    0.0238    3.0000
    1.9650    1.1111    0.0241    3.0000
    1.9700    1.1524    0.0242    3.0000
    1.9750    1.0856    0.0212    3.0000
    1.9800    1.0798    0.0204    1.0000
    1.9850    1.0801    0.0184    3.0000
    1.9900    1.0863    0.0177    3.0000
    1.9950    1.1257    0.0180    3.0000
    2.0000    1.1292    0.0189    3.0000
    2.0050    1.1094    0.0219    3.0000
    2.0100    1.1046    0.0264    3.0000
    2.0150    1.1029    0.0308    3.0000
    2.0200    1.0813    0.0302    3.0000
    2.0250    1.0950    0.0270    3.0000
    2.0300    1.1274    0.0234    3.0000
    2.0350    1.1163    0.0204    3.0000
    2.0400    1.1579    0.0195    3.0000
    2.0450    1.1501    0.0186    3.0000
    2.0500    1.1051    0.0188    3.0000
    2.0550    1.0650    0.0197    3.0000
    2.0600    1.0603    0.0214    2.0000
    2.0650    1.0687    0.0219    3.0000
    2.0700    1.0930    0.0221    3.0000
    2.0750    1.0871    0.0213    3.0000
    2.0800    1.0883    0.0209    3.0000
    2.0850    1.1239    0.0204    3.0000
    2.0900    1.1714    0.0202    3.0000
    2.0950    1.1569    0.0197    3.0000
    2.1000    1.1336    0.0196    3.0000
    2.1050    1.1239    0.0195    3.0000
    2.1100    1.1203    0.0197    3.0000
    2.1150    1.1287    0.0198    3.0000
    2.1200    1.0954    0.0196    3.0000
    2.1250    1.1023    0.0201    3.0000
    2.1300    1.1570    0.0207    3.0000
    2.1350    1.1576    0.0207    3.0000
    2.1400    1.1496    0.0208    3.0000
    2.1450    1.1695    0.0213    3.0000
    2.1500   -1.0000   -1.0000    0.0000
    2.1550   -1.0000   -1.0000    0.0000
    2.1600    1.1744    0.0220    3.0000
    2.1650    1.1748    0.0232    3.0000
    2.1700   -1.0000   -1.0000    0.0000
    2.1750    1.1500    0.0228    3.0000
    2.1800    1.1207    0.0228    3.0000
    2.1850    1.1272    0.0229    3.0000
    2.1900    1.1394    0.0231    3.0000
    2.1950    1.1625    0.0237    3.0000
    2.2000    1.1338    0.0238    3.0000
    2.2050    1.1662    0.0250    3.0000
    2.2100    1.1765    0.0249    3.0000
    2.2150    1.1640    0.0249    3.0000
    2.2200    1.1384    0.0245    3.0000
    2.2250    1.1505    0.0251    3.0000
    2.2300    1.1272    0.0249    3.0000
    2.2350    1.1120    0.0254    3.0000
    2.2400    1.1545    0.0262    3.0000
    2.2450    1.1383    0.0260    3.0000
    2.2500    1.1211    0.0265    3.0000
    2.2550    1.1113    0.0265    3.0000
    2.2600   -1.0000   -1.0000    0.0000
    2.2650   -1.0000   -1.0000    0.0000
    2.2700   -1.0000   -1.0000    0.0000
    2.2750   -1.0000   -1.0000    0.0000
    2.2800    1.0941    0.0285    2.0000
    2.2850    1.1112    0.0286    3.0000
    2.2900   -1.0000   -1.0000    0.0000
    2.2950    1.1670    0.0297    3.0000
    2.3000    1.1352    0.0304    3.0000
    2.3050    1.1820    0.0306    3.0000
    2.3100    1.1757    0.0305    3.0000
    2.3150    1.1714    0.0311    3.0000
    2.3200    1.1389    0.0309    3.0000
    2.3250    1.1066    0.0308    3.0000
    2.3300    1.1314    0.0309    3.0000
    2.3350    1.1771    0.0319    3.0000
    2.3400    1.1365    0.0316    3.0000
    2.3450    1.1300    0.0328    3.0000
    2.3500    1.0944    0.0321    3.0000
    2.3550   -1.0000   -1.0000    0.0000
    2.3600    1.1464    0.0338    3.0000
    2.3650    1.1610    0.0338    3.0000
    2.3700    1.1539    0.0341    2.0000
    2.3750   -1.0000   -1.0000    0.0000
    2.3800    1.1744    0.0342    2.0000
    2.3850   -1.0000   -1.0000    0.0000
    2.3900    1.1181    0.0338    3.0000
    2.3950    1.1321    0.0346    2.0000
    2.4000   -1.0000   -1.0000    0.0000
    2.4050    1.1400    0.0331    2.0000
    2.4100    1.1063    0.0345    3.0000
    2.4150    1.1228    0.0360    3.0000
    2.4200   -1.0000   -1.0000    0.0000
    2.4250    1.0958    0.0366    3.0000
    2.4300    1.1159    0.0390    3.0000
    2.4350   -1.0000   -1.0000    0.0000
    2.4400   -1.0000   -1.0000    0.0000
    2.4450   -1.0000   -1.0000    0.0000
    2.4500    1.1500    0.1000    1.0000
    2.4550   -1.0000   -1.0000    0.0000
    2.4600   -1.0000   -1.0000    0.0000
    2.4650   -1.0000   -1.0000    0.0000
    2.4700   -1.0000   -1.0000    0.0000
    2.4750   -1.0000   -1.0000    0.0000
    2.4800   -1.0000   -1.0000    0.0000
    2.4850   -1.0000   -1.0000    0.0000
    2.4900   -1.0000   -1.0000    0.0000
