    0.6500   -1.0000   -1.0000         3
    0.6550   -1.0000   -1.0000         3
    0.6600   -1.0000   -1.0000         3
    0.6650   -1.0000   -1.0000         3
    0.6700   -1.0000   -1.0000         3
    0.6750   -1.0000   -1.0000         3
    0.6800    1.0231    0.2778         3
    0.6850    0.9247    0.1982         3
    0.6900    0.9206    0.1509         3
    0.6950    1.0966    0.1329         3
    0.7000    1.0701    0.1187         3
    0.7050    1.2213    0.1028         3
    0.7100    1.0880    0.0888         3
    0.7150    1.0146    0.0910         3
    0.7200    1.1429    0.0776         3
    0.7250    1.0862    0.0726         3
    0.7300    1.1358    0.0667         3
    0.7350    1.0843    0.0624         3
    0.7400    1.1092    0.0619         3
    0.7450    1.0424    0.0618         3
    0.7500    1.0771    0.0635         3
    0.7550   -1.0000   -1.0000         3
    0.7600    1.0536    0.0630         3
    0.7650   -1.0000   -1.0000         3
    0.7700    1.0561    0.0534         3
    0.7750    1.0812    0.0503         3
    0.7800    1.1033    0.0499         3
    0.7850    1.1103    0.0517         3
    0.7900    1.0800    0.0481         3
    0.7950   -1.0000   -1.0000         3
    0.8000    1.0405    0.0502         3
    0.8050    1.0419    0.0459         3
    0.8100    1.0817    0.0510         3
    0.8150    1.0381    0.0443         3
    0.8200    1.0589    0.0455         3
    0.8250    1.0644    0.0505         3
    0.8300    1.0522    0.0482         3
    0.8350    1.0454    0.0488         3
    0.8400    1.0515    0.0468         3
    0.8450    1.0234    0.0460         3
    0.8500    1.0234    0.0460         3
    0.8550    1.0307    0.0426         3
    0.8600    1.0050    0.0414         3
    0.8650    0.9982    0.0421         3
    0.8700    0.9911    0.0412         3
    0.8750    0.9973    0.0450         3
    0.8800    0.9920    0.0445         3
    0.8850    0.9399    0.0426         3
    0.8900    0.9336    0.0380         3
    0.8950    0.9688    0.0386         3
    0.9000    0.9658    0.0401         3
    0.9050    0.9625    0.0363         3
    0.9100    0.9720    0.0348         3
    0.9150    0.9817    0.0351         3
    0.9200    0.9950    0.0368         3
    0.9250    0.9936    0.0365         3
    0.9300    0.9929    0.0374         3
    0.9350    1.0220    0.0405         3
    0.9400    1.0317    0.0366         3
    0.9450    1.0082    0.0349         3
    0.9500    0.9945    0.0372         3
    0.9550    0.9793    0.0338         3
    0.9600    0.9541    0.0338         3
    0.9650    0.9747    0.0373         3
    0.9700    1.0011    0.0358         3
    0.9750    0.9897    0.0344         3
    0.9800    0.9926    0.0343         3
    0.9850    1.0021    0.0361         3
    0.9900    0.9835    0.0369         3
    0.9950    0.9950    0.0338         3
    1.0000    1.0141    0.0339         3
    1.0050    0.9949    0.0336         3
    1.0100    0.9832    0.0343         3
    1.0150    0.9997    0.0368         3
    1.0200    0.9925    0.0327         3
    1.0250    0.9863    0.0327         3
    1.0300    0.9844    0.0329         3
    1.0350    0.9794    0.0340         3
    1.0400    1.0025    0.0349         3
    1.0450    1.0119    0.0327         3
    1.0500    1.0044    0.0336         3
    1.0550    1.0143    0.0351         3
    1.0600    1.0219    0.0345         3
    1.0650    1.0395    0.0407         3
    1.0700    1.0337    0.0327         3
    1.0750    0.9821    0.0397         3
    1.0800    0.9659    0.0367         3
    1.0850    0.9913    0.0366         3
    1.0900    1.0233    0.0390         3
    1.0950    1.0508    0.0387         3
    1.1000    1.0533    0.0401         3
    1.1050    1.0555    0.0380         3
    1.1100    1.0876    0.0370         3
    1.1150    1.1082    0.0374         3
    1.1200    1.1041    0.0384         3
    1.1250   -1.0000   -1.0000         2
    1.1300   -1.0000   -1.0000         3
    1.1350    1.0908    0.0394         3
    1.1400    1.0879    0.0428         3
    1.1450    1.0860    0.0406         3
    1.1500    1.0528    0.0436         3
    1.1550    1.0772    0.0413         3
    1.1600    1.1293    0.0402         3
    1.1650    1.1362    0.0413         3
    1.1700    1.1132    0.0385         3
    1.1750    1.0580    0.0369         3
    1.1800    1.0853    0.0417         3
    1.1850    1.1463    0.0366         3
    1.1900    1.1099    0.0357         3
    1.1950    1.0659    0.0363         3
    1.2000    1.0677    0.0395         3
    1.2050    1.0723    0.0416         3
    1.2100    1.0751    0.0388         3
    1.2150    1.0609    0.0394         1
    1.2200   -1.0000   -1.0000         0
    1.2250    1.1331    0.0421         2
    1.2300    1.1057    0.0397         3
    1.2350    1.0863    0.0385         1
    1.2400    1.1176    0.0390         3
    1.2450    1.1596    0.0373         3
    1.2500    1.1395    0.0469         3
    1.2550    1.1077    0.0408         3
    1.2600    1.0955    0.0406         3
    1.2650    1.1713    0.0449         2
    1.2700    1.1400    0.0491         1
    1.2750    1.0780    0.0436         2
    1.2800    1.0741    0.0409         3
    1.2850    1.1074    0.0436         3
    1.2900    1.1612    0.0413         3
    1.2950    1.1753    0.0446         3
    1.3000    1.1496    0.0436         3
    1.3050    1.1491    0.0451         3
    1.3100    1.1655    0.0425         3
    1.3150    1.1977    0.0427         3
    1.3200    1.2137    0.0389         3
    1.3250    1.2324    0.0445         3
    1.3300    1.2321    0.0436         3
    1.3350    1.1857    0.0420         3
    1.3400    1.2212    0.0478         2
    1.3450    1.2346    0.0437         3
    1.3500    1.2462    0.0491         2
    1.3550    1.1835    0.0551         3
    1.3600    1.1844    0.0586         3
    1.3650    1.1669    0.0568         3
    1.3700    1.1715    0.0668         3
    1.3750    1.1542    0.0672         3
    1.3800    1.1448    0.0624         3
    1.3850    1.1699    0.0643         3
    1.3900    1.2382    0.0689         3
    1.3950    1.2807    0.0599         3
    1.4000    1.2586    0.0631         3
    1.4050    1.2801    0.0621         3
    1.4100    1.3222    0.0585         3
    1.4150    1.3061    0.0562         3
    1.4200    1.2273    0.0560         3
    1.4250    1.1598    0.0542         3
    1.4300    1.1637    0.0539         2
    1.4350    1.1690    0.0546         2
    1.4400    1.1579    0.0538         3
    1.4450   -1.0000   -1.0000         0
    1.4500    1.2055    0.0538         1
    1.4550    1.2287    0.0521         3
    1.4600    1.2562    0.0547         3
    1.4650    1.2282    0.0480         3
    1.4700    1.2521    0.0506         3
    1.4750    1.3147    0.0485         2
    1.4800    1.2807    0.0545         2
    1.4850    1.2135    0.0484         3
    1.4900    1.2432    0.0486         2
    1.4950    1.3766    0.0563         1
    1.5000    1.3289    0.0491         3
    1.5050    1.2751    0.0497         3
    1.5100    1.1821    0.0456         3
    1.5150    1.1970    0.0483         3
    1.5200    1.2537    0.0454         3
    1.5250    1.3083    0.0505         3
    1.5300    1.3869    0.0519         3
    1.5350    1.4144    0.0527         3
    1.5400    1.2823    0.0463         3
    1.5450    1.1892    0.0463         3
    1.5500    1.2519    0.0493         3
    1.5550    1.3015    0.0492         3
    1.5600    1.2919    0.0487         3
    1.5650    1.2094    0.0477         3
    1.5700    1.1580    0.0475         3
    1.5750    1.3011    0.0499         3
    1.5800    1.3871    0.0523         3
    1.5850    1.2644    0.0510         3
    1.5900    1.2341    0.0507         3
    1.5950    1.2907    0.0504         3
    1.6000    1.2611    0.0535         3
    1.6050    1.2428    0.0490         3
    1.6100    1.2684    0.0488         3
    1.6150    1.3364    0.0517         3
    1.6200    1.3643    0.0524         3
    1.6250    1.3367    0.0524         3
    1.6300    1.3234    0.0499         3
    1.6350    1.1804    0.0508         3
    1.6400    1.1367    0.0520         3
    1.6450    1.2581    0.0527         3
    1.6500    1.2386    0.0525         3
    1.6550    1.1885    0.0489         3
    1.6600    1.1689    0.0482         3
    1.6650    1.2075    0.0529         3
    1.6700    1.2393    0.0530         3
    1.6750    1.0979    0.0476         3
    1.6800    1.0921    0.0485         3
    1.6850    1.1129    0.0557         3
    1.6900    1.1129    0.0488         3
    1.6950    1.2501    0.0596         3
    1.7000    1.3634    0.0582         3
    1.7050    1.2894    0.0547         3
    1.7100    1.1082    0.0506         3
    1.7150    1.0814    0.0536         3
    1.7200    1.2110    0.0586         3
    1.7250    1.2523    0.0551         3
    1.7300    1.1732    0.0529         3
    1.7350    1.0807    0.0548         3
    1.7400    1.0279    0.0523         3
    1.7450    1.0232    0.0593         3
    1.7500    1.1089    0.0574         3
    1.7550    1.2387    0.0639         3
    1.7600    1.2448    0.0593         3
    1.7650    1.1341    0.0573         3
    1.7700    1.1549    0.0581         3
    1.7750    1.1409    0.0641         3
    1.7800    1.1635    0.0622         3
    1.7850    1.2293    0.0562         3
    1.7900    1.3236    0.0662         3
    1.7950    1.3455    0.0672         3
    1.8000    1.2613    0.0680         3
    1.8050    1.1763    0.0653         3
    1.8100    1.1097    0.0700         3
    1.8150    1.1244    0.0813         3
    1.8200    1.1313    0.0753         3
    1.8250    1.1461    0.0789         3
    1.8300    1.0930    0.0748         2
    1.8350    0.9596    0.1050         1
    1.8400    1.0374    0.0980         3
    1.8450    1.1279    0.1023         3
    1.8500    1.0891    0.0899         3
    1.8550    1.1772    0.1113         3
    1.8600    1.1930    0.0996         3
    1.8650    1.0981    0.0979         3
    1.8700    1.1210    0.1200         3
    1.8750    1.1490    0.1154         3
    1.8800    1.1458    0.1014         3
    1.8850    1.1408    0.0962         3
    1.8900    1.0900    0.0871         3
    1.8950    1.1411    0.0854         3
    1.9000    1.2699    0.0987         3
    1.9050    1.2544    0.1063         3
    1.9100    1.0924    0.1033         3
    1.9150    0.9630    0.0989         3
    1.9200    1.1518    0.0952         1
    1.9250    1.1548    0.0898         3
    1.9300    1.2010    0.1004         3
    1.9350    1.1079    0.0851         3
    1.9400    1.0005    0.0882         3
    1.9450    1.0808    0.0894         3
    1.9500    1.2285    0.0907         3
    1.9550    1.2387    0.1054         3
    1.9600    1.0631    0.0990         3
    1.9650    1.0096    0.0957         3
    1.9700    1.0387    0.0885         3
    1.9750    1.0710    0.0896         3
    1.9800    1.1865    0.0801         3
    1.9850    1.2347    0.0819         3
    1.9900    1.2222    0.0840         3
    1.9950   -1.0000   -1.0000         3
    2.0000    1.2655    0.1224         2
    2.0050    1.0304    0.1218         2
    2.0100    1.0886    0.1367         3
    2.0150    1.1372    0.1326         3
    2.0200    1.0878    0.1189         3
    2.0250    1.1766    0.0989         3
    2.0300    1.2200    0.0860         3
    2.0350    1.2687    0.0904         3
    2.0400   -1.0000   -1.0000         3
    2.0450    1.1652    0.0859         3
    2.0500    1.0527    0.0901         3
    2.0550    0.9958    0.0890         3
    2.0600    1.1483    0.1090         3
    2.0650    1.0813    0.1025         3
    2.0700    0.9221    0.0947         3
    2.0750    0.9750    0.0877         3
    2.0800    1.1082    0.0922         3
    2.0850    1.2065    0.0875         3
    2.0900    1.1480    0.0851         3
    2.0950    1.0749    0.0810         3
    2.1000    1.1614    0.0883         3
    2.1050    1.1916    0.0821         3
    2.1100    1.1317    0.0928         3
    2.1150    1.1985    0.0915         3
    2.1200    1.1041    0.0862         3
    2.1250    1.0428    0.0895         3
    2.1300    1.0524    0.0907         3
    2.1350    0.9985    0.0810         3
    2.1400    1.0281    0.0870         3
    2.1450    1.0286    0.0844         2
    2.1500    0.9806    0.0951         1
    2.1550    1.0413    0.0984         3
    2.1600    1.1177    0.0979         3
    2.1650    1.0736    0.1024         3
    2.1700    1.2144    0.0961         3
    2.1750    1.1378    0.0978         3
    2.1800    1.0941    0.0962         3
    2.1850    1.1739    0.1059         3
    2.1900    1.1600    0.0992         3
    2.1950    1.0889    0.0956         3
    2.2000    1.0412    0.0940         3
    2.2050    1.0719    0.0986         3
    2.2100    1.1130    0.0995         3
    2.2150    1.1358    0.1027         3
    2.2200    1.0848    0.0942         3
    2.2250    1.0849    0.0928         3
    2.2300    1.1571    0.1005         3
    2.2350    1.1411    0.0990         3
    2.2400    1.1820    0.1017         3
    2.2450    1.1520    0.1047         3
    2.2500    1.0303    0.0968         3
    2.2550    1.0755    0.1095         3
    2.2600    1.2009    0.1146         3
    2.2650    1.2841    0.1089         3
    2.2700    1.2828    0.1097         3
    2.2750    1.3490    0.1275         3
    2.2800    1.3327    0.1195         3
    2.2850    1.2731    0.1149         3
    2.2900    1.2626    0.1115         3
    2.2950    1.1115    0.1074         3
    2.3000    1.0946    0.1143         3
    2.3050    1.2415    0.1148         3
    2.3100    1.1993    0.1062         3
    2.3150    1.0847    0.1138         3
    2.3200    1.2411    0.1280         3
    2.3250    1.4543    0.1261         3
    2.3300    1.3152    0.1407         1
    2.3350    1.2676    0.1168         2
    2.3400    1.0885    0.1143         3
    2.3450    1.2485    0.1312         3
    2.3500    1.4302    0.1392         3
    2.3550    1.3165    0.1194         2
    2.3600   -1.0000   -1.0000         0
    2.3650   -1.0000   -1.0000         0
    2.3700    1.1128    0.1288         2
    2.3750   -1.0000   -1.0000         0
    2.3800    1.2960    0.1460         1
    2.3850    1.2248    0.1320         3
    2.3900    1.1995    0.1341         3
    2.3950    1.2283    0.1324         2
    2.4000    1.4803    0.1309         1
    2.4050   -1.0000   -1.0000         3
    2.4100   -1.0000   -1.0000         3
    2.4150    1.2203    0.1550         3
    2.4200    1.0624    0.1367         3
    2.4250    1.0266    0.1451         2
    2.4300    1.1105    0.1507         2
    2.4350   -1.0000   -1.0000         0
    2.4400    1.2467    0.1965         1
    2.4450    1.1754    0.1252         2
    2.4500    1.1365    0.1516         1
    2.4550    1.1032    0.1428         2
    2.4600    1.0193    0.1496         3
    2.4650   -1.0000   -1.0000         0
    2.4700   -1.0000   -1.0000         0
    2.4750   -1.0000   -1.0000         0
    2.4800   -1.0000   -1.0000         0
    2.4850   -1.0000   -1.0000         0
    2.4900   -1.0000   -1.0000         0
