0.8200 0.85203 0.00443
0.8250 0.85014 0.00425
0.8300 0.85653 0.00395
0.8350 0.85426 0.00381
0.8400 0.85494 0.00396
0.8450 0.85700 0.00382
0.8500 0.85919 0.00496
0.8550 0.85784 0.00472
0.8600 0.85923 0.00422
0.8650 0.85708 0.00404
0.8700 0.85512 0.00397
0.8750 0.85512 0.00458
0.8800 0.86668 0.00554
0.8850 0.86541 0.00485
0.8900 0.86167 0.00366
0.8950 0.86585 0.00338
0.9000 0.87155 0.00359
0.9050 0.87284 0.00352
0.9100 0.87187 0.00400
0.9150 0.87416 0.00371
0.9200 0.87439 0.00442
0.9250 0.87723 0.00519
0.9300 0.86592 0.00581
0.9350 0.88035 0.00578
0.9400 0.87547 0.00415
0.9450 0.86941 0.00433
0.9500 0.87999 0.00483
0.9550 0.89008 0.00388
0.9600 0.89931 0.00411
0.9650 0.89897 0.00428
0.9700 0.90099 0.00354
0.9750 0.90184 0.00316
0.9800 0.90293 0.00320
0.9850 0.90495 0.00326
0.9900 0.90872 0.00325
0.9950 0.91489 0.00304
1.0000 0.91676 0.00353
1.0050 0.91826 0.00317
1.0100 0.92095 0.00303
1.0150 0.92173 0.00301
1.0200 0.92176 0.00316
1.0250 0.92725 0.00305
1.0300 0.93081 0.00293
1.0350 0.93436 0.00286
1.0400 0.93486 0.00280
1.0450 0.93714 0.00320
1.0500 0.94205 0.00312
1.0550 0.94265 0.00303
1.0600 0.94304 0.00275
1.0650 0.94585 0.00292
1.0700 0.94707 0.00282
1.0750 0.94690 0.00283
1.0800 0.94801 0.00269
1.0850 0.95274 0.00273
1.0900 0.95649 0.00271
1.0950 0.95438 0.00303
1.1000 0.95527 0.00308
1.1050 0.95292 0.00382
1.1100 0.97010 0.00633
1.1150 0.96359 0.00622
1.1200 0.95987 0.00477
1.1250 0.96940 0.00635
1.1300 0.96493 0.00412
1.1350 0.97212 0.00439
1.1400 0.97473 0.00406
1.1450 0.97580 0.00395
1.1500 0.98491 0.00401
1.1550 0.98416 0.00500
1.1600 0.98608 0.00494
1.1650 0.99507 0.00438
1.1700 0.98840 0.00410
1.1750 0.98561 0.00339
1.1800 0.98927 0.00292
1.1850 0.99050 0.00295
1.1900 0.99186 0.00269
1.1950 0.99306 0.00293
1.2000 0.99542 0.00283
1.2050 0.99396 0.00288
1.2100 0.99611 0.00280
1.2150 1.00061 0.00302
1.2200 1.00282 0.00305
1.2250 1.00563 0.00283
1.2300 1.00491 0.00274
1.2350 1.00994 0.00279
1.2400 1.01219 0.00287
1.2450 1.01156 0.00285
1.2500 1.01380 0.00337
1.2550 1.01787 0.00374
1.2600 1.01365 0.00329
1.2650 1.01650 0.00331
1.2700 1.01420 0.00346
1.2750 1.02586 0.00364
1.2800 1.02347 0.00473
1.2850 1.01894 0.00494
1.2900 1.02088 0.00436
1.2950 1.02858 0.00505
1.3000 1.03081 0.00383
1.3050 1.02999 0.00381
1.3100 1.03472 0.00348
1.3150 1.03166 0.00363
1.3200 1.03624 0.00360
1.3250 1.03545 0.00353
1.3300 1.03532 0.00378
1.3450 1.03236 0.00897
1.3500 1.02889 0.00926
1.3700 1.03729 0.00888
1.3800 1.05948 0.00779
1.3900 1.04891 0.00772
1.3950 1.04991 0.00647
1.4000 1.05213 0.00650
1.4050 1.06156 0.00799
1.4150 1.06789 0.00747
1.4200 1.06145 0.00610
1.4250 1.05296 0.00525
1.4300 1.05464 0.00436
1.4400 1.06453 0.00659
1.4450 1.07203 0.00592
1.4500 1.06111 0.00550
1.4550 1.05576 0.00489
1.4600 1.06817 0.00490
1.4650 1.06991 0.00473
1.4700 1.07002 0.00543
1.4750 1.06925 0.00523
1.4800 1.07653 0.00582
1.4850 1.06294 0.00514
1.4900 1.07276 0.00555
1.4950 1.06935 0.00442
1.5000 1.06587 0.00312
1.5050 1.07461 0.00342
1.5100 1.07692 0.00397
1.5150 1.07616 0.00378
1.5200 1.08690 0.00373
1.5250 1.08629 0.00347
1.5300 1.08973 0.00370
1.5350 1.08888 0.00360
1.5400 1.09222 0.00378
1.5450 1.09339 0.00366
1.5500 1.09122 0.00385
1.5550 1.09336 0.00416
1.5600 1.08892 0.00415
1.5650 1.08847 0.00464
1.5700 1.09038 0.00470
1.5750 1.08535 0.00454
1.5800 1.09041 0.00438
1.5850 1.08688 0.00368
1.5900 1.09146 0.00435
1.5950 1.08812 0.00499
1.6000 1.09385 0.00577
1.6050 1.09567 0.00437
1.6100 1.09522 0.00397
1.6150 1.09704 0.00357
1.6200 1.09890 0.00363
1.6250 1.09796 0.00349
1.6300 1.10035 0.00432
1.6350 1.10025 0.00494
1.6400 1.10475 0.00629
1.6450 1.10536 0.00400
1.6500 1.10410 0.00412
1.6550 1.10653 0.00446
1.6600 1.10887 0.00459
1.6650 1.10760 0.00410
1.6700 1.11025 0.00472
1.6750 1.11192 0.00438
1.6800 1.11423 0.00420
1.6850 1.11835 0.00499
1.6900 1.12079 0.00511
1.6950 1.11747 0.00487
1.7000 1.11868 0.00431
1.7050 1.11459 0.00485
1.7100 1.12173 0.00459
1.7150 1.12817 0.00433
1.7200 1.12721 0.00439
1.7250 1.12697 0.00417
1.7300 1.13197 0.00397
1.7350 1.13471 0.00434
1.7400 1.13445 0.00456
1.7450 1.13657 0.00595
1.7500 1.13118 0.00556
1.7550 1.12793 0.00591
1.7600 1.13978 0.00863
1.7650 1.12966 0.00562
1.7700 1.12604 0.00490
1.7750 1.12476 0.00510
1.7800 1.12827 0.00436
1.7850 1.12284 0.00512
1.7900 1.11979 0.00657
1.7950 1.12728 0.00815
1.8000 1.13957 0.00917
1.8050 1.13866 0.00990
1.8100 1.13948 0.00830
1.8150 1.13221 0.01055
1.8200 1.15140 0.01415
1.8400 1.14331 0.01247
1.8450 1.13536 0.01080
1.8500 1.13847 0.00921
1.8550 1.13555 0.01152
1.8600 1.14371 0.01180
1.8650 1.13075 0.02003
1.8900 1.14906 0.00887
1.8950 1.14756 0.01540
1.9050 1.16266 0.01205
1.9150 1.14488 0.00924
1.9200 1.16332 0.00991
1.9250 1.13659 0.01094
1.9300 1.14953 0.01119
1.9350 1.16724 0.00917
1.9400 1.16713 0.00835
1.9450 1.16179 0.00792
1.9500 1.15035 0.01074
1.9550 1.15978 0.00776
1.9600 1.15638 0.00831
1.9650 1.15019 0.00975
1.9700 1.14733 0.00922
1.9750 1.14971 0.00826
1.9800 1.16036 0.00697
1.9850 1.15745 0.00644
2.0000 1.17075 0.01125
2.0050 1.16700 0.01143
2.0100 1.17649 0.00992
2.0200 1.16953 0.01025
2.0300 1.17242 0.00732
2.0350 1.17550 0.00630
2.0400 1.17315 0.00890
2.0450 1.17095 0.00878
2.0500 1.17254 0.01247
2.0600 1.18167 0.00779
2.0650 1.18191 0.00625
2.0750 1.19145 0.01408
2.0800 1.18099 0.01025
2.0850 1.18745 0.00926
2.0900 1.18330 0.00701
2.0950 1.18981 0.00634
2.1000 1.19216 0.00590
2.1050 1.19124 0.00615
2.1100 1.18964 0.00656
2.1150 1.19036 0.00635
2.1200 1.19322 0.00604
2.1250 1.19441 0.00630
2.1300 1.19536 0.00643
2.1350 1.19491 0.00638
2.1400 1.19756 0.00644
2.1450 1.19783 0.00655
2.1500 1.20109 0.00665
2.1550 1.19727 0.00691
2.1600 1.20319 0.00716
2.1650 1.20795 0.00759
2.1700 1.20804 0.00712
2.1750 1.20392 0.00645
2.1800 1.20399 0.00642
2.1850 1.20459 0.00662
2.1900 1.20752 0.00689
2.1950 1.20793 0.00658
2.2000 1.20688 0.00654
2.2050 1.21051 0.00767
2.2100 1.21445 0.00682
2.2150 1.21530 0.00694
2.2200 1.21138 0.00646
2.2250 1.21248 0.00687
2.2300 1.21251 0.00682
2.2350 1.21726 0.00683
2.2400 1.21775 0.00708
2.2450 1.21508 0.00728
2.2500 1.21406 0.00686
2.2550 1.22233 0.00858
2.2600 1.21627 0.00715
2.2650 1.21623 0.00713
2.2700 1.21379 0.00696
2.2750 1.21866 0.00708
2.2800 1.22123 0.00700
2.2850 1.22314 0.00706
2.2900 1.22231 0.00738
2.2950 1.22437 0.00767
2.3000 1.22585 0.00782
2.3050 1.23156 0.00831
2.3100 1.22947 0.00822
2.3150 1.22444 0.00852
2.3200 1.22730 0.00806
2.3250 1.22747 0.00800
2.3300 1.22556 0.00745
2.3350 1.22573 0.00772
2.3400 1.22450 0.00791
2.3450 1.22275 0.00779
2.3500 1.22398 0.00831
2.3550 1.23191 0.00897
2.3600 1.22845 0.00862
2.3650 1.23154 0.00934
2.3700 1.23440 0.00979
2.3750 1.23256 0.00838
2.3800 1.22959 0.00863
2.3850 1.22501 0.00820
2.3900 1.23010 0.00790
2.3950 1.23421 0.00825
2.4000 1.24001 0.00851
2.4050 1.23709 0.00807
2.4100 1.23989 0.00896
2.4150 1.22899 0.00985
2.4200 1.23703 0.00902
2.4250 1.23922 0.00889
2.4300 1.23543 0.01224
2.4350 1.24792 0.01091
2.4400 1.23922 0.00998
2.4450 1.22760 0.01117
2.4500 1.24333 0.01159
2.4550 1.24789 0.01201
2.4600 1.23685 0.00999
2.4650 1.25054 0.00879
2.4700 1.25167 0.00942
2.4750 1.23339 0.01069
2.4850 1.24400 0.01303
