0.8200 0.91849 0.00178
0.8250 0.91357 0.00225
0.8300 0.91481 0.00210
0.8350 0.91837 0.00191
0.8400 0.92351 0.00185
0.8450 0.91931 0.00244
0.8500 0.92337 0.00213
0.8550 0.92588 0.00205
0.8600 0.92476 0.00218
0.8650 0.92475 0.00200
0.8700 0.93045 0.00203
0.8750 0.93261 0.00224
0.8800 0.93366 0.00239
0.8850 0.93720 0.00224
0.8900 0.93832 0.00195
0.8950 0.93664 0.00178
0.9000 0.93650 0.00164
0.9050 0.94066 0.00167
0.9100 0.93749 0.00171
0.9150 0.94044 0.00175
0.9200 0.93712 0.00209
0.9250 0.94067 0.00212
0.9300 0.94094 0.00242
0.9350 0.94053 0.00173
0.9400 0.94829 0.00189
0.9450 0.95027 0.00198
0.9500 0.94585 0.00183
0.9550 0.94965 0.00185
0.9600 0.95027 0.00173
0.9650 0.95298 0.00174
0.9700 0.95171 0.00171
0.9750 0.95628 0.00158
0.9800 0.95555 0.00152
0.9850 0.95818 0.00154
0.9900 0.95863 0.00147
0.9950 0.96164 0.00145
1.0000 0.96078 0.00145
1.0050 0.96438 0.00144
1.0100 0.96553 0.00144
1.0150 0.96831 0.00143
1.0200 0.96746 0.00146
1.0250 0.96516 0.00148
1.0300 0.96506 0.00152
1.0350 0.96894 0.00144
1.0400 0.97127 0.00147
1.0450 0.97240 0.00143
1.0500 0.96939 0.00145
1.0550 0.97150 0.00141
1.0600 0.97583 0.00143
1.0650 0.97629 0.00144
1.0700 0.97638 0.00138
1.0750 0.97909 0.00137
1.0800 0.98100 0.00137
1.0850 0.97773 0.00141
1.0900 0.98013 0.00138
1.0950 0.98207 0.00140
1.1000 0.98489 0.00143
1.1050 0.98607 0.00160
1.1100 0.98197 0.00237
1.1150 0.97394 0.00278
1.1200 0.98527 0.00276
1.1250 0.98494 0.00210
1.1300 0.98677 0.00166
1.1350 0.98794 0.00162
1.1400 0.98748 0.00161
1.1450 0.99041 0.00170
1.1500 0.99071 0.00186
1.1550 0.98918 0.00183
1.1600 0.98938 0.00176
1.1650 0.99420 0.00167
1.1700 0.99616 0.00145
1.1750 0.99634 0.00135
1.1800 0.99792 0.00129
1.1850 0.99666 0.00131
1.1900 0.99521 0.00132
1.1950 0.99549 0.00128
1.2000 0.99774 0.00130
1.2050 0.99842 0.00129
1.2100 0.99767 0.00129
1.2150 1.00003 0.00129
1.2200 0.99972 0.00128
1.2250 1.00056 0.00130
1.2300 1.00287 0.00132
1.2350 1.00321 0.00133
1.2400 1.00403 0.00132
1.2450 1.00795 0.00130
1.2500 1.01033 0.00132
1.2550 1.00514 0.00148
1.2600 1.00412 0.00148
1.2650 1.00530 0.00153
1.2700 1.01109 0.00196
1.2750 1.01257 0.00208
1.2800 1.01114 0.00171
1.2850 1.01254 0.00168
1.2900 1.01349 0.00171
1.2950 1.01350 0.00163
1.3000 1.01448 0.00141
1.3050 1.01402 0.00142
1.3100 1.01432 0.00140
1.3150 1.01743 0.00142
1.3200 1.01884 0.00142
1.3250 1.01871 0.00146
1.3300 1.02086 0.00163
1.3350 1.01928 0.00202
1.3400 1.01519 0.00230
1.3450 1.02045 0.00267
1.3550 1.02081 0.00599
1.3600 1.02258 0.00408
1.3650 1.02321 0.00343
1.3700 1.02499 0.00357
1.3750 1.02650 0.00394
1.3800 1.02667 0.00291
1.3850 1.02764 0.00292
1.3900 1.03063 0.00311
1.3950 1.02738 0.00282
1.4000 1.02466 0.00262
1.4050 1.02945 0.00295
1.4100 1.02869 0.00371
1.4150 1.03705 0.00476
1.4200 1.03474 0.00269
1.4250 1.03543 0.00232
1.4300 1.03432 0.00183
1.4350 1.03326 0.00202
1.4400 1.03438 0.00207
1.4450 1.03471 0.00211
1.4500 1.03343 0.00209
1.4550 1.03560 0.00197
1.4600 1.03764 0.00196
1.4650 1.03702 0.00231
1.4700 1.04207 0.00207
1.4750 1.03853 0.00176
1.4800 1.03775 0.00180
1.4850 1.03746 0.00180
1.4900 1.04260 0.00188
1.4950 1.04267 0.00160
1.5000 1.04159 0.00166
1.5050 1.04267 0.00159
1.5100 1.04290 0.00154
1.5150 1.04393 0.00153
1.5200 1.04526 0.00156
1.5250 1.04333 0.00157
1.5300 1.04508 0.00153
1.5350 1.04732 0.00153
1.5400 1.04905 0.00152
1.5450 1.05120 0.00156
1.5500 1.04966 0.00153
1.5550 1.05316 0.00154
1.5600 1.05408 0.00176
1.5650 1.05501 0.00190
1.5700 1.05385 0.00187
1.5750 1.05362 0.00173
1.5800 1.05253 0.00177
1.5850 1.05377 0.00177
1.5900 1.05544 0.00167
1.5950 1.05792 0.00178
1.6000 1.06083 0.00170
1.6050 1.06117 0.00175
1.6100 1.06138 0.00169
1.6150 1.06154 0.00174
1.6200 1.06123 0.00187
1.6250 1.06016 0.00172
1.6300 1.06289 0.00184
1.6350 1.06482 0.00205
1.6400 1.06705 0.00177
1.6450 1.06732 0.00171
1.6500 1.07186 0.00170
1.6550 1.06971 0.00172
1.6600 1.06976 0.00174
1.6650 1.07030 0.00174
1.6700 1.07022 0.00185
1.6750 1.07355 0.00183
1.6800 1.07658 0.00189
1.6850 1.07905 0.00219
1.6900 1.07996 0.00207
1.6950 1.07635 0.00185
1.7000 1.07680 0.00179
1.7050 1.07753 0.00178
1.7100 1.08083 0.00186
1.7150 1.07971 0.00193
1.7200 1.08035 0.00188
1.7250 1.08372 0.00185
1.7300 1.08520 0.00187
1.7350 1.08620 0.00207
1.7400 1.09339 0.00225
1.7450 1.09139 0.00212
1.7500 1.08693 0.00210
1.7550 1.08847 0.00204
1.7600 1.09053 0.00209
1.7650 1.09167 0.00207
1.7700 1.09021 0.00203
1.7750 1.09668 0.00199
1.7800 1.09701 0.00210
1.7850 1.09911 0.00234
1.7900 1.09775 0.00241
1.7950 1.09833 0.00259
1.8000 1.09726 0.00339
1.8050 1.09477 0.00346
1.8100 1.09817 0.00323
1.8150 1.10634 0.00368
1.8200 1.10490 0.00399
1.8250 1.10651 0.00415
1.8300 1.10512 0.00507
1.8450 1.10922 0.00476
1.8500 1.11380 0.00424
1.8550 1.11893 0.00502
1.8600 1.11093 0.00385
1.8650 1.11302 0.00664
1.8700 1.10535 0.00560
1.8750 1.11857 0.00619
1.8850 1.12523 0.00525
1.8900 1.12323 0.00384
1.8950 1.12592 0.00564
1.9000 1.11652 0.00531
1.9050 1.12005 0.00438
1.9100 1.11646 0.00471
1.9200 1.13327 0.00512
1.9250 1.13088 0.00445
1.9300 1.12738 0.00359
1.9350 1.12629 0.00341
1.9400 1.12826 0.00296
1.9450 1.12846 0.00328
1.9500 1.12349 0.00436
1.9550 1.12827 0.00373
1.9600 1.12377 0.00420
1.9650 1.13099 0.00401
1.9700 1.13980 0.00449
1.9750 1.14199 0.00395
1.9800 1.14163 0.00291
1.9850 1.13751 0.00278
1.9900 1.14904 0.00355
1.9950 1.13725 0.00480
2.0000 1.14591 0.00711
2.0050 1.14508 0.00567
2.0100 1.14279 0.00426
2.0150 1.14807 0.00488
2.0200 1.14843 0.00543
2.0250 1.15127 0.00462
2.0300 1.15575 0.00354
2.0350 1.14700 0.00276
2.0400 1.15323 0.00340
2.0450 1.14591 0.00435
2.0500 1.15154 0.00451
2.0550 1.15982 0.00376
2.0600 1.15648 0.00302
2.0650 1.15318 0.00316
2.0700 1.15589 0.00350
2.0750 1.16366 0.00424
2.0800 1.16184 0.00296
2.0850 1.16033 0.00269
2.0900 1.16217 0.00267
2.0950 1.16629 0.00271
2.1000 1.16410 0.00279
2.1050 1.16466 0.00274
2.1100 1.16587 0.00286
2.1150 1.16472 0.00277
2.1200 1.16738 0.00277
2.1250 1.16905 0.00279
2.1300 1.17144 0.00280
2.1350 1.17281 0.00279
2.1400 1.17290 0.00282
2.1450 1.17161 0.00289
2.1500 1.17583 0.00291
2.1550 1.17602 0.00294
2.1600 1.17611 0.00312
2.1650 1.17632 0.00296
2.1700 1.17845 0.00311
2.1750 1.18086 0.00304
2.1800 1.18031 0.00301
2.1850 1.18001 0.00304
2.1900 1.18202 0.00305
2.1950 1.18461 0.00310
2.2000 1.18520 0.00309
2.2050 1.18558 0.00324
2.2100 1.18873 0.00323
2.2150 1.18885 0.00318
2.2200 1.18720 0.00324
2.2250 1.19145 0.00320
2.2300 1.19048 0.00322
2.2350 1.19286 0.00325
2.2400 1.19457 0.00326
2.2450 1.19643 0.00330
2.2500 1.19697 0.00334
2.2550 1.19713 0.00338
2.2600 1.19804 0.00340
2.2650 1.20113 0.00344
2.2700 1.20116 0.00344
2.2750 1.20109 0.00348
2.2800 1.20253 0.00353
2.2850 1.20323 0.00351
2.2900 1.20673 0.00358
2.2950 1.20905 0.00359
2.3000 1.21078 0.00369
2.3050 1.21315 0.00392
2.3100 1.21184 0.00385
2.3150 1.21073 0.00403
2.3200 1.21101 0.00402
2.3250 1.21546 0.00387
2.3300 1.21442 0.00375
2.3350 1.21717 0.00378
2.3400 1.21638 0.00388
2.3450 1.21831 0.00390
2.3500 1.21590 0.00396
2.3550 1.21530 0.00419
2.3600 1.21644 0.00407
2.3650 1.22468 0.00454
2.3700 1.22466 0.00423
2.3750 1.22111 0.00446
2.3800 1.22444 0.00414
2.3850 1.22630 0.00402
2.3900 1.22950 0.00407
2.3950 1.22987 0.00431
2.4000 1.23002 0.00403
2.4050 1.22792 0.00398
2.4100 1.23110 0.00419
2.4150 1.23194 0.00435
2.4200 1.23746 0.00501
2.4250 1.23809 0.00465
2.4300 1.23458 0.00450
2.4350 1.23509 0.00443
2.4400 1.23614 0.00471
2.4450 1.23585 0.00515
2.4500 1.23486 0.00452
2.4550 1.23972 0.00517
2.4600 1.24057 0.00447
2.4650 1.24656 0.00450
2.4700 1.24573 0.00457
2.4750 1.24079 0.00452
2.4800 1.25041 0.00495
2.4850 1.24789 0.00541
2.4900 1.24886 0.00512
