0.8200 0.93962 0.00385
0.8250 0.94273 0.00362
0.8300 0.94420 0.00364
0.8350 0.94254 0.00369
0.8400 0.94445 0.00349
0.8450 0.94700 0.00357
0.8500 0.94836 0.00354
0.8550 0.94709 0.00369
0.8600 0.95096 0.00379
0.8650 0.95100 0.00364
0.8700 0.95350 0.00363
0.8750 0.95470 0.00370
0.8800 0.95298 0.00398
0.8850 0.95676 0.00348
0.8900 0.95935 0.00331
0.8950 0.96007 0.00336
0.9000 0.95873 0.00317
0.9050 0.95837 0.00314
0.9100 0.95854 0.00313
0.9150 0.95874 0.00317
0.9200 0.95509 0.00346
0.9250 0.95427 0.00392
0.9300 0.96061 0.00365
0.9350 0.96934 0.00348
0.9400 0.96878 0.00361
0.9450 0.96871 0.00359
0.9500 0.97128 0.00325
0.9550 0.97302 0.00322
0.9600 0.96740 0.00321
0.9650 0.96839 0.00309
0.9700 0.97014 0.00293
0.9750 0.97074 0.00292
0.9800 0.97392 0.00295
0.9850 0.97555 0.00290
0.9900 0.97312 0.00285
0.9950 0.97732 0.00283
1.0000 0.97818 0.00281
1.0050 0.97783 0.00278
1.0100 0.97955 0.00275
1.0150 0.98267 0.00275
1.0200 0.97938 0.00272
1.0250 0.98243 0.00272
1.0300 0.98001 0.00272
1.0350 0.98080 0.00270
1.0400 0.98124 0.00270
1.0450 0.98045 0.00272
1.0500 0.98013 0.00273
1.0550 0.97942 0.00268
1.0600 0.97984 0.00267
1.0650 0.98499 0.00273
1.0700 0.98475 0.00265
1.0750 0.98964 0.00265
1.0800 0.99175 0.00266
1.0850 0.98653 0.00262
1.0900 0.98955 0.00261
1.0950 0.99044 0.00260
1.1000 0.99012 0.00258
1.1050 0.98834 0.00272
1.1100 0.98693 0.00304
1.1150 0.99574 0.00356
1.1200 0.99749 0.00357
1.1250 0.99806 0.00368
1.1300 0.99683 0.00343
1.1350 0.99439 0.00376
1.1400 0.98416 0.00425
1.1450 0.98665 0.00360
1.1500 0.99836 0.00322
1.1550 0.99195 0.00329
1.1600 0.99110 0.00342
1.1650 1.00035 0.00346
1.1700 0.99697 0.00278
1.1750 0.99808 0.00260
1.1800 1.00067 0.00275
1.1850 0.99751 0.00260
1.1900 1.00094 0.00266
1.1950 0.99684 0.00260
1.2000 1.00148 0.00261
1.2050 1.00237 0.00254
1.2100 1.00067 0.00254
1.2150 1.00156 0.00273
1.2200 0.99889 0.00254
1.2250 1.00332 0.00253
1.2300 0.99800 0.00255
1.2350 0.99992 0.00258
1.2400 0.99780 0.00257
1.2450 0.99667 0.00252
1.2500 1.00006 0.00254
1.2550 0.99381 0.00256
1.2600 1.00207 0.00268
1.2650 1.00022 0.00281
1.2700 0.99911 0.00269
1.2750 0.99740 0.00272
1.2800 0.99954 0.00264
1.2850 1.00638 0.00255
1.2900 0.99979 0.00259
1.2950 1.00058 0.00255
1.3000 1.00258 0.00262
1.3050 1.00076 0.00271
1.3100 1.00275 0.00260
1.3150 1.00365 0.00278
1.3200 1.00305 0.00299
1.3250 0.99241 0.00280
1.3300 0.99332 0.00273
1.3350 0.99222 0.00301
1.3400 0.99203 0.00386
1.3700 1.00745 0.00592
1.3750 1.00820 0.00663
1.3800 1.00743 0.00625
1.3900 1.00427 0.00638
1.3950 0.99380 0.00571
1.4250 1.00648 0.00403
1.4300 1.00611 0.00362
1.4350 1.00401 0.00334
1.4400 1.00777 0.00369
1.4450 0.99940 0.00381
1.4500 0.99561 0.00377
1.4550 0.99698 0.00374
1.4600 0.99425 0.00288
1.4650 1.00547 0.00341
1.4700 1.00438 0.00334
1.4750 0.99851 0.00287
1.4800 1.00614 0.00317
1.4850 1.00645 0.00305
1.4900 1.00351 0.00293
1.4950 1.00259 0.00290
1.5000 1.00303 0.00274
1.5050 1.00585 0.00272
1.5100 1.00122 0.00273
1.5150 1.00303 0.00274
1.5200 1.00191 0.00272
1.5250 0.99735 0.00270
1.5300 1.00095 0.00277
1.5350 0.99633 0.00279
1.5400 0.99911 0.00278
1.5450 0.99795 0.00276
1.5500 0.99875 0.00277
1.5550 1.00320 0.00278
1.5600 0.99778 0.00290
1.5650 0.99465 0.00286
1.5700 1.00319 0.00310
1.5750 1.00169 0.00289
1.5800 1.00164 0.00283
1.5850 1.00385 0.00285
1.5900 1.00209 0.00281
1.5950 1.00264 0.00284
1.6000 1.00097 0.00297
1.6050 1.00305 0.00291
1.6100 0.99988 0.00285
1.6150 0.99967 0.00302
1.6200 1.00189 0.00308
1.6250 0.99782 0.00283
1.6300 0.99433 0.00285
1.6350 0.99426 0.00308
1.6400 0.99336 0.00290
1.6450 0.99659 0.00289
1.6500 0.99876 0.00294
1.6550 0.99104 0.00292
1.6600 0.99217 0.00301
1.6650 0.98983 0.00304
1.6700 0.98842 0.00310
1.6750 0.99094 0.00297
1.6800 0.99270 0.00303
1.6850 0.98900 0.00302
1.6900 0.98893 0.00305
1.6950 0.98726 0.00308
1.7000 0.98934 0.00309
1.7050 0.98813 0.00309
1.7100 0.99040 0.00322
1.7150 0.98668 0.00316
1.7200 0.98764 0.00310
1.7250 0.98462 0.00310
1.7300 0.98568 0.00313
1.7350 0.98514 0.00316
1.7400 0.98603 0.00317
1.7450 0.98783 0.00325
1.7500 0.98492 0.00323
1.7550 0.98676 0.00320
1.7600 0.99161 0.00326
1.7650 0.98569 0.00325
1.7700 0.98799 0.00343
1.7750 0.99323 0.00339
1.7800 0.98889 0.00337
1.7850 0.98902 0.00347
1.7900 0.98554 0.00356
1.7950 0.97764 0.00435
1.8000 0.98642 0.00458
1.8100 0.98235 0.00459
1.8200 0.98218 0.00536
1.8400 0.98921 0.00769
1.8450 0.97836 0.00685
1.8500 0.98241 0.00678
1.8550 0.99118 0.00626
1.8600 0.98064 0.00617
1.8700 0.97974 0.00817
1.9000 0.97651 0.00740
1.9050 0.98322 0.00711
1.9150 0.97984 0.00727
1.9200 0.97446 0.00847
1.9250 0.98287 0.00636
1.9300 0.97557 0.00534
1.9350 0.97901 0.00511
1.9400 0.98128 0.00473
1.9450 0.97474 0.00512
1.9500 0.96695 0.00544
1.9550 0.96889 0.00547
1.9600 0.97199 0.00519
1.9650 0.97320 0.00577
1.9700 0.97594 0.00610
1.9750 0.97299 0.00463
1.9800 0.96757 0.00419
1.9850 0.97116 0.00423
1.9900 0.96341 0.00520
2.0000 0.96232 0.00780
2.0150 0.96017 0.00686
2.0200 0.97527 0.00790
2.0250 0.97247 0.00692
2.0300 0.96264 0.00470
2.0350 0.96041 0.00416
2.0400 0.95952 0.00464
2.0500 0.95703 0.00523
2.0550 0.96453 0.00509
2.0600 0.96029 0.00457
2.0650 0.95818 0.00454
2.0700 0.96345 0.00478
2.0750 0.96303 0.00474
2.0800 0.95697 0.00439
2.0850 0.95710 0.00425
2.0900 0.96385 0.00424
2.0950 0.96542 0.00424
2.1000 0.96379 0.00425
2.1050 0.96515 0.00426
2.1100 0.96501 0.00431
2.1150 0.96571 0.00430
2.1200 0.96582 0.00433
2.1250 0.96179 0.00431
2.1300 0.96373 0.00433
2.1350 0.96275 0.00436
2.1400 0.96134 0.00437
2.1450 0.96200 0.00440
2.1500 0.96311 0.00443
2.1550 0.95931 0.00445
2.1600 0.95924 0.00449
2.1650 0.95991 0.00456
2.1700 0.95722 0.00461
2.1750 0.95649 0.00464
2.1800 0.95698 0.00461
2.1850 0.95720 0.00464
2.1900 0.95617 0.00483
2.1950 0.95438 0.00465
2.2000 0.95684 0.00473
2.2050 0.95785 0.00482
2.2100 0.95439 0.00484
2.2150 0.95276 0.00486
2.2200 0.94932 0.00483
2.2250 0.95144 0.00485
2.2300 0.95346 0.00488
2.2350 0.95222 0.00492
2.2400 0.94704 0.00495
2.2450 0.94975 0.00500
2.2500 0.95111 0.00504
2.2550 0.94977 0.00506
2.2600 0.94753 0.00511
2.2650 0.94948 0.00516
2.2700 0.94707 0.00519
2.2750 0.94809 0.00524
2.2800 0.94946 0.00527
2.2850 0.94702 0.00530
2.2900 0.94418 0.00529
2.2950 0.94267 0.00532
2.3000 0.94320 0.00538
2.3050 0.94334 0.00542
2.3100 0.93743 0.00560
2.3150 0.94420 0.00557
2.3200 0.94522 0.00554
2.3250 0.93925 0.00551
2.3300 0.93978 0.00552
2.3350 0.94197 0.00551
2.3400 0.94503 0.00555
2.3450 0.94378 0.00560
2.3500 0.94304 0.00568
2.3550 0.93848 0.00573
2.3600 0.93701 0.00588
2.3650 0.93957 0.00582
2.3700 0.94400 0.00597
2.3750 0.94348 0.00585
2.3800 0.93566 0.00586
2.3850 0.93660 0.00583
2.3900 0.94181 0.00589
2.3950 0.94058 0.00590
2.4000 0.93815 0.00585
2.4050 0.94226 0.00586
2.4100 0.94337 0.00593
2.4150 0.94620 0.00624
2.4200 0.94529 0.00608
2.4250 0.93874 0.00607
2.4300 0.93447 0.00611
2.4400 0.94471 0.00619
2.4450 0.94109 0.00634
2.4500 0.94226 0.00652
2.4550 0.94441 0.00670
2.4600 0.93874 0.00629
2.4650 0.94221 0.00624
2.4700 0.94827 0.00636
2.4750 0.94668 0.00644
2.4800 0.95533 0.00700
2.4850 0.95323 0.00700
2.4900 0.95520 0.00729
