    0.8200    0.8759    0.0069         2
    0.8250    0.8834    0.0068         2
    0.8300    0.8796    0.0067         2
    0.8350    0.8843    0.0066         2
    0.8400    0.8836    0.0065         2
    0.8450    0.8871    0.0066         2
    0.8500    0.8851    0.0067         2
    0.8550    0.8784    0.0072         2
    0.8600    0.8813    0.0070         2
    0.8650    0.8752    0.0067         2
    0.8700    0.8622    0.0067         1
    0.8750    0.8760    0.0072         1
    0.8800    0.8858    0.0063         2
    0.8850    0.8846    0.0064         2
    0.8900    0.8815    0.0064         2
    0.8950    0.8917    0.0060         2
    0.9000    0.9061    0.0061         2
    0.9050    0.9107    0.0059         2
    0.9100    0.9062    0.0059         2
    0.9150    0.9142    0.0060         2
    0.9200    0.9090    0.0061         2
    0.9250    0.9047    0.0069         2
    0.9300    0.9034    0.0066         2
    0.9350    0.8896    0.0064         1
    0.9400   -1.0000   -1.0000         0
    0.9450    0.8994    0.0062         2
    0.9500    0.9150    0.0060         2
    0.9550    0.9368    0.0068         1
    0.9600    0.9302    0.0057         2
    0.9650    0.9288    0.0055         2
    0.9700    0.9299    0.0054         2
    0.9750    0.9255    0.0053         2
    0.9800    0.9148    0.0052         2
    0.9850    0.9189    0.0053         2
    0.9900    0.9207    0.0052         2
    0.9950    0.9264    0.0051         2
    1.0000    0.9290    0.0050         2
    1.0050    0.9379    0.0052         2
    1.0100    0.9380    0.0053         2
    1.0150    0.9362    0.0052         2
    1.0200    0.9377    0.0049         2
    1.0250    0.9398    0.0049         2
    1.0300    0.9327    0.0050         2
    1.0350    0.9349    0.0050         2
    1.0400    0.9363    0.0049         2
    1.0450    0.9438    0.0049         2
    1.0500    0.9511    0.0049         2
    1.0550    0.9499    0.0048         2
    1.0600    0.9514    0.0049         2
    1.0650    0.9481    0.0048         2
    1.0700    0.9423    0.0048         2
    1.0750    0.9491    0.0047         2
    1.0800    0.9527    0.0047         2
    1.0850    0.9559    0.0049         2
    1.0900    0.9558    0.0049         2
    1.0950    0.9474    0.0047         2
    1.1000    0.9503    0.0049         2
    1.1050    0.9523    0.0049         2
    1.1100    0.9669    0.0063         2
    1.1150    0.9805    0.0064         1
    1.1200    0.9688    0.0061         2
    1.1250    0.9602    0.0057         2
    1.1300    0.9604    0.0056         2
    1.1350    0.9653    0.0058         2
    1.1400    0.9756    0.0056         2
    1.1450    0.9778    0.0055         2
    1.1500    0.9725    0.0054         2
    1.1550    0.9799    0.0051         2
    1.1600    0.9806    0.0050         2
    1.1650    0.9846    0.0047         2
    1.1700    0.9839    0.0045         2
    1.1750    0.9826    0.0045         2
    1.1800    0.9889    0.0045         2
    1.1850    0.9931    0.0048         2
    1.1900    0.9913    0.0046         2
    1.1950    0.9921    0.0044         2
    1.2000    0.9958    0.0045         2
    1.2050    0.9925    0.0045         2
    1.2100    0.9953    0.0046         2
    1.2150    1.0023    0.0046         2
    1.2200    0.9990    0.0044         2
    1.2250    1.0016    0.0044         2
    1.2300    1.0010    0.0045         2
    1.2350    1.0113    0.0045         2
    1.2400    1.0153    0.0046         2
    1.2450    1.0105    0.0046         2
    1.2500    1.0147    0.0045         2
    1.2550    1.0113    0.0047         2
    1.2600    1.0112    0.0046         2
    1.2650    1.0125    0.0055         2
    1.2700    1.0112    0.0050         2
    1.2750    1.0134    0.0045         2
    1.2800    1.0129    0.0046         2
    1.2850    1.0137    0.0044         2
    1.2900    1.0177    0.0044         2
    1.2950    1.0200    0.0044         2
    1.3000    1.0219    0.0045         2
    1.3050    1.0190    0.0048         2
    1.3100    1.0132    0.0048         2
    1.3150    1.0218    0.0047         2
    1.3200    1.0294    0.0048         2
    1.3250    1.0383    0.0049         2
    1.3300    1.0441    0.0053         2
    1.3350    1.0508    0.0062         2
    1.3400    1.0356    0.0071         2
    1.3450   -1.0000   -1.0000         0
    1.3500   -1.0000   -1.0000         0
    1.3550    1.0375    0.0134         2
    1.3600    1.0354    0.0182         2
    1.3650    1.0266    0.0172         1
    1.3700   -1.0000   -1.0000         0
    1.3750    1.0444    0.0169         2
    1.3800    1.0423    0.0134         1
    1.3850    1.0323    0.0157         1
    1.3900    1.0449    0.0127         2
    1.3950    1.0523    0.0128         1
    1.4000    1.0555    0.0120         2
    1.4050    1.0571    0.0115         2
    1.4100    1.0542    0.0109         2
    1.4150    1.0563    0.0099         1
    1.4200    1.0637    0.0084         1
    1.4250    1.0556    0.0074         2
    1.4300    1.0652    0.0071         1
    1.4350   -1.0000   -1.0000         0
    1.4400    1.0678    0.0068         2
    1.4450    1.0597    0.0072         2
    1.4500    1.0630    0.0064         2
    1.4550    1.0676    0.0062         2
    1.4600    1.0668    0.0069         2
    1.4650    1.0678    0.0069         2
    1.4700    1.0657    0.0062         2
    1.4750    1.0676    0.0061         2
    1.4800    1.0714    0.0062         2
    1.4850    1.0766    0.0061         2
    1.4900    1.0759    0.0059         2
    1.4950    1.0688    0.0055         2
    1.5000    1.0682    0.0056         2
    1.5050    1.0696    0.0056         2
    1.5100    1.0709    0.0056         2
    1.5150    1.0695    0.0058         2
    1.5200    1.0762    0.0055         2
    1.5250    1.0760    0.0054         2
    1.5300    1.0794    0.0058         2
    1.5350    1.0847    0.0057         2
    1.5400    1.0927    0.0054         2
    1.5450    1.0912    0.0056         2
    1.5500    1.0903    0.0058         2
    1.5550    1.0948    0.0055         2
    1.5600    1.0936    0.0054         2
    1.5650    1.0918    0.0059         2
    1.5700    1.0883    0.0060         2
    1.5750    1.0874    0.0058         2
    1.5800    1.0832    0.0057         2
    1.5850    1.0955    0.0057         2
    1.5900    1.1011    0.0056         2
    1.5950    1.1034    0.0057         2
    1.6000    1.0951    0.0056         2
    1.6050    1.1032    0.0057         2
    1.6100    1.1041    0.0058         2
    1.6150    1.1027    0.0061         2
    1.6200    1.1018    0.0059         2
    1.6250    1.1009    0.0059         2
    1.6300    1.1098    0.0060         2
    1.6350    1.1189    0.0061         2
    1.6400    1.1053    0.0064         2
    1.6450    1.1057    0.0062         2
    1.6500    1.1174    0.0060         2
    1.6550    1.1220    0.0062         2
    1.6600    1.1304    0.0064         2
    1.6650    1.1247    0.0061         2
    1.6700    1.1253    0.0063         2
    1.6750    1.1292    0.0066         2
    1.6800    1.1215    0.0065         2
    1.6850    1.1314    0.0065         2
    1.6900    1.1308    0.0065         2
    1.6950    1.1147    0.0063         2
    1.7000    1.1201    0.0068         2
    1.7050    1.1190    0.0069         2
    1.7100    1.1244    0.0069         2
    1.7150    1.1335    0.0066         2
    1.7200    1.1358    0.0069         2
    1.7250    1.1378    0.0078         2
    1.7300    1.1487    0.0068         2
    1.7350    1.1498    0.0070         2
    1.7400    1.1545    0.0073         1
    1.7450    1.1511    0.0069         2
    1.7500    1.1598    0.0069         2
    1.7550    1.1503    0.0072         2
    1.7600    1.1469    0.0076         2
    1.7650    1.1490    0.0073         2
    1.7700    1.1438    0.0075         2
    1.7750    1.1484    0.0074         2
    1.7800    1.1585    0.0076         2
    1.7850    1.1591    0.0083         2
    1.7900    1.1634    0.0084         2
    1.7950    1.1568    0.0091         2
    1.8000    1.1647    0.0101         2
    1.8050    1.1611    0.0107         2
    1.8100    1.1584    0.0120         2
    1.8150    1.1679    0.0132         2
    1.8200    1.1773    0.0160         2
    1.8250    1.1658    0.0168         1
    1.8300    1.1666    0.0251         2
    1.8350   -1.0000   -1.0000         0
    1.8400    1.1786    0.0347         2
    1.8450    1.1797    0.0294         1
    1.8500    1.1839    0.0276         1
    1.8550    1.1761    0.0315         2
    1.8600   -1.0000   -1.0000         0
    1.8650    1.1805    0.0303         1
    1.8700    1.1958    0.0355         1
    1.8750    1.1843    0.0406         1
    1.8800    1.1964    0.0256         1
    1.8850    1.1917    0.0213         2
    1.8900    1.1835    0.0245         1
    1.8950    1.1762    0.0290         1
    1.9000   -1.0000   -1.0000         0
    1.9050    1.1872    0.0307         2
    1.9100   -1.0000   -1.0000         0
    1.9150   -1.0000   -1.0000         0
    1.9200    1.1968    0.0234         1
    1.9250    1.2016    0.0170         2
    1.9300    1.1968    0.0164         2
    1.9350    1.1966    0.0146         2
    1.9400    1.2031    0.0138         2
    1.9450    1.1998    0.0138         1
    1.9500    1.2022    0.0134         2
    1.9550    1.2016    0.0135         2
    1.9600    1.2139    0.0139         2
    1.9650    1.2210    0.0124         1
    1.9700    1.2121    0.0112         2
    1.9750    1.2144    0.0101         2
    1.9800    1.2114    0.0098         2
    1.9850    1.2128    0.0098         2
    1.9900    1.2087    0.0106         2
    1.9950    1.2097    0.0129         1
    2.0000    1.2191    0.0144         2
    2.0050   -1.0000   -1.0000         0
    2.0100    1.2251    0.0140         2
    2.0150    1.2275    0.0130         2
    2.0200    1.2092    0.0131         2
    2.0250    1.2196    0.0114         2
    2.0300    1.2298    0.0106         2
    2.0350    1.2252    0.0099         2
    2.0400    1.2314    0.0100         2
    2.0450    1.2205    0.0118         1
    2.0500    1.2231    0.0118         2
    2.0550    1.2288    0.0111         2
    2.0600    1.2394    0.0112         2
    2.0650    1.2325    0.0108         2
    2.0700    1.2364    0.0107         2
    2.0750    1.2320    0.0105         2
    2.0800    1.2379    0.0104         2
    2.0850    1.2453    0.0103         2
    2.0900    1.2344    0.0102         2
    2.0950    1.2421    0.0103         2
    2.1000    1.2472    0.0103         2
    2.1050    1.2548    0.0113         2
    2.1100    1.2471    0.0108         2
    2.1150    1.2471    0.0107         2
    2.1200    1.2527    0.0106         2
    2.1250    1.2506    0.0106         2
    2.1300    1.2502    0.0106         2
    2.1350    1.2603    0.0107         2
    2.1400    1.2623    0.0109         1
    2.1450    1.2461    0.0107         2
    2.1500    1.2507    0.0110         2
    2.1550    1.2447    0.0117         2
    2.1600    1.2630    0.0115         2
    2.1650    1.2656    0.0114         2
    2.1700    1.2589    0.0114         2
    2.1750    1.2523    0.0114         2
    2.1800    1.2572    0.0119         2
    2.1850    1.2642    0.0115         2
    2.1900    1.2758    0.0118         2
    2.1950    1.2601    0.0120         2
    2.2000    1.2578    0.0120         2
    2.2050    1.2527    0.0119         2
    2.2100    1.2578    0.0119         2
    2.2150    1.2691    0.0123         2
    2.2200    1.2675    0.0122         2
    2.2250    1.2668    0.0124         2
    2.2300    1.2663    0.0125         2
    2.2350    1.2736    0.0124         2
    2.2400    1.2714    0.0126         2
    2.2450    1.2807    0.0129         2
    2.2500    1.2777    0.0134         2
    2.2550    1.2778    0.0132         2
    2.2600    1.2709    0.0131         2
    2.2650    1.2684    0.0136         2
    2.2700    1.2810    0.0134         2
    2.2750    1.2861    0.0134         2
    2.2800    1.2848    0.0138         2
    2.2850    1.2809    0.0137         2
    2.2900    1.2930    0.0143         2
    2.2950    1.2812    0.0139         2
    2.3000    1.2694    0.0138         2
    2.3050    1.2877    0.0140         2
    2.3100    1.2832    0.0139         2
    2.3150    1.2902    0.0146         2
    2.3200    1.2858    0.0145         2
    2.3250    1.2932    0.0145         2
    2.3300    1.2978    0.0149         2
    2.3350    1.2964    0.0148         2
    2.3400    1.2964    0.0149         2
    2.3450    1.2967    0.0160         2
    2.3500    1.2816    0.0159         2
    2.3550    1.2891    0.0154         2
    2.3600    1.2940    0.0158         2
    2.3650   -1.0000   -1.0000         0
    2.3700    1.3006    0.0161         2
    2.3750    1.2934    0.0163         2
    2.3800    1.2972    0.0163         2
    2.3850    1.2912    0.0169         1
    2.3900    1.3086    0.0164         1
    2.3950    1.2894    0.0165         2
    2.4000    1.3096    0.0161         2
    2.4050   -1.0000   -1.0000         0
    2.4100    1.3041    0.0175         2
    2.4150   -1.0000   -1.0000         0
    2.4200    1.3111    0.0180         1
    2.4250    1.3016    0.0173         2
    2.4300   -1.0000   -1.0000         0
    2.4350   -1.0000   -1.0000         0
    2.4400   -1.0000   -1.0000         0
    2.4450   -1.0000   -1.0000         0
    2.4500   -1.0000   -1.0000         0
    2.4550   -1.0000   -1.0000         0
    2.4600   -1.0000   -1.0000         0
    2.4650   -1.0000   -1.0000         0
    2.4700   -1.0000   -1.0000         0
    2.4750   -1.0000   -1.0000         0
    2.4800   -1.0000   -1.0000         0
    2.4850   -1.0000   -1.0000         0
    2.4900   -1.0000   -1.0000         0
