    0.8200   -1.0000   -1.0000         0
    0.8250    0.9016    0.0106         2
    0.8300    0.8868    0.0104         2
    0.8350    0.8853    0.0105         2
    0.8400    0.8785    0.0105         2
    0.8450    0.8771    0.0105         2
    0.8500    0.8737    0.0101         2
    0.8550    0.8654    0.0100         1
    0.8600   -1.0000   -1.0000         0
    0.8650    0.8473    0.0116         2
    0.8700    0.8459    0.0099         2
    0.8750    0.8462    0.0104         2
    0.8800    0.8359    0.0109         2
    0.8850    0.8280    0.0095         2
    0.8900    0.8333    0.0090         2
    0.8950    0.8319    0.0090         2
    0.9000    0.8362    0.0093         2
    0.9050    0.8385    0.0088         2
    0.9100    0.8348    0.0085         2
    0.9150    0.8328    0.0088         2
    0.9200    0.8292    0.0092         2
    0.9250    0.8295    0.0090         2
    0.9300    0.8236    0.0090         2
    0.9350    0.8305    0.0092         2
    0.9400    0.8300    0.0094         2
    0.9450    0.8229    0.0096         2
    0.9500    0.8219    0.0086         2
    0.9550    0.8243    0.0094         2
    0.9600    0.8301    0.0092         2
    0.9650    0.8283    0.0085         2
    0.9700    0.8302    0.0079         2
    0.9750    0.8352    0.0079         2
    0.9800    0.8333    0.0078         2
    0.9850    0.8412    0.0076         2
    0.9900    0.8389    0.0075         2
    0.9950    0.8473    0.0075         2
    1.0000    0.8508    0.0074         2
    1.0050    0.8511    0.0072         2
    1.0100    0.8589    0.0073         2
    1.0150    0.8684    0.0073         2
    1.0200    0.8693    0.0081         2
    1.0250    0.8702    0.0072         2
    1.0300    0.8639    0.0071         2
    1.0350    0.8656    0.0070         2
    1.0400    0.8681    0.0077         2
    1.0450    0.8845    0.0076         2
    1.0500    0.8805    0.0070         2
    1.0550    0.8782    0.0073         2
    1.0600    0.8916    0.0073         2
    1.0650    0.8931    0.0071         2
    1.0700    0.8903    0.0072         2
    1.0750    0.8976    0.0070         2
    1.0800    0.9021    0.0071         2
    1.0850    0.9025    0.0076         2
    1.0900    0.9047    0.0072         2
    1.0950    0.9061    0.0072         2
    1.1000    0.9206    0.0071         2
    1.1050    0.9208    0.0073         2
    1.1100    0.9214    0.0084         2
    1.1150    0.9304    0.0097         2
    1.1200    0.9328    0.0079         2
    1.1250    0.9504    0.0085         2
    1.1300    0.9515    0.0085         2
    1.1350    0.9471    0.0085         2
    1.1400    0.9465    0.0088         2
    1.1450    0.9564    0.0083         2
    1.1500    0.9672    0.0082         2
    1.1550    0.9782    0.0086         1
    1.1600    0.9717    0.0081         2
    1.1650    0.9721    0.0075         2
    1.1700    0.9710    0.0069         2
    1.1750    0.9789    0.0067         2
    1.1800    0.9851    0.0068         2
    1.1850    0.9823    0.0070         2
    1.1900    0.9837    0.0068         2
    1.1950    0.9890    0.0070         2
    1.2000    0.9976    0.0070         2
    1.2050    0.9961    0.0076         2
    1.2100    0.9959    0.0073         2
    1.2150    1.0001    0.0069         2
    1.2200    1.0057    0.0077         2
    1.2250    0.9999    0.0072         2
    1.2300    0.9998    0.0071         2
    1.2350    1.0085    0.0073         2
    1.2400    1.0105    0.0072         2
    1.2450    1.0097    0.0068         2
    1.2500    1.0136    0.0068         2
    1.2550    1.0166    0.0073         2
    1.2600    1.0101    0.0074         2
    1.2650    1.0097    0.0073         2
    1.2700    1.0129    0.0078         2
    1.2750    1.0162    0.0083         2
    1.2800    1.0213    0.0073         2
    1.2850    1.0215    0.0076         2
    1.2900    1.0188    0.0070         2
    1.2950    1.0279    0.0074         2
    1.3000    1.0337    0.0078         2
    1.3050    1.0299    0.0075         2
    1.3100    1.0254    0.0078         2
    1.3150    1.0381    0.0077         2
    1.3200    1.0476    0.0078         2
    1.3250    1.0563    0.0081         2
    1.3300    1.0639    0.0085         2
    1.3350    1.0792    0.0094         1
    1.3400   -1.0000   -1.0000         0
    1.3450   -1.0000   -1.0000         0
    1.3500   -1.0000   -1.0000         0
    1.3550   -1.0000   -1.0000         0
    1.3600    1.0594    0.0173         2
    1.3650   -1.0000   -1.0000         0
    1.3700    1.0692    0.0211         1
    1.3750   -1.0000   -1.0000         0
    1.3800   -1.0000   -1.0000         0
    1.3850    1.0626    0.0202         2
    1.3900    1.0770    0.0206         1
    1.3950    1.0754    0.0172         2
    1.4000    1.0726    0.0169         2
    1.4050    1.0858    0.0170         2
    1.4100    1.0853    0.0156         2
    1.4150    1.0880    0.0132         2
    1.4200    1.0827    0.0117         2
    1.4250    1.0733    0.0109         2
    1.4300    1.0838    0.0106         2
    1.4350    1.0950    0.0107         2
    1.4400    1.0998    0.0108         2
    1.4450    1.0882    0.0110         2
    1.4500    1.1056    0.0099         2
    1.4550    1.1164    0.0099         2
    1.4600    1.0994    0.0099         2
    1.4650    1.1126    0.0096         2
    1.4700    1.1255    0.0105         2
    1.4750    1.1213    0.0111         2
    1.4800    1.1100    0.0107         2
    1.4850    1.1283    0.0107         2
    1.4900    1.1354    0.0100         1
    1.4950    1.1253    0.0090         2
    1.5000    1.1135    0.0091         2
    1.5050    1.1250    0.0099         2
    1.5100    1.1341    0.0091         2
    1.5150    1.1234    0.0091         2
    1.5200    1.1173    0.0093         2
    1.5250    1.1227    0.0095         2
    1.5300    1.1319    0.0088         2
    1.5350    1.1254    0.0087         2
    1.5400    1.1399    0.0093         2
    1.5450    1.1548    0.0095         2
    1.5500    1.1558    0.0091         2
    1.5550    1.1448    0.0091         2
    1.5600    1.1317    0.0089         2
    1.5650    1.1377    0.0089         2
    1.5700    1.1327    0.0093         2
    1.5750    1.1208    0.0101         2
    1.5800    1.1287    0.0102         2
    1.5850    1.1304    0.0092         2
    1.5900    1.1180    0.0091         2
    1.5950    1.1365    0.0094         2
    1.6000    1.1455    0.0094         2
    1.6050    1.1302    0.0093         2
    1.6100    1.1284    0.0097         2
    1.6150    1.1489    0.0105         2
    1.6200    1.1399    0.0101         2
    1.6250    1.1251    0.0094         2
    1.6300    1.1243    0.0098         2
    1.6350    1.1281    0.0090         2
    1.6400    1.1223    0.0105         2
    1.6450    1.1125    0.0103         2
    1.6500    1.1271    0.0095         2
    1.6550    1.1318    0.0097         2
    1.6600    1.1201    0.0102         2
    1.6650    1.1232    0.0104         2
    1.6700    1.1326    0.0101         2
    1.6750    1.1383    0.0099         2
    1.6800    1.1283    0.0101         2
    1.6850    1.1115    0.0111         2
    1.6900    1.1251    0.0103         2
    1.6950    1.1260    0.0100         2
    1.7000    1.1149    0.0102         2
    1.7050    1.1272    0.0114         2
    1.7100    1.1362    0.0100         2
    1.7150    1.1059    0.0102         2
    1.7200    1.1063    0.0105         2
    1.7250    1.1071    0.0107         2
    1.7300    1.1096    0.0122         2
    1.7350    1.1186    0.0113         2
    1.7400    1.1366    0.0104         2
    1.7450    1.1068    0.0113         2
    1.7500    1.0890    0.0122         2
    1.7550    1.0881    0.0110         2
    1.7600    1.0902    0.0104         2
    1.7650    1.0848    0.0119         2
    1.7700    1.0907    0.0108         2
    1.7750    1.1037    0.0113         2
    1.7800    1.1104    0.0111         2
    1.7850    1.1048    0.0115         2
    1.7900    1.0848    0.0130         2
    1.7950    1.0734    0.0123         2
    1.8000    1.1043    0.0140         2
    1.8050    1.1114    0.0148         2
    1.8100    1.1060    0.0155         2
    1.8150   -1.0000   -1.0000         0
    1.8200   -1.0000   -1.0000         0
    1.8250    1.0740    0.0258         2
    1.8300    1.0506    0.0296         1
    1.8350    1.0895    0.0363         2
    1.8400    1.0788    0.0394         2
    1.8450    1.1105    0.0380         2
    1.8500    1.1143    0.0447         1
    1.8550   -1.0000   -1.0000         0
    1.8600    1.0808    0.0332         1
    1.8650   -1.0000   -1.0000         0
    1.8700    1.0762    0.0506         2
    1.8750   -1.0000   -1.0000         0
    1.8800   -1.0000   -1.0000         0
    1.8850    1.0913    0.0274         2
    1.8900    1.0943    0.0269         2
    1.8950    1.0468    0.0251         1
    1.9000    1.0878    0.0325         2
    1.9050   -1.0000   -1.0000         0
    1.9100    1.1075    0.0318         1
    1.9150   -1.0000   -1.0000         0
    1.9200    1.0664    0.0261         2
    1.9250    1.0551    0.0226         2
    1.9300    1.0760    0.0211         2
    1.9350   -1.0000   -1.0000         0
    1.9400    1.0998    0.0205         1
    1.9450    1.0941    0.0187         2
    1.9500    1.0757    0.0190         2
    1.9550    1.0826    0.0195         2
    1.9600    1.0855    0.0197         2
    1.9650    1.0697    0.0182         2
    1.9700    1.0802    0.0173         2
    1.9750    1.0833    0.0146         2
    1.9800    1.0663    0.0143         2
    1.9850    1.0800    0.0145         2
    1.9900    1.0824    0.0144         2
    1.9950    1.0619    0.0190         1
    2.0000    1.0627    0.0193         2
    2.0050    1.0614    0.0187         2
    2.0100    1.0545    0.0195         2
    2.0150    1.0779    0.0185         2
    2.0200    1.0599    0.0188         2
    2.0250    1.0559    0.0156         2
    2.0300    1.0898    0.0145         2
    2.0350    1.0901    0.0152         2
    2.0400    1.0824    0.0147         2
    2.0450    1.0874    0.0156         2
    2.0500    1.0822    0.0165         2
    2.0550    1.0926    0.0155         2
    2.0600    1.0993    0.0156         2
    2.0650    1.0943    0.0160         2
    2.0700    1.1104    0.0160         2
    2.0750    1.1202    0.0163         2
    2.0800    1.1061    0.0149         2
    2.0850    1.0979    0.0162         2
    2.0900    1.1013    0.0144         2
    2.0950    1.1127    0.0152         2
    2.1000    1.1347    0.0156         2
    2.1050    1.1180    0.0153         2
    2.1100    1.1092    0.0151         2
    2.1150    1.1211    0.0154         2
    2.1200    1.1215    0.0162         2
    2.1250    1.1206    0.0157         2
    2.1300    1.1561    0.0164         2
    2.1350    1.1513    0.0161         2
    2.1400    1.1500    0.0153         2
    2.1450    1.1344    0.0161         2
    2.1500    1.1364    0.0173         2
    2.1550    1.1411    0.0161         2
    2.1600    1.1622    0.0184         2
    2.1650    1.1624    0.0173         2
    2.1700    1.1546    0.0171         2
    2.1750    1.1533    0.0177         2
    2.1800    1.1565    0.0170         2
    2.1850    1.1619    0.0178         2
    2.1900    1.1857    0.0187         2
    2.1950    1.1657    0.0171         2
    2.2000    1.1518    0.0175         2
    2.2050    1.1569    0.0190         2
    2.2100    1.1492    0.0179         2
    2.2150    1.1570    0.0175         2
    2.2200    1.1791    0.0202         2
    2.2250    1.2150    0.0194         1
    2.2300    1.2073    0.0201         1
    2.2350    1.1614    0.0193         2
    2.2400    1.1557    0.0197         2
    2.2450    1.1830    0.0188         2
    2.2500    1.1604    0.0207         2
    2.2550    1.1568    0.0196         2
    2.2600    1.1525    0.0196         2
    2.2650    1.1674    0.0195         2
    2.2700    1.1685    0.0210         2
    2.2750    1.1361    0.0191         2
    2.2800    1.1292    0.0188         1
    2.2850    1.1350    0.0207         2
    2.2900    1.1514    0.0199         2
    2.2950    1.1438    0.0193         2
    2.3000    1.1507    0.0196         2
    2.3050    1.1662    0.0210         2
    2.3100    1.1530    0.0213         2
    2.3150    1.1803    0.0208         2
    2.3200    1.1713    0.0214         2
    2.3250    1.1595    0.0218         2
    2.3300    1.1442    0.0231         2
    2.3350    1.1763    0.0215         2
    2.3400    1.1824    0.0214         2
    2.3450    1.1613    0.0218         2
    2.3500    1.1614    0.0233         2
    2.3550    1.1840    0.0223         2
    2.3600    1.1943    0.0217         2
    2.3650    1.1869    0.0219         2
    2.3700    1.1959    0.0232         1
    2.3750   -1.0000   -1.0000         0
    2.3800    1.1943    0.0240         1
    2.3850    1.1685    0.0243         2
    2.3900    1.1836    0.0248         2
    2.3950    1.1806    0.0249         2
    2.4000    1.1830    0.0267         2
    2.4050    1.1858    0.0256         2
    2.4100    1.1878    0.0267         2
    2.4150   -1.0000   -1.0000         0
    2.4200   -1.0000   -1.0000         0
    2.4250    1.2223    0.0264         2
    2.4300    1.1797    0.0235         1
    2.4350    1.2164    0.0267         2
    2.4400    1.2202    0.0269         1
    2.4450   -1.0000   -1.0000         0
    2.4500   -1.0000   -1.0000         0
    2.4550   -1.0000   -1.0000         0
    2.4600   -1.0000   -1.0000         0
    2.4650   -1.0000   -1.0000         0
    2.4700   -1.0000   -1.0000         0
    2.4750   -1.0000   -1.0000         0
    2.4800   -1.0000   -1.0000         0
    2.4850   -1.0000   -1.0000         0
    2.4900   -1.0000   -1.0000         0
