    0.7800    1.0646    0.0088    1.0000
    0.7850    1.0405    0.0090    1.0000
    0.7900    1.0561    0.0081    1.0000
    0.7950    1.0593    0.0076    1.0000
    0.8000    1.0529    0.0078    1.0000
    0.8050    1.0480    0.0072    1.0000
    0.8100    1.0561    0.0075    1.0000
    0.8150    1.0469    0.0074    1.0000
    0.8200    1.0461    0.0075    1.0000
    0.8250    1.0507    0.0088    1.0000
    0.8300    1.0331    0.0074    1.0000
    0.8350    1.0165    0.0073    1.0000
    0.8400    1.0171    0.0071    1.0000
    0.8450    1.0321    0.0079    1.0000
    0.8500   -1.0000   -1.0000    0.0000
    0.8550    1.0184    0.0076    1.0000
    0.8600    1.0246    0.0072    1.0000
    0.8650   -1.0000   -1.0000    0.0000
    0.8700    1.0062    0.0067    1.0000
    0.8750    0.9981    0.0063    1.0000
    0.8800    0.9991    0.0075    1.0000
    0.8850    0.9980    0.0061    1.0000
    0.8900    0.9885    0.0062    1.0000
    0.8950    0.9835    0.0065    1.0000
    0.9000    0.9920    0.0065    1.0000
    0.9050    0.9914    0.0064    1.0000
    0.9100    0.9808    0.0065    1.0000
    0.9150    0.9827    0.0061    1.0000
    0.9200    0.9773    0.0060    1.0000
    0.9250    0.9868    0.0060    1.0000
    0.9300    0.9966    0.0063    1.0000
    0.9350    0.9812    0.0069    1.0000
    0.9400    0.9776    0.0071    1.0000
    0.9450    0.9778    0.0076    1.0000
    0.9500    0.9872    0.0069    1.0000
    0.9550    0.9809    0.0074    1.0000
    0.9600    0.9810    0.0066    1.0000
    0.9650    0.9864    0.0076    1.0000
    0.9700    0.9859    0.0063    1.0000
    0.9750    0.9861    0.0070    1.0000
    0.9800    0.9910    0.0061    1.0000
    0.9850    0.9882    0.0055    1.0000
    0.9900    0.9986    0.0056    1.0000
    0.9950    0.9948    0.0060    1.0000
    1.0000    0.9964    0.0055    1.0000
    1.0050    0.9987    0.0056    1.0000
    1.0100    0.9994    0.0057    1.0000
    1.0150    1.0041    0.0057    1.0000
    1.0200    0.9973    0.0054    1.0000
    1.0250    0.9985    0.0060    1.0000
    1.0300    1.0033    0.0054    1.0000
    1.0350    0.9840    0.0065    1.0000
    1.0400    1.0000    0.0054    1.0000
    1.0450    0.9949    0.0060    1.0000
    1.0500    0.9982    0.0052    1.0000
    1.0550    1.0076    0.0050    1.0000
    1.0600    1.0026    0.0061    1.0000
    1.0650    1.0134    0.0056    1.0000
    1.0700    1.0208    0.0052    1.0000
    1.0750    1.0164    0.0055    1.0000
    1.0800    1.0220    0.0056    1.0000
    1.0850    1.0318    0.0049    1.0000
    1.0900    1.0301    0.0055    1.0000
    1.0950    1.0436    0.0050    1.0000
    1.1000    1.0489    0.0049    1.0000
    1.1050    1.0586    0.0051    1.0000
    1.1100    1.0611    0.0055    1.0000
    1.1150    1.0665    0.0059    1.0000
    1.1200    1.0686    0.0066    1.0000
    1.1250    1.0769    0.0071    1.0000
    1.1300    1.0910    0.0080    1.0000
    1.1350    1.0891    0.0076    1.0000
    1.1400    1.1001    0.0079    1.0000
    1.1450    1.1079    0.0073    1.0000
    1.1500    1.1176    0.0081    1.0000
    1.1550    1.0985    0.0075    1.0000
    1.1600    1.1039    0.0067    1.0000
    1.1650    1.1238    0.0060    1.0000
    1.1700   -1.0000   -1.0000    0.0000
    1.1750    1.1466    0.0067    1.0000
    1.1800    1.1262    0.0053    1.0000
    1.1850    1.1331    0.0057    1.0000
    1.1900    1.1445    0.0055    1.0000
    1.1950    1.1468    0.0054    1.0000
    1.2000    1.1620    0.0061    1.0000
    1.2050    1.1718    0.0066    1.0000
    1.2100    1.1559    0.0062    1.0000
    1.2150    1.1700    0.0063    1.0000
    1.2200    1.1682    0.0061    1.0000
    1.2250    1.1586    0.0057    1.0000
    1.2300    1.1688    0.0062    1.0000
    1.2350    1.1736    0.0060    1.0000
    1.2400    1.1824    0.0055    1.0000
    1.2450    1.1924    0.0057    1.0000
    1.2500    1.1856    0.0050    1.0000
    1.2550    1.1937    0.0054    1.0000
    1.2600    1.1989    0.0052    1.0000
    1.2650    1.2012    0.0056    1.0000
    1.2700    1.1936    0.0051    1.0000
    1.2750    1.1971    0.0054    1.0000
    1.2800    1.2018    0.0057    1.0000
    1.2850    1.2093    0.0056    1.0000
    1.2900    1.2111    0.0054    1.0000
    1.2950    1.2097    0.0062    1.0000
    1.3000    1.2053    0.0062    1.0000
    1.3050    1.2100    0.0068    1.0000
    1.3100    1.2023    0.0073    1.0000
    1.3150    1.2205    0.0067    1.0000
    1.3200    1.2299    0.0068    1.0000
    1.3250    1.2419    0.0068    1.0000
    1.3300    1.2274    0.0078    1.0000
    1.3350   -1.0000   -1.0000    0.0000
    1.3400    1.2541    0.0104    1.0000
    1.3450   -1.0000   -1.0000    0.0000
    1.3500    1.2796    0.0142    1.0000
    1.3550    1.2296    0.0187    1.0000
    1.3600    1.2780    0.0260    1.0000
    1.3650    1.2847    0.0334    1.0000
    1.3700   -1.0000   -1.0000    0.0000
    1.3750    1.3040    0.0398    1.0000
    1.3800   -1.0000   -1.0000    0.0000
    1.3850    1.2738    0.0278    1.0000
    1.3900    1.3055    0.0272    1.0000
    1.3950    1.3126    0.0249    1.0000
    1.4000    1.2686    0.0248    1.0000
    1.4050    1.2897    0.0230    1.0000
    1.4100    1.3003    0.0186    1.0000
    1.4150    1.2947    0.0162    1.0000
    1.4200    1.3032    0.0145    1.0000
    1.4250    1.3234    0.0134    1.0000
    1.4300    1.3330    0.0131    1.0000
    1.4350    1.3117    0.0128    1.0000
    1.4400    1.3320    0.0116    1.0000
    1.4450    1.3543    0.0110    1.0000
    1.4500   -1.0000   -1.0000    0.0000
    1.4550   -1.0000   -1.0000    0.0000
    1.4600    1.3618    0.0099    1.0000
    1.4650    1.3509    0.0107    1.0000
    1.4700    1.3653    0.0091    1.0000
    1.4750    1.3790    0.0090    1.0000
    1.4800    1.3658    0.0085    1.0000
    1.4850    1.3821    0.0094    1.0000
    1.4900    1.3914    0.0086    1.0000
    1.4950    1.3819    0.0071    1.0000
    1.5000    1.3761    0.0074    1.0000
    1.5050    1.3792    0.0070    1.0000
    1.5100    1.3755    0.0068    1.0000
    1.5150    1.3746    0.0072    1.0000
    1.5200    1.3755    0.0071    1.0000
    1.5250    1.3847    0.0073    1.0000
    1.5300    1.3984    0.0070    1.0000
    1.5350    1.4019    0.0075    1.0000
    1.5400    1.4028    0.0084    1.0000
    1.5450    1.4104    0.0080    1.0000
    1.5500    1.4525    0.0106    1.0000
    1.5550    1.4331    0.0082    1.0000
    1.5600    1.4195    0.0075    1.0000
    1.5650    1.4308    0.0082    1.0000
    1.5700    1.4222    0.0084    1.0000
    1.5750    1.4234    0.0084    1.0000
    1.5800    1.4123    0.0081    1.0000
    1.5850    1.3927    0.0076    1.0000
    1.5900    1.4486    0.0103    1.0000
    1.5950   -1.0000   -1.0000    0.0000
    1.6000    1.4598    0.0092    1.0000
    1.6050    1.4200    0.0082    1.0000
    1.6100    1.4294    0.0088    1.0000
    1.6150    1.4594    0.0106    1.0000
    1.6200    1.4432    0.0085    1.0000
    1.6250    1.4435    0.0084    1.0000
    1.6300   -1.0000   -1.0000    0.0000
    1.6350   -1.0000   -1.0000    0.0000
    1.6400   -1.0000   -1.0000    0.0000
    1.6450   -1.0000   -1.0000    0.0000
    1.6500   -1.0000   -1.0000    0.0000
    1.6550   -1.0000   -1.0000    0.0000
    1.6600   -1.0000   -1.0000    0.0000
    1.6650   -1.0000   -1.0000    0.0000
    1.6700   -1.0000   -1.0000    0.0000
    1.6750   -1.0000   -1.0000    0.0000
    1.6800   -1.0000   -1.0000    0.0000
    1.6850   -1.0000   -1.0000    0.0000
    1.6900   -1.0000   -1.0000    0.0000
    1.6950   -1.0000   -1.0000    0.0000
    1.7000   -1.0000   -1.0000    0.0000
    1.7050   -1.0000   -1.0000    0.0000
    1.7100   -1.0000   -1.0000    0.0000
    1.7150   -1.0000   -1.0000    0.0000
    1.7200   -1.0000   -1.0000    0.0000
    1.7250   -1.0000   -1.0000    0.0000
    1.7300   -1.0000   -1.0000    0.0000
    1.7350   -1.0000   -1.0000    0.0000
    1.7400   -1.0000   -1.0000    0.0000
    1.7450   -1.0000   -1.0000    0.0000
    1.7500   -1.0000   -1.0000    0.0000
    1.7550   -1.0000   -1.0000    0.0000
    1.7600   -1.0000   -1.0000    0.0000
    1.7650   -1.0000   -1.0000    0.0000
    1.7700   -1.0000   -1.0000    0.0000
    1.7750   -1.0000   -1.0000    0.0000
    1.7800   -1.0000   -1.0000    0.0000
    1.7850   -1.0000   -1.0000    0.0000
    1.7900   -1.0000   -1.0000    0.0000
    1.7950   -1.0000   -1.0000    0.0000
    1.8000   -1.0000   -1.0000    0.0000
    1.8050   -1.0000   -1.0000    0.0000
    1.8100   -1.0000   -1.0000    0.0000
    1.8150   -1.0000   -1.0000    0.0000
    1.8200   -1.0000   -1.0000    0.0000
    1.8250   -1.0000   -1.0000    0.0000
    1.8300   -1.0000   -1.0000    0.0000
    1.8350   -1.0000   -1.0000    0.0000
    1.8400   -1.0000   -1.0000    0.0000
    1.8450   -1.0000   -1.0000    0.0000
    1.8500   -1.0000   -1.0000    0.0000
    1.8550   -1.0000   -1.0000    0.0000
    1.8600   -1.0000   -1.0000    0.0000
    1.8650   -1.0000   -1.0000    0.0000
    1.8700   -1.0000   -1.0000    0.0000
    1.8750   -1.0000   -1.0000    0.0000
    1.8800   -1.0000   -1.0000    0.0000
    1.8850   -1.0000   -1.0000    0.0000
    1.8900   -1.0000   -1.0000    0.0000
    1.8950   -1.0000   -1.0000    0.0000
    1.9000   -1.0000   -1.0000    0.0000
    1.9050   -1.0000   -1.0000    0.0000
    1.9100   -1.0000   -1.0000    0.0000
    1.9150   -1.0000   -1.0000    0.0000
    1.9200   -1.0000   -1.0000    0.0000
    1.9250   -1.0000   -1.0000    0.0000
    1.9300   -1.0000   -1.0000    0.0000
    1.9350   -1.0000   -1.0000    0.0000
    1.9400   -1.0000   -1.0000    0.0000
    1.9450   -1.0000   -1.0000    0.0000
    1.9500   -1.0000   -1.0000    0.0000
    1.9550   -1.0000   -1.0000    0.0000
    1.9600   -1.0000   -1.0000    0.0000
    1.9650    1.4037    0.0217    1.0000
    1.9700   -1.0000   -1.0000    0.0000
    1.9750   -1.0000   -1.0000    0.0000
    1.9800    1.4392    0.0151    1.0000
    1.9850    1.4632    0.0148    1.0000
    1.9900    1.4600    0.0177    1.0000
    1.9950   -1.0000   -1.0000    0.0000
    2.0000    1.4826    0.0207    1.0000
    2.0050   -1.0000   -1.0000    0.0000
    2.0100   -1.0000   -1.0000    0.0000
    2.0150    1.5485    0.0219    1.0000
    2.0200    1.4366    0.0201    1.0000
    2.0250    1.4114    0.0195    1.0000
    2.0300    1.4113    0.0164    1.0000
    2.0350    1.4448    0.0169    1.0000
    2.0400    1.4892    0.0155    1.0000
    2.0450   -1.0000   -1.0000    0.0000
    2.0500    1.5691    0.0151    1.0000
    2.0550    1.4953    0.0186    1.0000
    2.0600    1.5326    0.0182    1.0000
    2.0650    1.4840    0.0193    1.0000
    2.0700    1.4500    0.0154    1.0000
    2.0750    1.4563    0.0144    1.0000
    2.0800    1.4272    0.0138    1.0000
    2.0850    1.3939    0.0125    1.0000
    2.0900    1.4049    0.0135    1.0000
    2.0950    1.4302    0.0136    1.0000
    2.1000    1.4206    0.0139    1.0000
    2.1050    1.4091    0.0137    1.0000
    2.1100    1.3856    0.0148    1.0000
    2.1150    1.4351    0.0165    1.0000
    2.1200    1.4532    0.0164    1.0000
    2.1250    1.4233    0.0156    1.0000
    2.1300    1.4070    0.0143    1.0000
    2.1350    1.3514    0.0145    1.0000
    2.1400    1.3472    0.0151    1.0000
    2.1450    1.3609    0.0154    1.0000
    2.1500    1.3792    0.0143    1.0000
    2.1550    1.3794    0.0142    1.0000
    2.1600    1.3808    0.0141    1.0000
    2.1650    1.3879    0.0146    1.0000
    2.1700    1.3795    0.0143    1.0000
    2.1750    1.4159    0.0166    1.0000
    2.1800    1.4878    0.0178    1.0000
    2.1850    1.4382    0.0142    1.0000
    2.1900    1.3824    0.0152    1.0000
    2.1950    1.3928    0.0148    1.0000
    2.2000    1.4305    0.0190    1.0000
    2.2050    1.4444    0.0150    1.0000
    2.2100    1.4182    0.0144    1.0000
    2.2150    1.4026    0.0140    1.0000
    2.2200    1.4244    0.0148    1.0000
    2.2250    1.4553    0.0129    1.0000
    2.2300    1.4479    0.0128    1.0000
    2.2350    1.4515    0.0145    1.0000
    2.2400    1.4561    0.0153    1.0000
    2.2450    1.4553    0.0150    1.0000
    2.2500    1.4748    0.0150    1.0000
    2.2550    1.4649    0.0169    1.0000
    2.2600    1.4972    0.0163    1.0000
    2.2650    1.5020    0.0164    1.0000
    2.2700    1.5191    0.0175    1.0000
    2.2750    1.5353    0.0177    1.0000
    2.2800    1.5057    0.0179    1.0000
    2.2850    1.4652    0.0169    1.0000
    2.2900    1.4894    0.0181    1.0000
    2.2950    1.5360    0.0190    1.0000
    2.3000    1.4873    0.0186    1.0000
    2.3050    1.4344    0.0173    1.0000
    2.3100    1.4916    0.0187    1.0000
    2.3150    1.5031    0.0189    1.0000
    2.3200    1.4641    0.0179    1.0000
    2.3250    1.4422    0.0187    1.0000
    2.3300    1.4725    0.0197    1.0000
    2.3350    1.4716    0.0190    1.0000
    2.3400    1.4971    0.0179    1.0000
    2.3450    1.4785    0.0171    1.0000
    2.3500    1.4457    0.0180    1.0000
    2.3550    1.4061    0.0179    1.0000
    2.3600    1.4160    0.0183    1.0000
    2.3650    1.4910    0.0175    1.0000
    2.3700    1.4489    0.0188    1.0000
    2.3750    1.3915    0.0193    1.0000
    2.3800    1.4474    0.0209    1.0000
    2.3850    1.4536    0.0193    1.0000
    2.3900    1.4086    0.0183    1.0000
    2.3950    1.4047    0.0181    1.0000
    2.4000    1.4596    0.0206    1.0000
    2.4050    1.4853    0.0187    1.0000
    2.4100    1.4940    0.0213    1.0000
    2.4150    1.4204    0.0212    1.0000
    2.4200   -1.0000   -1.0000    0.0000
    2.4250    1.3939    0.0194    1.0000
    2.4300    1.4477    0.0204    1.0000
    2.4350    1.4088    0.0206    1.0000
    2.4400    1.4725    0.0223    1.0000
    2.4450    1.4934    0.0240    1.0000
    2.4500    1.4800    0.1000    1.0000
    2.4550   -1.0000   -1.0000    0.0000
    2.4600   -1.0000   -1.0000    0.0000
    2.4650   -1.0000   -1.0000    0.0000
    2.4700   -1.0000   -1.0000    0.0000
    2.4750   -1.0000   -1.0000    0.0000
    2.4800   -1.0000   -1.0000    0.0000
    2.4850   -1.0000   -1.0000    0.0000
    2.4900   -1.0000   -1.0000    0.0000
