    0.7800   -1.0000   -1.0000    0.0000
    0.7850   -1.0000   -1.0000    0.0000
    0.7900   -1.0000   -1.0000    0.0000
    0.7950   -1.0000   -1.0000    0.0000
    0.8000   -1.0000   -1.0000    0.0000
    0.8050   -1.0000   -1.0000    0.0000
    0.8100   -1.0000   -1.0000    0.0000
    0.8150   -1.0000   -1.0000    0.0000
    0.8200   -1.0000   -1.0000    0.0000
    0.8250   -1.0000   -1.0000    0.0000
    0.8300   -1.0000   -1.0000    0.0000
    0.8350   -1.0000   -1.0000    0.0000
    0.8400   -1.0000   -1.0000    0.0000
    0.8450   -1.0000   -1.0000    0.0000
    0.8500    1.1891    0.0235    1.0000
    0.8550    1.1445    0.0214    1.0000
    0.8600    1.1644    0.0215    1.0000
    0.8650    1.1330    0.0228    1.0000
    0.8700    1.1327    0.0202    1.0000
    0.8750    1.1436    0.0202    1.0000
    0.8800    1.1466    0.0196    1.0000
    0.8850    1.1419    0.0181    1.0000
    0.8900    1.1283    0.0203    1.0000
    0.8950    1.1424    0.0197    1.0000
    0.9000    1.1353    0.0193    1.0000
    0.9050    1.0989    0.0190    1.0000
    0.9100    1.1281    0.0202    1.0000
    0.9150    1.1167    0.0185    1.0000
    0.9200    1.0870    0.0178    1.0000
    0.9250    1.1071    0.0194    1.0000
    0.9300   -1.0000   -1.0000    0.0000
    0.9350    1.1084    0.0193    1.0000
    0.9400    1.0732    0.0182    1.0000
    0.9450    1.0582    0.0190    1.0000
    0.9500    1.0330    0.0194    1.0000
    0.9550    1.0771    0.0189    1.0000
    0.9600    1.0502    0.0178    1.0000
    0.9650    1.0464    0.0171    1.0000
    0.9700    1.0505    0.0161    1.0000
    0.9750    1.0542    0.0160    1.0000
    0.9800    1.0485    0.0159    1.0000
    0.9850    1.0280    0.0152    1.0000
    0.9900    1.0326    0.0142    1.0000
    0.9950    1.0193    0.0142    1.0000
    1.0000    1.0376    0.0149    1.0000
    1.0050    1.0393    0.0151    1.0000
    1.0100    1.0237    0.0144    1.0000
    1.0150    1.0157    0.0143    1.0000
    1.0200    1.0016    0.0149    1.0000
    1.0250    1.0017    0.0135    1.0000
    1.0300    1.0016    0.0135    1.0000
    1.0350    0.9949    0.0147    1.0000
    1.0400    0.9910    0.0144    1.0000
    1.0450    1.0086    0.0140    1.0000
    1.0500    1.0021    0.0135    1.0000
    1.0550    1.0083    0.0145    1.0000
    1.0600    0.9973    0.0144    1.0000
    1.0650    0.9970    0.0139    1.0000
    1.0700    0.9993    0.0133    1.0000
    1.0750    0.9983    0.0141    1.0000
    1.0800    1.0137    0.0142    1.0000
    1.0850    1.0191    0.0135    1.0000
    1.0900    1.0093    0.0136    1.0000
    1.0950    0.9998    0.0140    1.0000
    1.1000    0.9819    0.0129    1.0000
    1.1050    0.9951    0.0132    1.0000
    1.1100    1.0106    0.0133    1.0000
    1.1150    1.0169    0.0149    1.0000
    1.1200    1.0287    0.0146    1.0000
    1.1250    1.0279    0.0146    1.0000
    1.1300    1.0206    0.0157    1.0000
    1.1350    1.0216    0.0150    1.0000
    1.1400    1.0243    0.0145    1.0000
    1.1450    1.0216    0.0145    1.0000
    1.1500    1.0163    0.0134    1.0000
    1.1550    1.0305    0.0133    1.0000
    1.1600    1.0387    0.0137    1.0000
    1.1650    1.0429    0.0132    1.0000
    1.1700    1.0379    0.0129    1.0000
    1.1750    1.0231    0.0133    1.0000
    1.1800    1.0381    0.0130    1.0000
    1.1850    1.0349    0.0125    1.0000
    1.1900    1.0384    0.0127    1.0000
    1.1950    1.0335    0.0130    1.0000
    1.2000    1.0525    0.0126    1.0000
    1.2050    1.0417    0.0130    1.0000
    1.2100    1.0211    0.0132    1.0000
    1.2150    1.0380    0.0135    1.0000
    1.2200    1.0347    0.0129    1.0000
    1.2250   -1.0000   -1.0000    0.0000
    1.2300    1.0052    0.0128    1.0000
    1.2350    1.0291    0.0132    1.0000
    1.2400    1.0676    0.0132    1.0000
    1.2450    1.0557    0.0132    1.0000
    1.2500    1.0246    0.0134    1.0000
    1.2550    1.0083    0.0133    1.0000
    1.2600    1.0476    0.0136    1.0000
    1.2650    1.0484    0.0128    1.0000
    1.2700    1.0374    0.0129    1.0000
    1.2750    1.0635    0.0128    1.0000
    1.2800    1.0657    0.0127    1.0000
    1.2850    1.0600    0.0129    1.0000
    1.2900    1.0629    0.0127    1.0000
    1.2950    1.0604    0.0140    1.0000
    1.3000    1.0455    0.0135    1.0000
    1.3050    1.0328    0.0137    1.0000
    1.3100    1.0337    0.0129    1.0000
    1.3150    1.0519    0.0131    1.0000
    1.3200    1.0702    0.0138    1.0000
    1.3250    1.0572    0.0145    1.0000
    1.3300    1.0483    0.0138    1.0000
    1.3350    1.0413    0.0152    1.0000
    1.3400    1.0288    0.0191    1.0000
    1.3450    1.0176    0.0236    1.0000
    1.3500   -1.0000   -1.0000    0.0000
    1.3550   -1.0000   -1.0000    0.0000
    1.3600   -1.0000   -1.0000    0.0000
    1.3650   -1.0000   -1.0000    0.0000
    1.3700    1.0264    0.0344    1.0000
    1.3750    1.0776    0.0335    1.0000
    1.3800   -1.0000   -1.0000    0.0000
    1.3850   -1.0000   -1.0000    0.0000
    1.3900    1.0682    0.0285    1.0000
    1.3950    1.0616    0.0257    1.0000
    1.4000   -1.0000   -1.0000    0.0000
    1.4050    1.1013    0.0238    1.0000
    1.4100   -1.0000   -1.0000    0.0000
    1.4150   -1.0000   -1.0000    0.0000
    1.4200   -1.0000   -1.0000    0.0000
    1.4250    1.0580    0.0191    1.0000
    1.4300    1.0871    0.0190    1.0000
    1.4350    1.0530    0.0184    1.0000
    1.4400    1.0436    0.0182    1.0000
    1.4450   -1.0000   -1.0000    0.0000
    1.4500    1.0691    0.0162    1.0000
    1.4550    1.0546    0.0153    1.0000
    1.4600    1.1054    0.0163    1.0000
    1.4650    1.0442    0.0169    1.0000
    1.4700    1.0524    0.0167    1.0000
    1.4750    1.0909    0.0175    1.0000
    1.4800    1.0645    0.0160    1.0000
    1.4850    1.0427    0.0147    1.0000
    1.4900    1.0438    0.0150    1.0000
    1.4950    1.0408    0.0157    1.0000
    1.5000    1.0329    0.0155    1.0000
    1.5050   -1.0000   -1.0000    0.0000
    1.5100    1.0631    0.0161    1.0000
    1.5150    1.0706    0.0152    1.0000
    1.5200    1.0540    0.0157    1.0000
    1.5250    1.0452    0.0152    1.0000
    1.5300    1.0680    0.0152    1.0000
    1.5350    1.0801    0.0146    1.0000
    1.5400    1.0876    0.0164    1.0000
    1.5450    1.1224    0.0159    1.0000
    1.5500    1.1067    0.0154    1.0000
    1.5550    1.0568    0.0149    1.0000
    1.5600    1.0639    0.0195    1.0000
    1.5650    1.1094    0.0170    1.0000
    1.5700    1.0448    0.0156    1.0000
    1.5750    1.0599    0.0197    1.0000
    1.5800    1.0754    0.0181    1.0000
    1.5850    1.1039    0.0161    1.0000
    1.5900   -1.0000   -1.0000    0.0000
    1.5950    1.1172    0.0163    1.0000
    1.6000    1.1338    0.0168    1.0000
    1.6050    1.1267    0.0176    1.0000
    1.6100    1.0868    0.0176    1.0000
    1.6150    1.0559    0.0162    1.0000
    1.6200    1.0849    0.0164    1.0000
    1.6250    1.0615    0.0167    1.0000
    1.6300    1.0797    0.0163    1.0000
    1.6350    1.0703    0.0165    1.0000
    1.6400    1.0747    0.0164    1.0000
    1.6450    1.0916    0.0174    1.0000
    1.6500    1.0629    0.0184    1.0000
    1.6550    1.0918    0.0161    1.0000
    1.6600    1.1114    0.0180    1.0000
    1.6650    1.1014    0.0179    1.0000
    1.6700    1.0243    0.0167    1.0000
    1.6750    1.0452    0.0175    1.0000
    1.6800    1.0811    0.0163    1.0000
    1.6850    1.1123    0.0194    1.0000
    1.6900    1.0591    0.0186    1.0000
    1.6950    1.0516    0.0166    1.0000
    1.7000    1.0541    0.0182    1.0000
    1.7050    1.0669    0.0207    1.0000
    1.7100    1.0752    0.0176    1.0000
    1.7150    1.0752    0.0186    1.0000
    1.7200    1.0857    0.0185    1.0000
    1.7250    1.1288    0.0185    1.0000
    1.7300    1.1123    0.0179    1.0000
    1.7350    1.0595    0.0193    1.0000
    1.7400    1.0516    0.0186    1.0000
    1.7450    1.0845    0.0202    1.0000
    1.7500    1.0551    0.0187    1.0000
    1.7550    1.0347    0.0188    1.0000
    1.7600   -1.0000   -1.0000    0.0000
    1.7650    1.0227    0.0193    1.0000
    1.7700    1.1106    0.0205    1.0000
    1.7750    1.0980    0.0203    1.0000
    1.7800    1.0756    0.0191    1.0000
    1.7850    1.0349    0.0201    1.0000
    1.7900    1.0630    0.0197    1.0000
    1.7950    1.1368    0.0230    1.0000
    1.8000    1.1136    0.0249    1.0000
    1.8050    1.0959    0.0300    1.0000
    1.8100    1.0077    0.0280    1.0000
    1.8150    1.0104    0.0281    1.0000
    1.8200    0.9962    0.0312    1.0000
    1.8250   -1.0000   -1.0000    0.0000
    1.8300   -1.0000   -1.0000    0.0000
    1.8350   -1.0000   -1.0000    0.0000
    1.8400    1.0334    0.0534    1.0000
    1.8450   -1.0000   -1.0000    0.0000
    1.8500   -1.0000   -1.0000    0.0000
    1.8550   -1.0000   -1.0000    0.0000
    1.8600   -1.0000   -1.0000    0.0000
    1.8650   -1.0000   -1.0000    0.0000
    1.8700   -1.0000   -1.0000    0.0000
    1.8750   -1.0000   -1.0000    0.0000
    1.8800    1.1352    0.0556    1.0000
    1.8850    1.1312    0.0453    1.0000
    1.8900    1.0639    0.0411    1.0000
    1.8950   -1.0000   -1.0000    0.0000
    1.9000   -1.0000   -1.0000    0.0000
    1.9050    1.0174    0.0512    1.0000
    1.9100    1.1008    0.0538    1.0000
    1.9150    1.1481    0.0455    1.0000
    1.9200    1.0854    0.0439    1.0000
    1.9250    1.0637    0.0359    1.0000
    1.9300    1.1539    0.0348    1.0000
    1.9350    1.1361    0.0358    1.0000
    1.9400    1.1811    0.0327    1.0000
    1.9450   -1.0000   -1.0000    0.0000
    1.9500    1.1120    0.0303    1.0000
    1.9550    1.1574    0.0299    1.0000
    1.9600   -1.0000   -1.0000    0.0000
    1.9650   -1.0000   -1.0000    0.0000
    1.9700   -1.0000   -1.0000    0.0000
    1.9750    1.1952    0.0278    1.0000
    1.9800    1.2002    0.0269    1.0000
    1.9850    1.1870    0.0269    1.0000
    1.9900   -1.0000   -1.0000    0.0000
    1.9950   -1.0000   -1.0000    0.0000
    2.0000    1.0518    0.0305    1.0000
    2.0050    1.1022    0.0345    1.0000
    2.0100    1.1657    0.0366    1.0000
    2.0150    1.0989    0.0346    1.0000
    2.0200    1.1783    0.0323    1.0000
    2.0250   -1.0000   -1.0000    0.0000
    2.0300    1.1502    0.0292    1.0000
    2.0350    1.1435    0.0267    1.0000
    2.0400    1.1747    0.0274    1.0000
    2.0450    1.1374    0.0320    1.0000
    2.0500    1.1339    0.0290    1.0000
    2.0550    1.1084    0.0301    1.0000
    2.0600    1.1504    0.0312    1.0000
    2.0650    1.1061    0.0324    1.0000
    2.0700    1.0613    0.0326    1.0000
    2.0750    1.0429    0.0273    1.0000
    2.0800   -1.0000   -1.0000    0.0000
    2.0850    1.0640    0.0265    1.0000
    2.0900    1.1105    0.0290    1.0000
    2.0950    1.1156    0.0336    1.0000
    2.1000    1.0907    0.0290    1.0000
    2.1050    1.1327    0.0263    1.0000
    2.1100    1.1581    0.0297    1.0000
    2.1150    1.0784    0.0287    1.0000
    2.1200    1.1666    0.0334    1.0000
    2.1250    1.1787    0.0326    1.0000
    2.1300    1.0542    0.0296    1.0000
    2.1350    1.1041    0.0311    1.0000
    2.1400    1.0299    0.0284    1.0000
    2.1450    1.0774    0.0272    1.0000
    2.1500    1.1750    0.0328    1.0000
    2.1550    1.0766    0.0280    1.0000
    2.1600    1.0557    0.0309    1.0000
    2.1650    1.1536    0.0324    1.0000
    2.1700    1.1351    0.0317    1.0000
    2.1750    1.1649    0.0319    1.0000
    2.1800    1.1208    0.0295    1.0000
    2.1850    1.1164    0.0341    1.0000
    2.1900    1.2130    0.0342    1.0000
    2.1950    1.1489    0.0308    1.0000
    2.2000    1.1867    0.0323    1.0000
    2.2050    1.2134    0.0298    1.0000
    2.2100   -1.0000   -1.0000    0.0000
    2.2150    1.2336    0.0347    1.0000
    2.2200    1.1452    0.0292    1.0000
    2.2250    1.1449    0.0323    1.0000
    2.2300    1.1145    0.0330    1.0000
    2.2350    1.0940    0.0302    1.0000
    2.2400    1.1511    0.0321    1.0000
    2.2450    1.2048    0.0327    1.0000
    2.2500    1.2548    0.0332    1.0000
    2.2550    1.2245    0.0319    1.0000
    2.2600    1.1391    0.0312    1.0000
    2.2650    1.0958    0.0303    1.0000
    2.2700    1.2104    0.0313    1.0000
    2.2750    1.2575    0.0364    1.0000
    2.2800    1.1748    0.0323    1.0000
    2.2850    1.1810    0.0340    1.0000
    2.2900    1.2437    0.0333    1.0000
    2.2950    1.2806    0.0378    1.0000
    2.3000    1.2035    0.0354    1.0000
    2.3050    1.2234    0.0341    1.0000
    2.3100    1.2397    0.0378    1.0000
    2.3150    1.2087    0.0352    1.0000
    2.3200    1.3235    0.0381    1.0000
    2.3250    1.3311    0.0407    1.0000
    2.3300    1.3246    0.0365    1.0000
    2.3350    1.3332    0.0424    1.0000
    2.3400    1.2254    0.0386    1.0000
    2.3450    1.3429    0.0391    1.0000
    2.3500    1.3722    0.0424    1.0000
    2.3550    1.2681    0.0384    1.0000
    2.3600    1.3570    0.0403    1.0000
    2.3650    1.2973    0.0404    1.0000
    2.3700    1.3589    0.0391    1.0000
    2.3750    1.4282    0.0423    1.0000
    2.3800    1.4459    0.0405    1.0000
    2.3850    1.4473    0.0476    1.0000
    2.3900    1.3211    0.0407    1.0000
    2.3950    1.2816    0.0428    1.0000
    2.4000   -1.0000   -1.0000    0.0000
    2.4050   -1.0000   -1.0000    0.0000
    2.4100    1.3952    0.0497    1.0000
    2.4150    1.4114    0.0453    1.0000
    2.4200   -1.0000   -1.0000    0.0000
    2.4250    1.4181    0.0508    1.0000
    2.4300    1.4018    0.0468    1.0000
    2.4350   -1.0000   -1.0000    0.0000
    2.4400   -1.0000   -1.0000    0.0000
    2.4450    1.3510    0.0477    1.0000
    2.4500    1.3817    0.0511    1.0000
    2.4550   -1.0000   -1.0000    0.0000
    2.4600   -1.0000   -1.0000    0.0000
    2.4650   -1.0000   -1.0000    0.0000
    2.4700   -1.0000   -1.0000    0.0000
    2.4750   -1.0000   -1.0000    0.0000
    2.4800   -1.0000   -1.0000    0.0000
    2.4850   -1.0000   -1.0000    0.0000
    2.4900   -1.0000   -1.0000    0.0000
