0.8200 0.69780 0.02210
0.8250 0.68980 0.01790
0.8300 0.67370 0.01880
0.8350 0.66220 0.01900
0.8400 0.66180 0.01990
0.8450 0.64730 0.01740
0.8500 0.62090 0.01880
0.8550 0.61030 0.01700
0.8600 0.60700 0.01820
0.8650 0.61970 0.01740
0.8700 0.61430 0.01840
0.8750 0.59090 0.01650
0.8800 0.58680 0.01610
0.8850 0.57370 0.01510
0.8900 0.57690 0.01430
0.8950 0.56990 0.01520
0.9000 0.57240 0.01540
0.9050 0.57220 0.01480
0.9100 0.56490 0.01470
0.9150 0.56860 0.01420
0.9200 0.57170 0.01440
0.9250 0.55830 0.01520
0.9300 0.57560 0.01640
0.9350 0.56770 0.01690
0.9400 0.55700 0.01490
0.9450 0.57020 0.01450
0.9500 0.58670 0.01480
0.9550 0.59130 0.01380
0.9600 0.60030 0.01300
0.9650 0.60780 0.01290
0.9700 0.60750 0.01260
0.9750 0.61730 0.01320
0.9800 0.62890 0.01380
0.9850 0.63770 0.01430
0.9900 0.65160 0.01380
0.9950 0.66690 0.01360
1.0000 0.67750 0.01370
1.0050 0.70690 0.01330
1.0100 0.71580 0.01440
1.0150 0.70920 0.01430
1.0200 0.73100 0.01430
1.0250 0.74510 0.01390
1.0300 0.74680 0.01380
1.0350 0.76500 0.01380
1.0400 0.76580 0.01380
1.0450 0.78090 0.01390
1.0500 0.80190 0.01390
1.0550 0.81390 0.01400
1.0600 0.83710 0.01650
1.0650 0.82880 0.01720
1.0700 0.84900 0.01570
1.0750 0.84990 0.01480
1.0800 0.85950 0.01450
1.0850 0.87880 0.01430
1.0900 0.88740 0.01410
1.0950 0.88070 0.01410
1.1000 0.89360 0.01410
1.1050 0.89540 0.01430
1.1100 0.89770 0.01680
1.1150 0.91760 0.02040
1.1200 0.92260 0.02360
1.1250 0.91380 0.01810
1.1300 0.91340 0.01700
1.1350 0.92860 0.01560
1.1400 0.94810 0.01540
1.1450 0.95020 0.01600
1.1500 0.94970 0.01510
1.1550 0.92030 0.01460
1.1600 0.96440 0.01520
1.1650 0.95970 0.01530
1.1700 0.96450 0.01520
1.1750 0.96860 0.01480
1.1800 0.95990 0.01410
1.1850 0.97960 0.01410
1.1900 0.98650 0.01460
1.1950 0.99510 0.01440
1.2000 0.98190 0.01420
1.2050 0.98460 0.01440
1.2100 0.99990 0.01470
1.2150 0.99270 0.01490
1.2200 1.00970 0.01460
1.2250 1.00220 0.01520
1.2300 1.00940 0.01540
1.2350 1.02160 0.01530
1.2400 0.99850 0.01420
1.2450 1.01850 0.01470
1.2500 1.01310 0.01460
1.2550 1.02940 0.01440
1.2600 1.01120 0.01450
1.2650 1.00810 0.01550
1.2700 1.01830 0.01550
1.2750 1.02390 0.01520
1.2800 1.03890 0.01450
1.2850 1.03270 0.01490
1.2900 1.04020 0.01570
1.2950 1.05860 0.01410
1.3000 1.03850 0.01490
1.3050 1.05740 0.01500
1.3100 1.06050 0.01500
1.3150 1.05170 0.01550
1.3200 1.05980 0.01520
1.3250 1.05700 0.01550
1.3300 1.07890 0.01580
1.3350 1.06640 0.01820
1.3400 1.06950 0.01830
1.3450 1.08850 0.02880
1.3600 1.06580 0.07300
1.3650 1.08850 0.04240
1.3750 1.06690 0.02740
1.3800 1.08500 0.02790
1.3850 1.07600 0.02640
1.3900 1.08490 0.02610
1.3950 1.09520 0.02570
1.4000 1.08050 0.02480
1.4100 1.08110 0.02430
1.4150 1.07240 0.02210
1.4200 1.06490 0.01930
1.4250 1.08970 0.02000
1.4300 1.09020 0.01960
1.4350 1.10120 0.01900
1.4400 1.09850 0.01910
1.4450 1.09170 0.01960
1.4500 1.09860 0.02110
1.4550 1.08140 0.01900
1.4600 1.07810 0.01870
1.4650 1.11220 0.01990
1.4700 1.06720 0.02060
1.4750 1.06630 0.01810
1.4800 1.06320 0.01800
1.4850 1.07860 0.01770
1.4900 1.09920 0.01730
1.4950 1.07190 0.01720
1.5000 1.05470 0.01820
1.5050 1.06060 0.01800
1.5100 1.04780 0.01780
1.5150 1.05520 0.01650
1.5200 1.05430 0.01650
1.5250 1.07750 0.01630
1.5300 1.05430 0.01650
1.5350 1.02560 0.01640
1.5400 1.05360 0.01710
1.5450 1.07240 0.01660
1.5500 1.07640 0.01680
1.5550 1.06950 0.01770
1.5600 1.04350 0.01910
1.5650 1.05590 0.01660
1.5700 1.03760 0.01770
1.5750 1.01010 0.01670
1.5800 0.99230 0.01730
1.5850 1.02080 0.01680
1.5900 1.02470 0.01680
1.5950 1.02250 0.01650
1.6000 1.00150 0.01740
1.6050 0.96540 0.01690
1.6100 0.96970 0.01750
1.6150 0.97560 0.01670
1.6200 0.97790 0.01690
1.6250 0.98110 0.01630
1.6300 1.00350 0.01700
1.6350 0.98020 0.01690
1.6400 0.95420 0.01710
1.6450 0.94350 0.01640
1.6500 0.95630 0.01620
1.6550 0.96520 0.01640
1.6600 0.95710 0.01770
1.6650 0.94010 0.01820
1.6700 0.94260 0.01830
1.6750 0.92840 0.01960
1.6800 0.91180 0.01720
1.6850 0.89730 0.02040
1.6900 0.89370 0.01810
1.6950 0.88560 0.01640
1.7000 0.91790 0.01690
1.7050 0.89340 0.01780
1.7100 0.86560 0.01720
1.7150 0.87440 0.01770
1.7200 0.88870 0.01670
1.7250 0.91490 0.01780
1.7300 0.90420 0.01760
1.7350 0.90440 0.01780
1.7400 0.89680 0.01900
1.7450 0.86780 0.01710
1.7500 0.85580 0.01650
1.7550 0.85000 0.01710
1.7600 0.85130 0.01720
1.7650 0.84080 0.01700
1.7700 0.82440 0.01630
1.7750 0.82000 0.01750
1.7800 0.83090 0.01730
1.7850 0.84440 0.01790
1.7900 0.83230 0.01870
1.7950 0.82080 0.01940
1.8000 0.83670 0.02110
1.8050 0.81390 0.02410
1.8100 0.78350 0.02460
1.8150 0.77440 0.02470
1.8200 0.77750 0.02590
1.8250 0.83830 0.03380
1.8300 0.86580 0.04200
1.8350 0.84760 0.04320
1.8400 0.76380 0.04040
1.8450 0.77350 0.03720
1.8500 0.82890 0.03350
1.8550 0.82350 0.03260
1.8600 0.77710 0.03350
1.8650 0.80040 0.04050
1.8700 0.79700 0.05070
1.8750 0.75440 0.04460
1.8800 0.74230 0.03850
1.8850 0.76520 0.02730
1.8900 0.78100 0.02720
1.8950 0.80140 0.03990
1.9000 0.82890 0.04040
1.9050 0.76920 0.03700
1.9100 0.78310 0.02970
1.9150 0.75970 0.03160
1.9200 0.77930 0.02910
1.9250 0.75530 0.02790
1.9300 0.79670 0.02600
1.9350 0.78020 0.02500
1.9400 0.79500 0.02530
1.9450 0.78790 0.02530
1.9500 0.80220 0.02520
1.9550 0.77200 0.02930
1.9600 0.76160 0.02510
1.9650 0.72170 0.02300
1.9700 0.74850 0.02230
1.9750 0.77070 0.02060
1.9800 0.78220 0.01910
1.9850 0.78340 0.02000
1.9900 0.74980 0.02090
1.9950 0.77840 0.02830
2.0000 0.77670 0.03510
2.0050 0.76810 0.03160
2.0100 0.80570 0.02850
2.0150 0.77450 0.02610
2.0200 0.76420 0.02430
2.0250 0.78740 0.02160
2.0300 0.77450 0.02140
2.0350 0.75340 0.02030
2.0400 0.76420 0.02100
2.0450 0.79160 0.02330
2.0500 0.80880 0.02490
2.0550 0.80930 0.02470
2.0600 0.85360 0.02380
2.0650 0.84730 0.02470
2.0700 0.84210 0.02450
2.0750 0.85090 0.02300
2.0800 0.82840 0.02260
2.0850 0.82800 0.02520
2.0900 0.84520 0.02260
2.0950 0.83310 0.02320
2.1000 0.83640 0.02320
2.1050 0.84830 0.02300
2.1100 0.83190 0.02380
2.1150 0.85690 0.02310
2.1200 0.90330 0.02300
2.1250 0.86800 0.02420
2.1300 0.82780 0.02320
2.1350 0.86060 0.02350
2.1400 0.87750 0.02360
2.1450 0.88550 0.02460
2.1500 0.90530 0.02600
2.1550 0.89850 0.02710
2.1600 0.86580 0.02570
2.1650 0.87590 0.02690
2.1700 0.92220 0.02720
2.1750 0.92970 0.02700
2.1800 0.89750 0.03000
2.1850 0.91850 0.02720
2.1900 0.92660 0.02880
2.1950 0.92260 0.02650
2.2000 0.93690 0.02840
2.2050 0.93280 0.03280
2.2100 0.90790 0.03130
2.2150 0.87240 0.02930
2.2200 0.88940 0.02880
2.2250 0.91510 0.02740
2.2300 0.90340 0.03060
2.2350 0.93710 0.03370
2.2400 0.93160 0.03330
2.2450 0.92600 0.03000
2.2500 0.94580 0.03040
2.2550 0.87380 0.03220
2.2650 0.98250 0.02960
2.2700 1.00520 0.03680
2.2750 0.95810 0.03550
2.2850 0.90980 0.03200
2.2900 0.94820 0.03370
2.2950 0.95320 0.03360
2.3000 0.98060 0.03360
2.3050 0.99160 0.03230
2.3100 0.97150 0.03300
2.3150 0.97830 0.03520
2.3200 0.98180 0.03590
2.3250 0.97480 0.03670
2.3300 0.98440 0.03460
2.3350 1.01890 0.03580
2.3450 0.98460 0.03780
2.3550 0.99580 0.03600
2.3600 1.04160 0.03730
2.3750 1.04970 0.04120
2.3850 1.05230 0.04200
2.3900 1.05210 0.03890
2.3950 1.05990 0.03830
2.4050 1.06010 0.04220
2.4100 1.06530 0.04160
2.4150 1.05620 0.04590
2.4200 1.01800 0.03950
2.4250 1.05670 0.03830
2.4300 1.09260 0.04220
2.4400 1.07110 0.04630
2.4500 1.06970 0.03870
2.4550 1.08270 0.04450
