    0.7800   -1.0000   -1.0000    0.0000
    0.7850   -1.0000   -1.0000    0.0000
    0.7900   -1.0000   -1.0000    0.0000
    0.7950   -1.0000   -1.0000    0.0000
    0.8000    1.0703    0.0085    2.0000
    0.8050    1.0602    0.0083    2.0000
    0.8100    1.0598    0.0082    2.0000
    0.8150    1.0607    0.0082    2.0000
    0.8200    1.0520    0.0081    2.0000
    0.8250    1.0433    0.0080    2.0000
    0.8300    1.0422    0.0078    2.0000
    0.8350    1.0364    0.0077    2.0000
    0.8400    1.0324    0.0075    2.0000
    0.8450    1.0285    0.0075    2.0000
    0.8500    1.0231    0.0074    2.0000
    0.8550    1.0208    0.0074    2.0000
    0.8600    1.0178    0.0074    2.0000
    0.8650    1.0069    0.0072    2.0000
    0.8700    1.0007    0.0071    2.0000
    0.8750    1.0030    0.0070    2.0000
    0.8800    0.9953    0.0068    2.0000
    0.8850    0.9923    0.0067    2.0000
    0.8900    0.9884    0.0067    2.0000
    0.8950    0.9865    0.0066    2.0000
    0.9000    0.9858    0.0066    2.0000
    0.9050    0.9869    0.0065    2.0000
    0.9100    0.9856    0.0065    2.0000
    0.9150    0.9862    0.0064    2.0000
    0.9200    0.9794    0.0063    2.0000
    0.9250    0.9817    0.0063    2.0000
    0.9300    0.9785    0.0064    2.0000
    0.9350    0.9753    0.0064    2.0000
    0.9400    0.9757    0.0066    2.0000
    0.9450    0.9676    0.0065    2.0000
    0.9500    0.9649    0.0064    2.0000
    0.9550    0.9641    0.0063    2.0000
    0.9600    0.9772    0.0059    1.0000
    0.9650    0.9775    0.0067    2.0000
    0.9700    0.9792    0.0059    2.0000
    0.9750    0.9791    0.0058    2.0000
    0.9800    0.9747    0.0057    2.0000
    0.9850    0.9754    0.0056    2.0000
    0.9900    0.9751    0.0055    2.0000
    0.9950    0.9713    0.0054    2.0000
    1.0000    0.9775    0.0054    2.0000
    1.0050    0.9854    0.0054    2.0000
    1.0100    0.9845    0.0054    2.0000
    1.0150    0.9894    0.0054    2.0000
    1.0200    0.9898    0.0053    2.0000
    1.0250    0.9866    0.0052    2.0000
    1.0300    0.9963    0.0053    2.0000
    1.0350    0.9884    0.0052    2.0000
    1.0400    0.9924    0.0052    2.0000
    1.0450    1.0041    0.0052    2.0000
    1.0500    1.0034    0.0051    2.0000
    1.0550    1.0093    0.0051    2.0000
    1.0600    1.0091    0.0051    2.0000
    1.0650    1.0086    0.0051    2.0000
    1.0700    1.0148    0.0051    2.0000
    1.0750    1.0188    0.0051    2.0000
    1.0800    1.0238    0.0051    2.0000
    1.0850    1.0363    0.0051    2.0000
    1.0900    1.0335    0.0051    2.0000
    1.0950    1.0394    0.0051    2.0000
    1.1000    1.0455    0.0051    2.0000
    1.1050    1.0554    0.0051    2.0000
    1.1100    1.0638    0.0052    2.0000
    1.1150    1.0693    0.0052    2.0000
    1.1200    1.0745    0.0054    2.0000
    1.1250    1.0771    0.0056    2.0000
    1.1300    1.0804    0.0057    2.0000
    1.1350    1.0868    0.0057    2.0000
    1.1400    1.0898    0.0056    2.0000
    1.1450    1.0915    0.0056    2.0000
    1.1500    1.1077    0.0056    2.0000
    1.1550    1.1061    0.0053    2.0000
    1.1600    1.1100    0.0052    2.0000
    1.1650    1.1201    0.0051    2.0000
    1.1700    1.1200    0.0050    2.0000
    1.1750    1.1357    0.0051    2.0000
    1.1800    1.1362    0.0050    2.0000
    1.1850    1.1421    0.0050    2.0000
    1.1900    1.1462    0.0050    2.0000
    1.1950    1.1466    0.0050    2.0000
    1.2000    1.1521    0.0051    2.0000
    1.2050    1.1538    0.0050    2.0000
    1.2100    1.1563    0.0050    2.0000
    1.2150    1.1593    0.0050    2.0000
    1.2200    1.1556    0.0050    2.0000
    1.2250    1.1618    0.0050    2.0000
    1.2300    1.1710    0.0050    2.0000
    1.2350    1.1712    0.0050    2.0000
    1.2400    1.1753    0.0050    2.0000
    1.2450    1.1756    0.0050    2.0000
    1.2500    1.1851    0.0051    2.0000
    1.2550    1.1799    0.0051    2.0000
    1.2600    1.1880    0.0052    2.0000
    1.2650    1.1869    0.0052    2.0000
    1.2700    1.1770    0.0052    2.0000
    1.2750    1.1846    0.0052    2.0000
    1.2800    1.1838    0.0053    2.0000
    1.2850    1.1944    0.0052    2.0000
    1.2900    1.1972    0.0052    2.0000
    1.2950    1.2004    0.0051    2.0000
    1.3000    1.2124    0.0052    2.0000
    1.3050    1.2109    0.0052    1.0000
    1.3100    1.2178    0.0053    2.0000
    1.3150    1.2246    0.0054    2.0000
    1.3200    1.2275    0.0054    2.0000
    1.3250    1.2340    0.0055    2.0000
    1.3300    1.2347    0.0055    2.0000
    1.3350    1.2399    0.0058    2.0000
    1.3400   -1.0000   -1.0000    0.0000
    1.3450   -1.0000   -1.0000    0.0000
    1.3500    1.2887    0.0100    1.0000
    1.3550    1.2456    0.0122    2.0000
    1.3600    1.2637    0.0122    1.0000
    1.3650    1.2552    0.0119    2.0000
    1.3700    1.2547    0.0121    2.0000
    1.3750    1.2612    0.0115    2.0000
    1.3800    1.2722    0.0110    2.0000
    1.3850    1.2816    0.0106    2.0000
    1.3900    1.2735    0.0103    2.0000
    1.3950    1.2724    0.0099    2.0000
    1.4000    1.2910    0.0095    2.0000
    1.4050    1.2894    0.0090    2.0000
    1.4100    1.3035    0.0087    2.0000
    1.4150    1.2931    0.0081    2.0000
    1.4200    1.3051    0.0078    2.0000
    1.4250    1.3110    0.0076    2.0000
    1.4300    1.3208    0.0075    2.0000
    1.4350    1.3218    0.0079    1.0000
    1.4400    1.3272    0.0073    2.0000
    1.4450   -1.0000   -1.0000    0.0000
    1.4500    1.3333    0.0069    2.0000
    1.4550    1.3316    0.0068    2.0000
    1.4600    1.3346    0.0068    2.0000
    1.4650    1.3413    0.0069    2.0000
    1.4700    1.3455    0.0069    2.0000
    1.4750    1.3522    0.0069    2.0000
    1.4800    1.3544    0.0068    2.0000
    1.4850    1.3556    0.0067    2.0000
    1.4900    1.3547    0.0066    2.0000
    1.4950    1.3571    0.0065    2.0000
    1.5000    1.3508    0.0065    2.0000
    1.5050    1.3574    0.0065    2.0000
    1.5100    1.3701    0.0065    2.0000
    1.5150    1.3570    0.0064    2.0000
    1.5200    1.3644    0.0065    2.0000
    1.5250    1.3676    0.0065    2.0000
    1.5300    1.3678    0.0066    2.0000
    1.5350    1.3634    0.0065    2.0000
    1.5400    1.3667    0.0066    2.0000
    1.5450    1.3829    0.0067    2.0000
    1.5500    1.3838    0.0067    2.0000
    1.5550    1.3848    0.0068    2.0000
    1.5600    1.3849    0.0069    2.0000
    1.5650    1.3870    0.0070    2.0000
    1.5700    1.3799    0.0070    2.0000
    1.5750    1.3845    0.0071    2.0000
    1.5800    1.3873    0.0071    2.0000
    1.5850    1.3803    0.0071    2.0000
    1.5900    1.3811    0.0071    2.0000
    1.5950    1.3869    0.0072    2.0000
    1.6000    1.3814    0.0072    2.0000
    1.6050    1.3786    0.0074    1.0000
    1.6100    1.3652    0.0072    1.0000
    1.6150    1.3803    0.0072    2.0000
    1.6200    1.3845    0.0072    2.0000
    1.6250    1.3812    0.0072    2.0000
    1.6300    1.3813    0.0072    2.0000
    1.6350    1.3794    0.0073    2.0000
    1.6400    1.3734    0.0074    2.0000
    1.6450    1.3722    0.0074    2.0000
    1.6500    1.3826    0.0074    2.0000
    1.6550    1.3751    0.0074    2.0000
    1.6600    1.3773    0.0074    2.0000
    1.6650    1.3743    0.0075    2.0000
    1.6700    1.3704    0.0075    2.0000
    1.6750    1.3685    0.0076    2.0000
    1.6800    1.3654    0.0076    2.0000
    1.6850    1.3652    0.0076    2.0000
    1.6900    1.3582    0.0076    2.0000
    1.6950    1.3471    0.0076    2.0000
    1.7000    1.3455    0.0077    2.0000
    1.7050    1.3574    0.0077    2.0000
    1.7100    1.3567    0.0078    2.0000
    1.7150    1.3591    0.0079    2.0000
    1.7200    1.3541    0.0079    2.0000
    1.7250    1.3514    0.0079    2.0000
    1.7300    1.3537    0.0080    2.0000
    1.7350    1.3601    0.0082    2.0000
    1.7400    1.3548    0.0082    2.0000
    1.7450    1.3548    0.0083    2.0000
    1.7500    1.3500    0.0082    2.0000
    1.7550    1.3489    0.0083    2.0000
    1.7600    1.3419    0.0083    2.0000
    1.7650    1.3479    0.0084    2.0000
    1.7700    1.3445    0.0086    2.0000
    1.7750    1.3414    0.0088    2.0000
    1.7800    1.3379    0.0088    2.0000
    1.7850    1.3506    0.0089    2.0000
    1.7900    1.3401    0.0091    2.0000
    1.7950    1.3300    0.0093    2.0000
    1.8000    1.3361    0.0098    2.0000
    1.8050   -1.0000   -1.0000    0.0000
    1.8100    1.3411    0.0112    2.0000
    1.8150    1.3395    0.0118    2.0000
    1.8200    1.3485    0.0127    2.0000
    1.8250    1.3435    0.0138    2.0000
    1.8300    1.3439    0.0153    2.0000
    1.8350    1.3533    0.0190    1.0000
    1.8400    1.3297    0.0200    1.0000
    1.8450    1.3286    0.0231    2.0000
    1.8500    1.3264    0.0232    2.0000
    1.8550    1.3228    0.0222    2.0000
    1.8600    1.3180    0.0215    2.0000
    1.8650    1.3225    0.0216    2.0000
    1.8700    1.3067    0.0212    1.0000
    1.8750    1.3246    0.0254    2.0000
    1.8800    1.3235    0.0197    1.0000
    1.8850    1.3174    0.0204    2.0000
    1.8900    1.3317    0.0171    2.0000
    1.8950   -1.0000   -1.0000    0.0000
    1.9000    1.3393    0.0189    2.0000
    1.9050    1.3119    0.0192    1.0000
    1.9100    1.3135    0.0218    2.0000
    1.9150    1.3081    0.0207    2.0000
    1.9200    1.3462    0.0213    1.0000
    1.9250    1.3082    0.0169    2.0000
    1.9300    1.3195    0.0157    2.0000
    1.9350    1.3165    0.0150    2.0000
    1.9400    1.3155    0.0143    2.0000
    1.9450    1.3228    0.0140    2.0000
    1.9500    1.3300    0.0140    2.0000
    1.9550    1.3081    0.0132    1.0000
    1.9600    1.3213    0.0145    2.0000
    1.9650    1.3074    0.0140    2.0000
    1.9700    1.3168    0.0132    2.0000
    1.9750    1.3190    0.0125    2.0000
    1.9800    1.3096    0.0115    2.0000
    1.9850    1.3158    0.0112    2.0000
    1.9900    1.3193    0.0111    2.0000
    1.9950    1.3160    0.0116    2.0000
    2.0000    1.3091    0.0139    2.0000
    2.0050    1.3208    0.0165    2.0000
    2.0100    1.3132    0.0173    2.0000
    2.0150    1.3049    0.0155    1.0000
    2.0200   -1.0000   -1.0000    0.0000
    2.0250    1.3123    0.0143    2.0000
    2.0300    1.3177    0.0128    2.0000
    2.0350    1.3190    0.0119    2.0000
    2.0400    1.3157    0.0116    2.0000
    2.0450    1.3106    0.0118    2.0000
    2.0500    1.3146    0.0124    2.0000
    2.0550    1.3235    0.0132    2.0000
    2.0600    1.3272    0.0136    2.0000
    2.0650    1.3368    0.0138    2.0000
    2.0700    1.3287    0.0135    2.0000
    2.0750    1.3350    0.0133    2.0000
    2.0800    1.3305    0.0129    2.0000
    2.0850    1.3146    0.0123    2.0000
    2.0900    1.3314    0.0124    2.0000
    2.0950    1.3273    0.0124    2.0000
    2.1000    1.3196    0.0124    2.0000
    2.1050    1.3275    0.0124    2.0000
    2.1100    1.3327    0.0127    2.0000
    2.1150    1.3268    0.0126    2.0000
    2.1200    1.3369    0.0128    2.0000
    2.1250    1.3300    0.0128    2.0000
    2.1300    1.3359    0.0129    2.0000
    2.1350    1.3434    0.0129    2.0000
    2.1400    1.3327    0.0130    2.0000
    2.1450    1.3320    0.0130    2.0000
    2.1500    1.3390    0.0132    2.0000
    2.1550    1.3292    0.0133    2.0000
    2.1600    1.3352    0.0135    2.0000
    2.1650    1.3524    0.0138    2.0000
    2.1700    1.3524    0.0140    2.0000
    2.1750    1.3394    0.0139    2.0000
    2.1800    1.3365    0.0138    2.0000
    2.1850    1.3410    0.0139    2.0000
    2.1900    1.3414    0.0140    2.0000
    2.1950    1.3448    0.0141    2.0000
    2.2000    1.3659    0.0146    2.0000
    2.2050    1.3581    0.0146    2.0000
    2.2100    1.3665    0.0147    2.0000
    2.2150    1.3592    0.0146    2.0000
    2.2200    1.3512    0.0146    2.0000
    2.2250    1.3648    0.0148    2.0000
    2.2300    1.3627    0.0149    2.0000
    2.2350    1.3529    0.0150    2.0000
    2.2400    1.3561    0.0152    2.0000
    2.2450    1.3695    0.0154    2.0000
    2.2500    1.3769    0.0157    2.0000
    2.2550    1.3641    0.0158    2.0000
    2.2600    1.3556    0.0159    2.0000
    2.2650    1.3596    0.0161    2.0000
    2.2700    1.3573    0.0162    2.0000
    2.2750    1.3685    0.0165    2.0000
    2.2800    1.3562    0.0165    2.0000
    2.2850    1.3604    0.0166    2.0000
    2.2900    1.3651    0.0169    2.0000
    2.2950    1.3769    0.0172    2.0000
    2.3000    1.3860    0.0174    2.0000
    2.3050    1.3650    0.0173    2.0000
    2.3100    1.3679    0.0177    2.0000
    2.3150    1.3666    0.0177    2.0000
    2.3200    1.3748    0.0180    2.0000
    2.3250    1.3747    0.0178    2.0000
    2.3300    1.3706    0.0179    2.0000
    2.3350    1.3836    0.0189    1.0000
    2.3400    1.3750    0.0192    1.0000
    2.3450    1.3562    0.0188    2.0000
    2.3500    1.3749    0.0189    2.0000
    2.3550   -1.0000   -1.0000    0.0000
    2.3600    1.3836    0.0192    2.0000
    2.3650    1.3788    0.0197    2.0000
    2.3700    1.3767    0.0199    2.0000
    2.3750    1.3881    0.0200    2.0000
    2.3800    1.3733    0.0201    2.0000
    2.3850   -1.0000   -1.0000    0.0000
    2.3900    1.3733    0.0200    2.0000
    2.3950    1.3783    0.0201    2.0000
    2.4000    1.3812    0.0209    1.0000
    2.4050   -1.0000   -1.0000    0.0000
    2.4100    1.3671    0.0210    2.0000
    2.4150    1.3816    0.0215    2.0000
    2.4200    1.3854    0.0214    2.0000
    2.4250   -1.0000   -1.0000    0.0000
    2.4300   -1.0000   -1.0000    0.0000
    2.4350   -1.0000   -1.0000    0.0000
    2.4400   -1.0000   -1.0000    0.0000
    2.4450   -1.0000   -1.0000    0.0000
    2.4500    1.3800    0.0500    1.0000
    2.4550   -1.0000   -1.0000    0.0000
    2.4600   -1.0000   -1.0000    0.0000
    2.4650   -1.0000   -1.0000    0.0000
    2.4700   -1.0000   -1.0000    0.0000
    2.4750   -1.0000   -1.0000    0.0000
    2.4800   -1.0000   -1.0000    0.0000
    2.4850   -1.0000   -1.0000    0.0000
    2.4900   -1.0000   -1.0000    0.0000
