    0.7800   -1.0000   -1.0000    0.0000
    0.7850   -1.0000   -1.0000    0.0000
    0.7900   -1.0000   -1.0000    0.0000
    0.7950   -1.0000   -1.0000    0.0000
    0.8000    1.0262    0.0191    2.0000
    0.8050    1.0244    0.0189    2.0000
    0.8100    1.0180    0.0188    2.0000
    0.8150    1.0230    0.0189    2.0000
    0.8200    1.0364    0.0187    2.0000
    0.8250    1.0304    0.0186    2.0000
    0.8300    1.0214    0.0184    2.0000
    0.8350    1.0172    0.0178    2.0000
    0.8400    1.0163    0.0178    2.0000
    0.8450    1.0050    0.0174    2.0000
    0.8500    1.0059    0.0177    2.0000
    0.8550    1.0206    0.0175    2.0000
    0.8600    1.0185    0.0176    2.0000
    0.8650    0.9980    0.0171    2.0000
    0.8700    1.0155    0.0166    2.0000
    0.8750    1.0125    0.0168    2.0000
    0.8800    0.9942    0.0169    2.0000
    0.8850    0.9983    0.0164    2.0000
    0.8900    1.0118    0.0160    2.0000
    0.8950    0.9925    0.0156    2.0000
    0.9000    0.9861    0.0157    2.0000
    0.9050    1.0034    0.0160    2.0000
    0.9100    0.9952    0.0161    2.0000
    0.9150    0.9769    0.0154    2.0000
    0.9200    0.9708    0.0154    2.0000
    0.9250    0.9956    0.0149    2.0000
    0.9300    0.9839    0.0155    2.0000
    0.9350    0.9880    0.0157    2.0000
    0.9400    0.9985    0.0157    2.0000
    0.9450    0.9950    0.0158    2.0000
    0.9500    1.0049    0.0158    2.0000
    0.9550    0.9885    0.0161    2.0000
    0.9600    0.9737    0.0156    2.0000
    0.9650    0.9774    0.0154    2.0000
    0.9700    1.0104    0.0150    2.0000
    0.9750    1.0053    0.0147    2.0000
    0.9800    0.9996    0.0142    2.0000
    0.9850    1.0073    0.0148    2.0000
    0.9900    0.9865    0.0144    2.0000
    0.9950    0.9962    0.0131    2.0000
    1.0000    0.9968    0.0131    2.0000
    1.0050    0.9918    0.0134    2.0000
    1.0100    0.9858    0.0130    2.0000
    1.0150    0.9733    0.0126    2.0000
    1.0200    0.9738    0.0135    2.0000
    1.0250    1.0063    0.0131    2.0000
    1.0300    1.0213    0.0137    2.0000
    1.0350    0.9988    0.0145    2.0000
    1.0400    1.0047    0.0134    2.0000
    1.0450    0.9989    0.0126    2.0000
    1.0500    0.9888    0.0133    2.0000
    1.0550    1.0034    0.0126    2.0000
    1.0600    1.0048    0.0121    2.0000
    1.0650    0.9943    0.0126    2.0000
    1.0700    1.0048    0.0126    2.0000
    1.0750    1.0244    0.0127    2.0000
    1.0800    1.0055    0.0134    2.0000
    1.0850    0.9988    0.0125    2.0000
    1.0900    0.9960    0.0125    2.0000
    1.0950    1.0087    0.0127    2.0000
    1.1000    1.0169    0.0136    2.0000
    1.1050    1.0246    0.0134    2.0000
    1.1100    1.0154    0.0126    2.0000
    1.1150    0.9946    0.0124    2.0000
    1.1200    1.0077    0.0122    2.0000
    1.1250    1.0138    0.0130    2.0000
    1.1300    1.0161    0.0139    2.0000
    1.1350    1.0134    0.0153    2.0000
    1.1400    1.0117    0.0127    2.0000
    1.1450    1.0016    0.0146    2.0000
    1.1500    0.9955    0.0143    1.0000
    1.1550    1.0199    0.0133    2.0000
    1.1600    1.0635    0.0142    1.0000
    1.1650    1.0555    0.0123    2.0000
    1.1700    1.0302    0.0113    2.0000
    1.1750    1.0268    0.0121    2.0000
    1.1800    1.0255    0.0118    2.0000
    1.1850    1.0371    0.0127    2.0000
    1.1900    1.0585    0.0126    2.0000
    1.1950    1.0775    0.0124    1.0000
    1.2000    1.0730    0.0125    2.0000
    1.2050    1.0506    0.0118    2.0000
    1.2100    1.0577    0.0123    2.0000
    1.2150    1.0622    0.0127    2.0000
    1.2200    1.0535    0.0122    2.0000
    1.2250    1.0516    0.0117    2.0000
    1.2300    1.0491    0.0118    2.0000
    1.2350    1.0566    0.0115    2.0000
    1.2400    1.0751    0.0120    2.0000
    1.2450    1.0720    0.0124    2.0000
    1.2500    1.0883    0.0121    2.0000
    1.2550    1.0550    0.0119    2.0000
    1.2600    1.0497    0.0120    2.0000
    1.2650   -1.0000   -1.0000    0.0000
    1.2700    1.0394    0.0134    1.0000
    1.2750    1.0623    0.0128    2.0000
    1.2800    1.0433    0.0124    2.0000
    1.2850    1.0673    0.0122    2.0000
    1.2900    1.0870    0.0127    2.0000
    1.2950    1.0843    0.0122    2.0000
    1.3000    1.0712    0.0121    2.0000
    1.3050    1.0673    0.0125    2.0000
    1.3100    1.0942    0.0147    2.0000
    1.3150    1.0900    0.0116    2.0000
    1.3200    1.0724    0.0123    2.0000
    1.3250    1.0594    0.0142    2.0000
    1.3300    1.0497    0.0122    2.0000
    1.3350    1.0804    0.0130    2.0000
    1.3400    1.0594    0.0149    2.0000
    1.3450   -1.0000   -1.0000    0.0000
    1.3500   -1.0000   -1.0000    0.0000
    1.3550    1.0747    0.0252    1.0000
    1.3600    1.1000    0.0227    2.0000
    1.3650    1.1030    0.0250    2.0000
    1.3700    1.1030    0.0257    2.0000
    1.3750    1.0888    0.0244    2.0000
    1.3800    1.0801    0.0228    2.0000
    1.3850    1.0874    0.0225    2.0000
    1.3900    1.0601    0.0230    2.0000
    1.3950   -1.0000   -1.0000    0.0000
    1.4000    1.0932    0.0235    2.0000
    1.4050    1.0985    0.0225    2.0000
    1.4100    1.0746    0.0186    2.0000
    1.4150    1.0736    0.0184    2.0000
    1.4200    1.1008    0.0179    2.0000
    1.4250    1.0946    0.0179    2.0000
    1.4300    1.1146    0.0165    2.0000
    1.4350    1.0808    0.0170    2.0000
    1.4400    1.0780    0.0181    2.0000
    1.4450    1.1084    0.0160    2.0000
    1.4500    1.0890    0.0161    2.0000
    1.4550    1.1149    0.0154    2.0000
    1.4600    1.0817    0.0150    2.0000
    1.4650    1.0716    0.0149    2.0000
    1.4700    1.0870    0.0153    2.0000
    1.4750    1.0923    0.0172    2.0000
    1.4800    1.1044    0.0154    2.0000
    1.4850    1.1162    0.0150    2.0000
    1.4900    1.1239    0.0146    2.0000
    1.4950    1.1181    0.0155    2.0000
    1.5000    1.1012    0.0163    2.0000
    1.5050    1.0731    0.0161    2.0000
    1.5100    1.0904    0.0156    2.0000
    1.5150    1.0864    0.0137    2.0000
    1.5200    1.0826    0.0151    2.0000
    1.5250    1.0623    0.0138    2.0000
    1.5300   -1.0000   -1.0000    0.0000
    1.5350   -1.0000   -1.0000    0.0000
    1.5400    1.0829    0.0147    2.0000
    1.5450    1.0956    0.0141    2.0000
    1.5500    1.0821    0.0148    2.0000
    1.5550    1.0634    0.0161    2.0000
    1.5600    1.0855    0.0149    2.0000
    1.5650    1.0956    0.0161    2.0000
    1.5700    1.0862    0.0148    2.0000
    1.5750    1.0997    0.0176    2.0000
    1.5800    1.1027    0.0178    2.0000
    1.5850    1.1231    0.0180    2.0000
    1.5900    1.1045    0.0158    2.0000
    1.5950    1.0673    0.0166    2.0000
    1.6000    1.0892    0.0149    2.0000
    1.6050    1.0894    0.0158    2.0000
    1.6100    1.0811    0.0163    2.0000
    1.6150    1.0674    0.0155    2.0000
    1.6200    1.0798    0.0167    2.0000
    1.6250    1.1007    0.0167    2.0000
    1.6300    1.0946    0.0151    2.0000
    1.6350   -1.0000   -1.0000    0.0000
    1.6400    1.0886    0.0167    2.0000
    1.6450    1.0983    0.0153    2.0000
    1.6500    1.0781    0.0158    2.0000
    1.6550    1.0955    0.0176    2.0000
    1.6600    1.1344    0.0176    2.0000
    1.6650    1.1089    0.0171    2.0000
    1.6700    1.0702    0.0159    2.0000
    1.6750    1.0710    0.0170    2.0000
    1.6800    1.0695    0.0168    2.0000
    1.6850    1.1048    0.0178    2.0000
    1.6900    1.1460    0.0196    2.0000
    1.6950    1.1229    0.0180    2.0000
    1.7000    1.0919    0.0174    2.0000
    1.7050    1.1001    0.0184    2.0000
    1.7100    1.0719    0.0194    2.0000
    1.7150    1.0887    0.0180    2.0000
    1.7200    1.1110    0.0167    2.0000
    1.7250    1.0962    0.0175    2.0000
    1.7300    1.0730    0.0174    2.0000
    1.7350   -1.0000   -1.0000    0.0000
    1.7400   -1.0000   -1.0000    0.0000
    1.7450    1.0911    0.0207    2.0000
    1.7500    1.0950    0.0174    2.0000
    1.7550    1.0980    0.0192    2.0000
    1.7600    1.0753    0.0213    2.0000
    1.7650    1.0981    0.0194    2.0000
    1.7700    1.1243    0.0218    2.0000
    1.7750    1.1228    0.0225    2.0000
    1.7800    1.0938    0.0218    2.0000
    1.7850    1.1031    0.0205    2.0000
    1.7900    1.1266    0.0206    2.0000
    1.7950    1.1418    0.0248    2.0000
    1.8000    1.1068    0.0221    2.0000
    1.8050    1.0949    0.0252    2.0000
    1.8100    1.1601    0.0260    2.0000
    1.8150    1.1314    0.0238    2.0000
    1.8200    1.0960    0.0261    2.0000
    1.8250    1.0922    0.0280    2.0000
    1.8300   -1.0000   -1.0000    0.0000
    1.8350   -1.0000   -1.0000    0.0000
    1.8400    1.1602    0.0452    2.0000
    1.8450   -1.0000   -1.0000    0.0000
    1.8500    1.1418    0.0496    2.0000
    1.8550    1.1474    0.0484    2.0000
    1.8600   -1.0000   -1.0000    0.0000
    1.8650    1.1430    0.0470    2.0000
    1.8700   -1.0000   -1.0000    0.0000
    1.8750    1.0961    0.0600    2.0000
    1.8800   -1.0000   -1.0000    0.0000
    1.8850    1.1837    0.0450    2.0000
    1.8900    1.1473    0.0392    2.0000
    1.8950    1.1027    0.0356    2.0000
    1.9000   -1.0000   -1.0000    0.0000
    1.9050   -1.0000   -1.0000    0.0000
    1.9100    1.1361    0.0478    2.0000
    1.9150    1.1535    0.0441    2.0000
    1.9200    1.0753    0.0425    2.0000
    1.9250    1.0962    0.0413    2.0000
    1.9300    1.1342    0.0354    2.0000
    1.9350    1.1269    0.0348    2.0000
    1.9400    1.1245    0.0312    2.0000
    1.9450    1.1000    0.0307    2.0000
    1.9500    1.0826    0.0308    2.0000
    1.9550    1.1061    0.0333    2.0000
    1.9600   -1.0000   -1.0000    0.0000
    1.9650    1.0664    0.0368    2.0000
    1.9700    1.1055    0.0308    2.0000
    1.9750    1.1087    0.0319    2.0000
    1.9800    1.1389    0.0279    2.0000
    1.9850    1.1401    0.0288    2.0000
    1.9900    1.1288    0.0288    2.0000
    1.9950    1.0847    0.0252    2.0000
    2.0000    1.1031    0.0288    2.0000
    2.0050    1.1174    0.0322    2.0000
    2.0100    1.1460    0.0442    2.0000
    2.0150    1.1413    0.0434    2.0000
    2.0200    1.1492    0.0402    2.0000
    2.0250    1.1304    0.0367    2.0000
    2.0300    1.0942    0.0285    2.0000
    2.0350    1.1061    0.0282    2.0000
    2.0400    1.1185    0.0274    2.0000
    2.0450    1.1726    0.0297    2.0000
    2.0500   -1.0000   -1.0000    0.0000
    2.0550    1.1577    0.0305    2.0000
    2.0600    1.1067    0.0334    2.0000
    2.0650    1.0916    0.0321    2.0000
    2.0700    1.0860    0.0308    2.0000
    2.0750    1.1737    0.0322    2.0000
    2.0800    1.1525    0.0282    2.0000
    2.0850    1.0816    0.0266    2.0000
    2.0900    1.1086    0.0277    2.0000
    2.0950   -1.0000   -1.0000    0.0000
    2.1000    1.0987    0.0303    2.0000
    2.1050    1.1646    0.0280    2.0000
    2.1100    1.1171    0.0293    2.0000
    2.1150    1.1018    0.0275    2.0000
    2.1200    1.1415    0.0325    2.0000
    2.1250    1.1863    0.0296    2.0000
    2.1300    1.1839    0.0277    2.0000
    2.1350    1.1357    0.0281    2.0000
    2.1400    1.1377    0.0293    2.0000
    2.1450    1.1314    0.0297    2.0000
    2.1500    1.0981    0.0284    2.0000
    2.1550    1.1568    0.0316    2.0000
    2.1600    1.1507    0.0333    2.0000
    2.1650    1.1059    0.0300    2.0000
    2.1700    1.1211    0.0334    2.0000
    2.1750    1.1001    0.0301    2.0000
    2.1800    1.1118    0.0297    2.0000
    2.1850    1.1442    0.0309    2.0000
    2.1900    1.1473    0.0360    2.0000
    2.1950    1.1275    0.0316    2.0000
    2.2000    1.0929    0.0327    2.0000
    2.2050    1.1032    0.0344    2.0000
    2.2100    1.1427    0.0333    2.0000
    2.2150    1.1750    0.0339    2.0000
    2.2200    1.1494    0.0355    2.0000
    2.2250    1.1280    0.0366    2.0000
    2.2300    1.1906    0.0343    2.0000
    2.2350    1.1994    0.0326    2.0000
    2.2400    1.1324    0.0315    2.0000
    2.2450   -1.0000   -1.0000    0.0000
    2.2500   -1.0000   -1.0000    0.0000
    2.2550    1.1039    0.0356    2.0000
    2.2600    1.1803    0.0355    2.0000
    2.2650    1.1207    0.0351    2.0000
    2.2700    1.1185    0.0364    2.0000
    2.2750    1.1505    0.0357    2.0000
    2.2800    1.1314    0.0340    2.0000
    2.2850   -1.0000   -1.0000    0.0000
    2.2900   -1.0000   -1.0000    0.0000
    2.2950   -1.0000   -1.0000    0.0000
    2.3000    1.0968    0.0377    2.0000
    2.3050    1.1483    0.0398    2.0000
    2.3100   -1.0000   -1.0000    0.0000
    2.3150   -1.0000   -1.0000    0.0000
    2.3200   -1.0000   -1.0000    0.0000
    2.3250   -1.0000   -1.0000    0.0000
    2.3300    1.1040    0.0412    2.0000
    2.3350    1.1510    0.0437    2.0000
    2.3400    1.1379    0.0401    2.0000
    2.3450    1.1484    0.0425    2.0000
    2.3500    1.1666    0.0437    2.0000
    2.3550   -1.0000   -1.0000    0.0000
    2.3600    1.1638    0.0436    2.0000
    2.3650   -1.0000   -1.0000    0.0000
    2.3700   -1.0000   -1.0000    0.0000
    2.3750   -1.0000   -1.0000    0.0000
    2.3800    1.1254    0.0467    2.0000
    2.3850   -1.0000   -1.0000    0.0000
    2.3900   -1.0000   -1.0000    0.0000
    2.3950   -1.0000   -1.0000    0.0000
    2.4000   -1.0000   -1.0000    0.0000
    2.4050   -1.0000   -1.0000    0.0000
    2.4100   -1.0000   -1.0000    0.0000
    2.4150   -1.0000   -1.0000    0.0000
    2.4200   -1.0000   -1.0000    0.0000
    2.4250    1.1566    0.0519    2.0000
    2.4300   -1.0000   -1.0000    0.0000
    2.4350   -1.0000   -1.0000    0.0000
    2.4400   -1.0000   -1.0000    0.0000
    2.4450   -1.0000   -1.0000    0.0000
    2.4500    1.1500    0.1000    1.0000
    2.4550   -1.0000   -1.0000    0.0000
    2.4600   -1.0000   -1.0000    0.0000
    2.4650   -1.0000   -1.0000    0.0000
    2.4700   -1.0000   -1.0000    0.0000
    2.4750   -1.0000   -1.0000    0.0000
    2.4800   -1.0000   -1.0000    0.0000
    2.4850   -1.0000   -1.0000    0.0000
    2.4900   -1.0000   -1.0000    0.0000
