    0.6500   -1.0000   -1.0000         0
    0.6550   -1.0000   -1.0000         0
    0.6600   -1.0000   -1.0000         0
    0.6650   -1.0000   -1.0000         0
    0.6700   -1.0000   -1.0000         0
    0.6750   -1.0000   -1.0000         0
    0.6800   -1.0000   -1.0000         0
    0.6850   -1.0000   -1.0000         0
    0.6900   -1.0000   -1.0000         0
    0.6950   -1.0000   -1.0000         0
    0.7000   -1.0000   -1.0000         0
    0.7050   -1.0000   -1.0000         0
    0.7100   -1.0000   -1.0000         0
    0.7150   -1.0000   -1.0000         0
    0.7200   -1.0000   -1.0000         0
    0.7250   -1.0000   -1.0000         0
    0.7300   -1.0000   -1.0000         0
    0.7350   -1.0000   -1.0000         0
    0.7400   -1.0000   -1.0000         0
    0.7450   -1.0000   -1.0000         0
    0.7500   -1.0000   -1.0000         0
    0.7550   -1.0000   -1.0000         0
    0.7600   -1.0000   -1.0000         0
    0.7650   -1.0000   -1.0000         0
    0.7700   -1.0000   -1.0000         0
    0.7750   -1.0000   -1.0000         0
    0.7800    1.0446    0.0058         2
    0.7850    1.0437    0.0056         2
    0.7900    1.0437    0.0057         2
    0.7950    1.0467    0.0055         2
    0.8000    1.0433    0.0055         2
    0.8050    1.0400    0.0054         2
    0.8100    1.0437    0.0054         2
    0.8150    1.0353    0.0054         2
    0.8200    1.0365    0.0053         2
    0.8250    1.0308    0.0054         2
    0.8300    1.0311    0.0051         2
    0.8350    1.0263    0.0053         2
    0.8400    1.0315    0.0050         2
    0.8450    1.0267    0.0050         2
    0.8500    1.0252    0.0053         2
    0.8550    1.0219    0.0048         2
    0.8600    1.0190    0.0054         2
    0.8650    1.0065    0.0050         1
    0.8700    1.0106    0.0053         2
    0.8750    0.9993    0.0048         2
    0.8800    0.9994    0.0050         2
    0.8850    1.0028    0.0049         2
    0.8900    1.0035    0.0049         2
    0.8950    1.0014    0.0048         2
    0.9000    0.9949    0.0047         2
    0.9050    1.0046    0.0047         2
    0.9100    1.0072    0.0045         2
    0.9150    1.0039    0.0045         2
    0.9200    1.0023    0.0045         2
    0.9250    1.0000    0.0047         2
    0.9300    0.9986    0.0048         2
    0.9350   -1.0000   -1.0000         0
    0.9400   -1.0000   -1.0000         0
    0.9450    0.9884    0.0046         2
    0.9500    0.9902    0.0048         2
    0.9550    0.9881    0.0046         2
    0.9600    1.0004    0.0045         2
    0.9650    0.9996    0.0043         2
    0.9700    1.0018    0.0042         2
    0.9750    1.0045    0.0041         2
    0.9800    0.9996    0.0042         2
    0.9850    0.9908    0.0041         2
    0.9900    0.9935    0.0040         2
    0.9950    0.9898    0.0040         2
    1.0000    0.9918    0.0040         2
    1.0050    0.9958    0.0039         2
    1.0100    0.9995    0.0039         2
    1.0150    1.0008    0.0038         2
    1.0200    0.9995    0.0037         2
    1.0250    0.9938    0.0039         2
    1.0300    0.9968    0.0039         2
    1.0350    0.9997    0.0037         2
    1.0400    0.9964    0.0037         2
    1.0450    0.9974    0.0038         2
    1.0500    1.0008    0.0036         2
    1.0550    1.0055    0.0038         2
    1.0600    1.0037    0.0039         2
    1.0650    1.0002    0.0039         2
    1.0700    1.0054    0.0037         2
    1.0750    1.0078    0.0036         2
    1.0800    1.0038    0.0039         2
    1.0850    1.0100    0.0036         2
    1.0900    1.0129    0.0037         2
    1.0950    1.0145    0.0039         2
    1.1000    1.0160    0.0039         2
    1.1050    1.0175    0.0038         2
    1.1100    1.0171    0.0043         2
    1.1150    1.0203    0.0041         2
    1.1200    1.0201    0.0040         2
    1.1250    1.0178    0.0042         2
    1.1300    1.0200    0.0040         2
    1.1350    1.0254    0.0040         2
    1.1400    1.0331    0.0040         2
    1.1450    1.0372    0.0041         2
    1.1500    1.0360    0.0039         2
    1.1550    1.0309    0.0038         2
    1.1600    1.0378    0.0040         2
    1.1650    1.0415    0.0036         2
    1.1700    1.0457    0.0034         2
    1.1750    1.0435    0.0035         2
    1.1800    1.0409    0.0034         2
    1.1850    1.0471    0.0034         2
    1.1900    1.0494    0.0033         2
    1.1950    1.0498    0.0034         2
    1.2000    1.0502    0.0035         2
    1.2050    1.0482    0.0034         2
    1.2100    1.0516    0.0036         2
    1.2150    1.0514    0.0035         2
    1.2200    1.0554    0.0035         2
    1.2250    1.0547    0.0034         2
    1.2300    1.0554    0.0034         2
    1.2350    1.0640    0.0038         2
    1.2400    1.0621    0.0036         2
    1.2450    1.0614    0.0033         2
    1.2500    1.0618    0.0034         2
    1.2550    1.0650    0.0036         2
    1.2600    1.0702    0.0038         2
    1.2650    1.0670    0.0038         2
    1.2700    1.0684    0.0035         2
    1.2750    1.0576    0.0032         1
    1.2800    1.0694    0.0037         2
    1.2850    1.0645    0.0036         2
    1.2900    1.0686    0.0035         2
    1.2950    1.0710    0.0034         2
    1.3000    1.0681    0.0035         2
    1.3050    1.0693    0.0035         2
    1.3100    1.0755    0.0036         2
    1.3150    1.0771    0.0037         2
    1.3200    1.0777    0.0035         2
    1.3250    1.0772    0.0036         2
    1.3300    1.0803    0.0036         2
    1.3350    1.0805    0.0035         2
    1.3400    1.0841    0.0044         2
    1.3450    1.0906    0.0043         1
    1.3500    1.0975    0.0048         1
    1.3550    1.0836    0.0051         1
    1.3600    1.0780    0.0074         2
    1.3650    1.0768    0.0090         1
    1.3700    1.0895    0.0098         1
    1.3750   -1.0000   -1.0000         0
    1.3800   -1.0000   -1.0000         0
    1.3850    1.0925    0.0075         2
    1.3900    1.0937    0.0072         2
    1.3950   -1.0000   -1.0000         0
    1.4000    1.0987    0.0070         2
    1.4050    1.0973    0.0066         2
    1.4100    1.0969    0.0061         2
    1.4150    1.0961    0.0059         2
    1.4200    1.0972    0.0055         2
    1.4250    1.1052    0.0050         2
    1.4300    1.1055    0.0052         2
    1.4350    1.1006    0.0047         2
    1.4400    1.1037    0.0048         2
    1.4450    1.1103    0.0047         2
    1.4500    1.1093    0.0045         2
    1.4550    1.1073    0.0045         2
    1.4600    1.1183    0.0044         2
    1.4650    1.1131    0.0042         2
    1.4700    1.1087    0.0044         2
    1.4750    1.1091    0.0047         2
    1.4800    1.1140    0.0043         2
    1.4850    1.1092    0.0042         2
    1.4900    1.1150    0.0045         2
    1.4950    1.1144    0.0048         1
    1.5000    1.1182    0.0040         2
    1.5050    1.1174    0.0041         2
    1.5100    1.1142    0.0041         2
    1.5150    1.1242    0.0042         2
    1.5200    1.1333    0.0041         2
    1.5250    1.1362    0.0042         2
    1.5300    1.1197    0.0045         2
    1.5350    1.1204    0.0040         2
    1.5400    1.1321    0.0039         2
    1.5450    1.1288    0.0039         2
    1.5500    1.1395    0.0042         2
    1.5550    1.1373    0.0042         2
    1.5600    1.1380    0.0046         2
    1.5650    1.1412    0.0044         2
    1.5700    1.1330    0.0044         2
    1.5750    1.1261    0.0043         2
    1.5800    1.1412    0.0042         2
    1.5850    1.1362    0.0041         2
    1.5900    1.1343    0.0042         2
    1.5950    1.1308    0.0042         2
    1.6000    1.1418    0.0044         2
    1.6050    1.1392    0.0045         2
    1.6100    1.1406    0.0044         2
    1.6150    1.1373    0.0045         2
    1.6200    1.1370    0.0046         2
    1.6250    1.1474    0.0046         2
    1.6300    1.1470    0.0046         2
    1.6350    1.1422    0.0049         2
    1.6400    1.1508    0.0046         2
    1.6450    1.1431    0.0043         2
    1.6500    1.1376    0.0043         2
    1.6550    1.1441    0.0044         2
    1.6600    1.1494    0.0047         2
    1.6650    1.1490    0.0048         2
    1.6700    1.1362    0.0046         2
    1.6750    1.1427    0.0045         2
    1.6800    1.1396    0.0045         2
    1.6850    1.1462    0.0046         2
    1.6900    1.1515    0.0045         2
    1.6950    1.1359    0.0049         2
    1.7000    1.1491    0.0048         2
    1.7050    1.1543    0.0049         2
    1.7100    1.1458    0.0046         2
    1.7150    1.1378    0.0054         2
    1.7200    1.1513    0.0049         2
    1.7250    1.1515    0.0049         2
    1.7300    1.1528    0.0051         2
    1.7350    1.1494    0.0050         2
    1.7400    1.1548    0.0049         2
    1.7450    1.1535    0.0049         2
    1.7500    1.1441    0.0047         2
    1.7550    1.1491    0.0048         2
    1.7600    1.1520    0.0054         2
    1.7650    1.1547    0.0049         2
    1.7700    1.1435    0.0051         2
    1.7750    1.1481    0.0050         2
    1.7800    1.1382    0.0052         2
    1.7850    1.1465    0.0053         2
    1.7900    1.1294    0.0058         2
    1.7950    1.1347    0.0057         2
    1.8000    1.1395    0.0056         2
    1.8050    1.1301    0.0060         2
    1.8100    1.1313    0.0073         2
    1.8150    1.1542    0.0078         2
    1.8200    1.1458    0.0080         2
    1.8250    1.1432    0.0089         2
    1.8300    1.1641    0.0085         1
    1.8350    1.1558    0.0098         1
    1.8400    1.1279    0.0159         1
    1.8450    1.1326    0.0143         2
    1.8500   -1.0000   -1.0000         0
    1.8550    1.1563    0.0140         2
    1.8600    1.1424    0.0136         2
    1.8650    1.1489    0.0118         1
    1.8700   -1.0000   -1.0000         0
    1.8750   -1.0000   -1.0000         0
    1.8800    1.1504    0.0159         2
    1.8850    1.1602    0.0109         2
    1.8900    1.1370    0.0108         2
    1.8950    1.1466    0.0124         2
    1.9000    1.1616    0.0106         1
    1.9050    1.1542    0.0133         2
    1.9100    1.1444    0.0130         2
    1.9150    1.1389    0.0120         2
    1.9200    1.1361    0.0105         2
    1.9250    1.1547    0.0096         2
    1.9300    1.1634    0.0091         2
    1.9350    1.1691    0.0071         1
    1.9400   -1.0000   -1.0000         0
    1.9450   -1.0000   -1.0000         0
    1.9500    1.1600    0.0072         1
    1.9550    1.1365    0.0083         2
    1.9600    1.1447    0.0077         2
    1.9650    1.1520    0.0078         2
    1.9700    1.1346    0.0077         2
    1.9750    1.1466    0.0066         2
    1.9800    1.1487    0.0063         2
    1.9850    1.1617    0.0065         2
    1.9900    1.1598    0.0063         2
    1.9950    1.1610    0.0064         1
    2.0000   -1.0000   -1.0000         0
    2.0050    1.1528    0.0086         2
    2.0100   -1.0000   -1.0000         0
    2.0150    1.1480    0.0086         2
    2.0200    1.1496    0.0081         2
    2.0250    1.1450    0.0073         2
    2.0300    1.1493    0.0071         2
    2.0350    1.1591    0.0067         2
    2.0400    1.1600    0.0065         2
    2.0450    1.1659    0.0076         2
    2.0500    1.1737    0.0075         2
    2.0550    1.1559    0.0069         2
    2.0600    1.1570    0.0073         2
    2.0650    1.1579    0.0074         2
    2.0700    1.1537    0.0068         2
    2.0750    1.1522    0.0068         2
    2.0800    1.1635    0.0066         2
    2.0850    1.1604    0.0067         2
    2.0900    1.1698    0.0065         2
    2.0950    1.1794    0.0071         2
    2.1000    1.1711    0.0065         2
    2.1050    1.1661    0.0065         2
    2.1100    1.1708    0.0069         2
    2.1150    1.1777    0.0070         2
    2.1200    1.1756    0.0066         2
    2.1250    1.1682    0.0066         2
    2.1300    1.1679    0.0067         2
    2.1350    1.1725    0.0066         2
    2.1400    1.1771    0.0066         2
    2.1450    1.1765    0.0068         2
    2.1500    1.1711    0.0070         2
    2.1550    1.1704    0.0070         2
    2.1600    1.1744    0.0071         2
    2.1650    1.1745    0.0075         2
    2.1700    1.1792    0.0072         2
    2.1750    1.1886    0.0073         2
    2.1800    1.1867    0.0072         2
    2.1850    1.1822    0.0071         2
    2.1900    1.1661    0.0075         2
    2.1950    1.1667    0.0077         2
    2.2000    1.1770    0.0074         2
    2.2050    1.1699    0.0073         2
    2.2100    1.1732    0.0076         2
    2.2150    1.1867    0.0094         1
    2.2200    1.1769    0.0078         2
    2.2250    1.1976    0.0081         2
    2.2300    1.1959    0.0076         2
    2.2350    1.1871    0.0078         2
    2.2400    1.1773    0.0078         2
    2.2450    1.1914    0.0080         2
    2.2500    1.2046    0.0081         2
    2.2550    1.1958    0.0122         1
    2.2600    1.1880    0.0079         2
    2.2650    1.1959    0.0080         2
    2.2700    1.1825    0.0079         2
    2.2750    1.1983    0.0084         2
    2.2800    1.2011    0.0082         2
    2.2850    1.2013    0.0081         2
    2.2900    1.2009    0.0085         2
    2.2950    1.1968    0.0088         2
    2.3000    1.2061    0.0088         2
    2.3050    1.1850    0.0083         2
    2.3100    1.1940    0.0093         2
    2.3150    1.1965    0.0083         2
    2.3200    1.1923    0.0084         2
    2.3250    1.1957    0.0081         1
    2.3300    1.1977    0.0088         2
    2.3350    1.2092    0.0090         2
    2.3400    1.2053    0.0092         2
    2.3450    1.2076    0.0100         2
    2.3500    1.1955    0.0104         2
    2.3550    1.2158    0.0109         2
    2.3600    1.2011    0.0098         2
    2.3650    1.2130    0.0093         2
    2.3700    1.1965    0.0092         2
    2.3750    1.2108    0.0097         2
    2.3800    1.2121    0.0106         2
    2.3850    1.2059    0.0085         1
    2.3900    1.2060    0.0096         2
    2.3950    1.2096    0.0098         2
    2.4000    1.2105    0.0101         2
    2.4050    1.2275    0.0110         1
    2.4100    1.2267    0.0102         2
    2.4150    1.2079    0.0103         2
    2.4200    1.2164    0.0104         2
    2.4250    1.2255    0.0117         1
    2.4300    1.2256    0.0122         1
    2.4350    1.2239    0.0123         1
    2.4400    1.2090    0.0113         2
    2.4450    1.2114    0.0114         1
    2.4500    1.2135    0.0115         2
    2.4550   -1.0000   -1.0000         0
    2.4600   -1.0000   -1.0000         0
    2.4650   -1.0000   -1.0000         0
    2.4700   -1.0000   -1.0000         0
    2.4750   -1.0000   -1.0000         0
    2.4800   -1.0000   -1.0000         0
    2.4850   -1.0000   -1.0000         0
    2.4900   -1.0000   -1.0000         0
