    0.4350    0.8459    0.0112         1
    0.4375    0.8542    0.0103         1
    0.4400    0.8648    0.0096         1
    0.4425    0.8639    0.0087         1
    0.4450    0.8575    0.0080         1
    0.4475    0.8729    0.0078         1
    0.4500    0.8695    0.0072         1
    0.4525    0.8668    0.0067         1
    0.4550    0.8814    0.0064         1
    0.4575    0.8977    0.0062         1
    0.4600    0.8943    0.0059         1
    0.4625    0.8939    0.0056         1
    0.4650    0.9020    0.0054         1
    0.4675    0.9042    0.0051         1
    0.4700    0.9084    0.0048         1
    0.4725    0.9004    0.0046         1
    0.4750    0.9109    0.0044         1
    0.4775    0.9252    0.0042         1
    0.4800    0.9256    0.0042         1
    0.4825    0.9122    0.0040         1
    0.4850    0.9243    0.0039         1
    0.4875    0.9230    0.0038         1
    0.4900    0.9334    0.0036         1
    0.4925    0.9392    0.0035         1
    0.4950    0.9441    0.0035         1
    0.4975    0.9388    0.0033         1
    0.5000    0.9479    0.0032         1
    0.5025    0.9488    0.0031         1
    0.5050    0.9500    0.0030         1
    0.5075    0.9611    0.0029         1
    0.5100    0.9687    0.0029         1
    0.5125    0.9635    0.0029         1
    0.5150    0.9520    0.0028         1
    0.5175    0.9685    0.0027         1
    0.5200    0.9740    0.0026         1
    0.5225    0.9695    0.0025         1
    0.5250    0.9733    0.0025         1
    0.5275    0.9860    0.0024         1
    0.5300    0.9805    0.0023         1
    0.5325    0.9859    0.0023         1
    0.5350    0.9906    0.0023         1
    0.5375    0.9843    0.0022         1
    0.5400    0.9945    0.0022         1
    0.5425    0.9916    0.0021         1
    0.5450    0.9968    0.0021         1
    0.5475    1.0021    0.0021         1
    0.5500    1.0022    0.0020         1
    0.5525    1.0069    0.0020         1
    0.5550    1.0048    0.0020         1
    0.5575    1.0107    0.0020         1
    0.5600    1.0165    0.0019         1
    0.5625    1.0124    0.0019         1
    0.5650    1.0172    0.0019         1
    0.5675    1.0152    0.0019         1
    0.5700    1.0190    0.0018         1
    0.5725    1.0188    0.0018         1
    0.5750    1.0168    0.0018         1
    0.5775    1.0201    0.0017         1
    0.5800    1.0288    0.0017         1
    0.5825    1.0293    0.0017         1
    0.5850    1.0243    0.0017         1
    0.5875    1.0212    0.0017         1
    0.5900    1.0307    0.0017         1
    0.5925    1.0296    0.0016         1
    0.5950    1.0310    0.0016         1
    0.5975    1.0316    0.0016         1
    0.6000    1.0323    0.0016         1
    0.6025    1.0387    0.0016         1
    0.6050    1.0403    0.0016         1
    0.6075    1.0410    0.0016         1
    0.6100    1.0430    0.0016         1
    0.6125    1.0368    0.0015         1
    0.6150    1.0452    0.0015         1
    0.6175    1.0497    0.0015         1
    0.6200    1.0479    0.0015         1
    0.6225    1.0517    0.0015         1
    0.6250    1.0553    0.0015         1
    0.6275    1.0528    0.0015         1
    0.6300    1.0572    0.0015         1
    0.6325    1.0595    0.0015         1
    0.6350    1.0638    0.0015         1
    0.6375    1.0619    0.0015         1
    0.6400    1.0655    0.0015         1
    0.6425    1.0696    0.0015         1
    0.6450    1.0626    0.0014         1
    0.6475    1.0765    0.0015         1
    0.6500    1.0778    0.0015         1
    0.6525    1.0509    0.0014         1
    0.6550    1.0728    0.0014         1
    0.6575    1.0746    0.0014         1
    0.6600    1.0734    0.0014         1
    0.6625    1.0803    0.0014         1
    0.6650    1.0785    0.0014         1
    0.6675    1.0780    0.0014         1
    0.6700    1.0805    0.0014         1
    0.6725    1.0796    0.0014         1
    0.6750    1.0845    0.0014         1
    0.6775    1.0942    0.0014         1
    0.6800    1.0991    0.0014         1
    0.6825    1.0848    0.0014         1
    0.6850    1.0859    0.0014         1
    0.6875    1.0917    0.0014         1
    0.6900    1.0941    0.0014         1
    0.6925    1.0971    0.0014         1
    0.6950    1.0957    0.0014         1
    0.6975    1.0976    0.0014         1
    0.7000    1.0999    0.0014         1
    0.7025    1.0966    0.0014         1
    0.7050    1.1000    0.0014         1
    0.7075    1.1097    0.0014         1
    0.7100    1.1194    0.0015         1
    0.7125    1.1034    0.0015         1
    0.7150    1.1095    0.0015         1
    0.7175    1.1189    0.0015         1
    0.7200    1.1049    0.0015         1
    0.7225    1.1099    0.0016         1
    0.7250    1.1061    0.0016         1
    0.7275    1.1020    0.0016         1
    0.7300    1.1095    0.0016         1
    0.7325    1.1066    0.0016         1
    0.7350    1.1024    0.0016         1
    0.7375    1.1038    0.0015         1
    0.7400    1.1054    0.0015         1
    0.7425    1.1032    0.0015         1
    0.7450    1.0973    0.0015         1
    0.7475    1.0963    0.0015         1
    0.7600    1.0913    0.0031         1
    0.7625    1.0984    0.0018         1
    0.7650    1.0857    0.0018         1
    0.7675    1.0888    0.0017         1
    0.7700    1.0803    0.0016         1
    0.7725    1.0739    0.0016         1
    0.7750    1.0794    0.0016         1
    0.7775    1.0794    0.0016         1
    0.7800    1.0772    0.0017         1
    0.7825    1.0790    0.0017         1
    0.7850    1.0740    0.0017         1
    0.7875    1.0673    0.0017         1
    0.7900    1.0696    0.0017         1
    0.7925    1.0606    0.0017         1
    0.7950    1.0673    0.0017         1
    0.7975    1.0576    0.0017         1
    0.8000    1.0523    0.0017         1
    0.8025    1.0536    0.0018         1
    0.8050    1.0646    0.0018         1
    0.8075    1.0580    0.0018         1
    0.8100    1.0532    0.0019         1
    0.8125    1.0489    0.0019         1
    0.8150    1.0437    0.0019         1
    0.8175    1.0397    0.0019         1
    0.8200    1.0403    0.0019         1
    0.8225    1.0326    0.0019         1
    0.8250    1.0289    0.0019         1
    0.8275    1.0206    0.0019         1
    0.8300    1.0203    0.0020         1
    0.8325    1.0298    0.0020         1
    0.8350    1.0231    0.0020         1
    0.8375    1.0130    0.0020         1
    0.8400    1.0218    0.0020         1
    0.8425    1.0061    0.0021         1
    0.8450    1.0107    0.0021         1
    0.8475    0.9938    0.0021         1
    0.8500    1.0085    0.0021         1
    0.8525    1.0054    0.0021         1
    0.8550    1.0029    0.0022         1
    0.8575    0.9932    0.0022         1
    0.8600    0.9985    0.0023         1
    0.8625    0.9879    0.0023         1
    0.8650    0.9950    0.0023         1
    0.8675    1.0013    0.0024         1
    0.8700    0.9842    0.0024         1
    0.8725    0.9861    0.0024         1
    0.8750    0.9864    0.0025         1
    0.8775    0.9774    0.0026         1
    0.8800    0.9758    0.0026         1
    0.8825    0.9912    0.0027         1
    0.8850    0.9940    0.0028         1
    0.8875    0.9920    0.0028         1
    0.8900    0.9943    0.0031         1
    0.8925    0.9691    0.0031         1
    0.8950    0.9754    0.0030         1
    0.8975    0.9975    0.0031         1
    0.9000    0.9873    0.0032         1
    0.9025    0.9810    0.0032         1
    0.9050    0.9984    0.0034         1
    0.9075    0.9849    0.0035         1
    0.9100    0.9643    0.0034         1
    0.9125    0.9896    0.0035         1
    0.9150    0.9950    0.0037         1
    0.9175    0.9682    0.0037         1
    0.9200    1.0040    0.0040         1
    0.9225    0.9705    0.0101         1
    0.9250    0.9910    0.0104         1

    0.6500   -1.0000   -1.0000         0
    0.6550   -1.0000   -1.0000         0
    0.6600   -1.0000   -1.0000         0
    0.6650   -1.0000   -1.0000         0
    0.6700   -1.0000   -1.0000         0
    0.6750   -1.0000   -1.0000         0
    0.6800   -1.0000   -1.0000         0
    0.6850   -1.0000   -1.0000         0
    0.6900   -1.0000   -1.0000         0
    0.6950   -1.0000   -1.0000         0
    0.7000   -1.0000   -1.0000         0
    0.7050   -1.0000   -1.0000         0
    0.7100   -1.0000   -1.0000         0
    0.7150   -1.0000   -1.0000         0
    0.7200   -1.0000   -1.0000         0
    0.7250   -1.0000   -1.0000         0
    0.7300   -1.0000   -1.0000         0
    0.7350   -1.0000   -1.0000         0
    0.7400   -1.0000   -1.0000         0
    0.7450    1.0883    0.0109         4
    0.7500    1.0907    0.0104         4
    0.7550    1.0995    0.0103         4
    0.7600   -1.0000   -1.0000         0
    0.7650   -1.0000   -1.0000         0
    0.7700   -1.0000   -1.0000         0
    0.7750    1.0884    0.0093         4
    0.7800    1.0855    0.0089         4
    0.7850    1.0779    0.0087         4
    0.7900    1.0764    0.0086         4
    0.7950    1.0755    0.0085         4
    0.8000    1.0689    0.0084         4
    0.8050    1.0641    0.0082         4
    0.8100    1.0591    0.0082         4
    0.8150    1.0543    0.0082         4
    0.8200    1.0403    0.0079         3
    0.8250    1.0344    0.0077         3
    0.8300    1.0341    0.0078         4
    0.8350    1.0259    0.0076         4
    0.8400    1.0250    0.0075         4
    0.8450    1.0176    0.0076         4
    0.8500    1.0097    0.0075         4
    0.8550    1.0022    0.0073         4
    0.8600    0.9919    0.0072         4
    0.8650    0.9865    0.0071         4
    0.8700    0.9840    0.0071         4
    0.8750    0.9795    0.0069         4
    0.8800    0.9724    0.0068         4
    0.8850    0.9651    0.0069         4
    0.8900    0.9670    0.0068         4
    0.8950    0.9643    0.0067         4
    0.9000    0.9635    0.0067         4
    0.9050    0.9634    0.0067         4
    0.9100    0.9604    0.0067         4
    0.9150    0.9578    0.0066         4
    0.9200    0.9537    0.0066         4
    0.9250    0.9480    0.0071         4
    0.9300    0.9495    0.0070         4
    0.9350    0.9476    0.0072         4
    0.9400    0.9405    0.0073         2
    0.9450    0.9451    0.0069         3
    0.9500    0.9476    0.0069         4
    0.9550    0.9527    0.0071         4
    0.9600    0.9573    0.0069         4
    0.9650    0.9577    0.0065         4
    0.9700    0.9554    0.0061         4
    0.9750    0.9593    0.0060         4
    0.9800    0.9594    0.0059         4
    0.9850    0.9610    0.0058         4
    0.9900    0.9639    0.0057         4
    0.9950    0.9733    0.0057         4
    1.0000    0.9741    0.0057         4
    1.0050    0.9748    0.0058         4
    1.0100    0.9815    0.0057         4
    1.0150    0.9838    0.0056         4
    1.0200    0.9786    0.0056         4
    1.0250    0.9865    0.0056         4
    1.0300    0.9925    0.0056         4
    1.0350    0.9930    0.0055         4
    1.0400    0.9966    0.0055         4
    1.0450    1.0024    0.0055         4
    1.0500    1.0044    0.0055         4
    1.0550    1.0063    0.0054         4
    1.0600    1.0091    0.0054         4
    1.0650    1.0122    0.0054         4
    1.0700    1.0183    0.0055         4
    1.0750    1.0174    0.0054         4
    1.0800    1.0238    0.0055         4
    1.0850    1.0236    0.0054         4
    1.0900    1.0277    0.0054         4
    1.0950    1.0318    0.0054         4
    1.1000    1.0340    0.0056         4
    1.1050    1.0377    0.0058         4
    1.1100    1.0382    0.0064         4
    1.1150    1.0562    0.0074         4
    1.1200    1.0684    0.0073         3
    1.1250    1.0631    0.0065         4
    1.1300    1.0681    0.0065         4
    1.1350    1.0659    0.0065         4
    1.1400    1.0696    0.0063         4
    1.1450    1.0760    0.0064         4
    1.1500    1.0880    0.0065         4
    1.1550    1.0864    0.0060         4
    1.1600    1.0879    0.0059         4
    1.1650    1.0941    0.0057         4
    1.1700    1.0999    0.0055         4
    1.1750    1.1020    0.0053         4
    1.1800    1.1095    0.0054         4
    1.1850    1.1079    0.0053         4
    1.1900    1.1116    0.0053         4
    1.1950    1.1146    0.0053         4
    1.2000    1.1122    0.0053         4
    1.2050    1.1167    0.0053         4
    1.2100    1.1134    0.0052         4
    1.2150    1.1196    0.0052         4
    1.2200    1.1265    0.0053         4
    1.2250    1.1267    0.0052         4
    1.2300    1.1297    0.0052         4
    1.2350    1.1297    0.0052         4
    1.2400    1.1398    0.0052         4
    1.2450    1.1412    0.0052         4
    1.2500    1.1395    0.0052         4
    1.2550    1.1413    0.0057         4
    1.2600    1.1459    0.0055         4
    1.2650    1.1482    0.0057         4
    1.2700    1.1388    0.0055         4
    1.2750    1.1464    0.0055         4
    1.2800    1.1471    0.0055         4
    1.2850    1.1508    0.0054         4
    1.2900    1.1507    0.0056         4
    1.2950    1.1579    0.0054         4
    1.3000    1.1626    0.0054         4
    1.3050    1.1651    0.0054         4
    1.3100    1.1642    0.0055         4
    1.3150    1.1725    0.0056         4
    1.3200    1.1733    0.0056         4
    1.3250    1.1781    0.0059         4
    1.3300    1.1814    0.0062         4
    1.3350    1.1857    0.0069         4
    1.3400   -1.0000   -1.0000         0
    1.3450    1.2003    0.0174         1
    1.3500    1.1741    0.0126         1
    1.3550    1.2112    0.0218         1
    1.3600   -1.0000   -1.0000         0
    1.3650    1.1798    0.0205         2
    1.3700   -1.0000   -1.0000         0
    1.3750   -1.0000   -1.0000         0
    1.3800    1.1876    0.0178         2
    1.3850    1.1931    0.0151         4
    1.3900    1.1940    0.0128         2
    1.3950    1.1958    0.0130         3
    1.4000    1.2324    0.0134         3
    1.4050    1.2113    0.0129         3
    1.4100    1.2058    0.0114         3
    1.4150    1.2038    0.0104         3
    1.4200    1.2113    0.0091         3
    1.4250    1.2192    0.0087         4
    1.4300    1.2272    0.0084         4
    1.4350    1.2317    0.0082         3
    1.4400    1.2133    0.0080         2
    1.4450   -1.0000   -1.0000         0
    1.4500    1.2383    0.0082         2
    1.4550    1.2289    0.0074         4
    1.4600    1.2282    0.0077         4
    1.4650    1.2321    0.0078         4
    1.4700    1.2472    0.0072         4
    1.4750    1.2569    0.0073         2
    1.4800    1.2486    0.0071         4
    1.4850    1.2505    0.0069         4
    1.4900    1.2410    0.0068         4
    1.4950    1.2365    0.0065         4
    1.5000    1.2373    0.0064         4
    1.5050    1.2384    0.0063         4
    1.5100    1.2372    0.0064         4
    1.5150    1.2441    0.0064         4
    1.5200    1.2534    0.0065         4
    1.5250    1.2468    0.0065         4
    1.5300    1.2482    0.0063         4
    1.5350    1.2553    0.0065         4
    1.5400    1.2568    0.0064         4
    1.5450    1.2610    0.0067         4
    1.5500    1.2588    0.0066         4
    1.5550    1.2542    0.0066         4
    1.5600    1.2513    0.0066         4
    1.5650    1.2588    0.0066         4
    1.5700    1.2543    0.0069         4
    1.5750    1.2518    0.0067         4
    1.5800    1.2497    0.0066         4
    1.5850    1.2520    0.0067         4
    1.5900    1.2478    0.0068         4
    1.5950    1.2450    0.0067         4
    1.6000    1.2526    0.0067         4
    1.6050    1.2514    0.0071         4
    1.6100    1.2499    0.0077         4
    1.6150    1.2538    0.0069         4
    1.6200    1.2597    0.0074         4
    1.6250    1.2566    0.0069         4
    1.6300    1.2545    0.0069         4
    1.6350    1.2515    0.0067         4
    1.6400    1.2484    0.0072         4
    1.6450    1.2509    0.0069         4
    1.6500    1.2521    0.0071         4
    1.6550    1.2498    0.0070         4
    1.6600    1.2429    0.0070         4
    1.6650    1.2439    0.0071         4
    1.6700    1.2466    0.0071         4
    1.6750    1.2396    0.0073         4
    1.6800    1.2512    0.0072         4
    1.6850    1.2458    0.0072         4
    1.6900    1.2322    0.0071         4
    1.6950    1.2253    0.0071         4
    1.7000    1.2203    0.0069         3
    1.7050    1.2245    0.0071         4
    1.7100    1.2324    0.0071         4
    1.7150    1.2333    0.0072         4
    1.7200    1.2315    0.0072         4
    1.7250    1.2363    0.0074         4
    1.7300    1.2381    0.0075         4
    1.7350    1.2309    0.0077         4
    1.7400    1.2192    0.0080         4
    1.7450    1.2295    0.0077         4
    1.7500    1.2322    0.0076         4
    1.7550    1.2282    0.0076         4
    1.7600    1.2228    0.0077         4
    1.7650    1.2197    0.0078         4
    1.7700    1.2216    0.0085         4
    1.7750    1.2214    0.0085         4
    1.7800    1.2212    0.0083         4
    1.7850    1.2148    0.0083         4
    1.7900    1.2115    0.0094         4
    1.7950    1.2059    0.0102         4
    1.8000    1.2128    0.0110         4
    1.8050    1.2097    0.0116         4
    1.8100    1.2080    0.0127         4
    1.8150    1.2099    0.0138         3
    1.8200    1.2174    0.0154         3
    1.8250   -1.0000   -1.0000         0
    1.8300    1.2314    0.0309         1
    1.8350   -1.0000   -1.0000         0
    1.8400   -1.0000   -1.0000         0
    1.8450   -1.0000   -1.0000         0
    1.8500    1.2137    0.0351         2
    1.8550   -1.0000   -1.0000         0
    1.8600   -1.0000   -1.0000         0
    1.8650    1.2054    0.0399         1
    1.8700    1.1905    0.0282         2
    1.8750   -1.0000   -1.0000         0
    1.8800   -1.0000   -1.0000         0
    1.8850    1.2162    0.0263         1
    1.8900    1.1778    0.0198         3
    1.8950    1.1763    0.0217         2
    1.9000    1.1855    0.0260         3
    1.9050   -1.0000   -1.0000         0
    1.9100    1.2215    0.0252         1
    1.9150    1.1711    0.0186         2
    1.9200    1.1836    0.0171         3
    1.9250    1.1949    0.0169         4
    1.9300    1.2013    0.0155         4
    1.9350    1.2031    0.0147         4
    1.9400    1.2041    0.0140         4
    1.9450    1.1992    0.0134         4
    1.9500    1.1874    0.0131         4
    1.9550    1.1965    0.0126         4
    1.9600    1.2065    0.0130         4
    1.9650    1.1939    0.0121         4
    1.9700    1.1894    0.0109         4
    1.9750    1.1967    0.0100         4
    1.9800    1.1937    0.0097         4
    1.9850    1.2023    0.0096         4
    1.9900    1.1858    0.0112         4
    1.9950    1.1754    0.0165         2
    2.0000   -1.0000   -1.0000         0
    2.0050    1.2263    0.0150         3
    2.0100    1.2169    0.0138         3
    2.0150    1.2054    0.0132         4
    2.0200    1.2395    0.0136         3
    2.0250    1.2194    0.0123         3
    2.0300    1.1942    0.0101         4
    2.0350    1.1980    0.0100         4
    2.0400    1.2022    0.0101         4
    2.0450    1.2017    0.0113         4
    2.0500    1.2084    0.0114         3
    2.0550    1.2153    0.0110         4
    2.0600    1.2179    0.0112         4
    2.0650    1.2209    0.0113         4
    2.0700    1.2232    0.0110         4
    2.0750    1.2223    0.0108         4
    2.0800    1.2214    0.0103         4
    2.0850    1.2219    0.0103         4
    2.0900    1.2220    0.0103         4
    2.0950    1.2251    0.0103         4
    2.1000    1.2256    0.0106         4
    2.1050    1.2195    0.0103         4
    2.1100    1.2256    0.0104         4
    2.1150    1.2329    0.0105         4
    2.1200    1.2324    0.0105         4
    2.1250    1.2280    0.0106         4
    2.1300    1.2464    0.0107         4
    2.1350    1.2414    0.0110         4
    2.1400    1.2400    0.0108         4
    2.1450    1.2396    0.0110         4
    2.1500    1.2384    0.0111         4
    2.1550    1.2426    0.0111         4
    2.1600    1.2482    0.0113         4
    2.1650    1.2580    0.0114         4
    2.1700    1.2610    0.0115         4
    2.1750    1.2493    0.0115         4
    2.1800    1.2409    0.0114         4
    2.1850    1.2493    0.0116         4
    2.1900    1.2558    0.0121         4
    2.1950    1.2514    0.0117         4
    2.2000    1.2543    0.0119         4
    2.2050    1.2533    0.0119         4
    2.2100    1.2595    0.0119         4
    2.2150    1.2597    0.0119         4
    2.2200    1.2574    0.0121         4
    2.2250    1.2663    0.0122         4
    2.2300    1.2700    0.0125         4
    2.2350    1.2616    0.0122         4
    2.2400    1.2703    0.0123         4
    2.2450    1.2708    0.0124         4
    2.2500    1.2556    0.0124         4
    2.2550    1.2644    0.0128         4
    2.2600    1.2685    0.0127         4
    2.2650    1.2749    0.0128         4
    2.2700    1.2672    0.0129         4
    2.2750    1.2722    0.0132         4
    2.2800    1.2743    0.0130         4
    2.2850    1.2765    0.0131         4
    2.2900    1.2769    0.0133         4
    2.2950    1.2685    0.0135         4
    2.3000    1.2706    0.0135         4
    2.3050    1.2693    0.0137         4
    2.3100    1.2726    0.0137         4
    2.3150    1.2627    0.0137         4
    2.3200    1.2641    0.0139         4
    2.3250    1.2632    0.0139         4
    2.3300    1.2584    0.0139         4
    2.3350    1.2674    0.0141         4
    2.3400    1.2646    0.0140         4
    2.3450    1.2736    0.0147         4
    2.3500    1.2523    0.0150         4
    2.3550    1.2621    0.0146         4
    2.3600    1.2594    0.0147         4
    2.3650    1.2523    0.0146         4
    2.3700    1.2635    0.0150         4
    2.3750    1.2670    0.0158         4
    2.3800    1.2681    0.0154         4
    2.3850    1.2686    0.0158         4
    2.3900    1.2638    0.0161         4
    2.3950    1.2561    0.0160         4
    2.4000    1.2533    0.0153         4
    2.4050    1.2572    0.0154         4
    2.4100    1.2549    0.0160         4
    2.4150    1.2515    0.0167         4
    2.4200    1.2576    0.0175         4
    2.4250    1.2561    0.0168         4
    2.4300    1.2573    0.0174         4
    2.4350    1.2650    0.0179         4
    2.4400    1.2547    0.0189         4
    2.4450    1.2617    0.0212         1
    2.4500    1.2595    0.0221         2
    2.4550   -1.0000   -1.0000         0
    2.4600   -1.0000   -1.0000         0
    2.4650   -1.0000   -1.0000         0
    2.4700   -1.0000   -1.0000         0
    2.4750   -1.0000   -1.0000         0
    2.4800   -1.0000   -1.0000         0
    2.4850   -1.0000   -1.0000         0
    2.4900   -1.0000   -1.0000         0
