    0.4500    0.8714    0.1087         1
    0.4525    0.8476    0.0962         1
    0.4550    0.8715    0.0882         1
    0.4575    0.8351    0.0796         1
    0.4600    0.9585    0.0717         1
    0.4625    0.8652    0.0642         1
    0.4650    0.9215    0.0643         1
    0.4675    0.9059    0.0606         1
    0.4700    0.9036    0.0511         1
    0.4725    0.8786    0.0472         1
    0.4750    0.9621    0.0432         1
    0.4775    0.9469    0.0395         1
    0.4800    0.9197    0.0363         1
    0.4825    0.9700    0.0336         1
    0.4850    0.9691    0.0317         1
    0.4875    0.9076    0.0309         1
    0.4900    0.9436    0.0311         1
    0.4925    0.9583    0.0283         1
    0.4950    0.9505    0.0262         1
    0.4975    0.9666    0.0247         1
    0.5000    0.9693    0.0232         1
    0.5025    0.9297    0.0266         1
    0.5050    0.9669    0.0260         1
    0.5075    0.9508    0.0245         1
    0.5100    0.9252    0.0227         1
    0.5125    0.9735    0.0220         1
    0.5150    0.9761    0.0211         1
    0.5175    0.9501    0.0207         1
    0.5200    0.9656    0.0175         1
    0.5225    0.9993    0.0206         1
    0.5250    1.0130    0.0192         1
    0.5275    0.9902    0.0155         1
    0.5300    0.9725    0.0149         1
    0.5325    0.9841    0.0144         1
    0.5350    0.9673    0.0135         1
    0.5375    0.9838    0.0133         1
    0.5400    1.0079    0.0131         1
    0.5425    0.9940    0.0126         1
    0.5450    1.0181    0.0125         1
    0.5475    1.0168    0.0122         1
    0.5500    1.0168    0.0119         1
    0.5525    1.0034    0.0117         1
    0.5550    1.0067    0.0115         1
    0.5575    1.0037    0.0111         1
    0.5600    0.9710    0.0150         1
    0.5625    0.9781    0.0180         1
    0.5650    1.0364    0.0172         1
    0.5675    1.0115    0.0125         1
    0.5700    1.0041    0.0103         1
    0.5725    1.0032    0.0105         1
    0.5750    1.0315    0.0104         1
    0.5775    1.0234    0.0109         1
    0.5800    1.0296    0.0106         1
    0.5825    1.0259    0.0097         1
    0.5850    1.0316    0.0095         1
    0.5875    0.9972    0.0093         1
    0.5900    1.0145    0.0097         1
    0.5925    0.9922    0.0114         1
    0.5950    1.0358    0.0119         1
    0.5975    1.0224    0.0107         1
    0.6000    1.0355    0.0095         1
    0.6025    1.0292    0.0092         1
    0.6050    1.0394    0.0104         1
    0.6075    1.0269    0.0112         1
    0.6100    1.0274    0.0097         1
    0.6125    1.0314    0.0095         1
    0.6150    1.0422    0.0082         1
    0.6175    1.0371    0.0082         1
    0.6200    1.0392    0.0083         1
    0.6225    1.0519    0.0081         1
    0.6250    1.0323    0.0080         1
    0.6275    1.0400    0.0084         1
    0.6300    1.0225    0.0087         1
    0.6325    1.0416    0.0094         1
    0.6350    1.0825    0.0096         1
    0.6375    1.0583    0.0092         1
    0.6400    1.0708    0.0084         1
    0.6425    1.0632    0.0081         1
    0.6450    1.0492    0.0077         1
    0.6475    1.0520    0.0075         1
    0.6500    1.0489    0.0076         1
    0.6525    1.0573    0.0092         1
    0.6550    1.0456    0.0092         1
    0.6575    1.0268    0.0078         1
    0.6600    1.0932    0.0082         1
    0.6625    1.0721    0.0077         1
    0.6650    1.0597    0.0073         1
    0.6675    1.0551    0.0071         1
    0.6700    1.0579    0.0070         1
    0.6725    1.0656    0.0083         1
    0.6750    1.0764    0.0083         1
    0.6775    1.0576    0.0070         1
    0.6800    1.0799    0.0069         1
    0.6825    1.0699    0.0071         1
    0.6850    1.0679    0.0077         1
    0.6875    1.0321    0.0082         1
    0.6900    1.0794    0.0087         1
    0.6925    1.0763    0.0084         1
    0.6950    1.0466    0.0081         1
    0.6975    1.0739    0.0080         1
    0.7000    1.0512    0.0079         1
    0.7025    1.0629    0.0076         1
    0.7050    1.0559    0.0075         1
    0.7075    1.0696    0.0074         1
    0.7100    1.0651    0.0074         1
    0.7125    1.0736    0.0074         1
    0.7150    1.0814    0.0075         1
    0.7175    1.0490    0.0075         1
    0.7200    1.0777    0.0077         1
    0.7225    1.0834    0.0084         1
    0.7250    1.0469    0.0104         1
    0.7275    1.0425    0.0141         1
    0.7300    1.0678    0.0144         1
    0.7325    1.0232    0.0116         1
    0.7350    1.0661    0.0117         1
    0.7375    1.0614    0.0107         1
    0.7400    1.0818    0.0103         1
    0.7425    1.0682    0.0096         1
    0.7450    1.0937    0.0093         1
    0.7475    1.0826    0.0093         1
    0.7500    1.0521    0.0096         1
    0.7525    1.0463    0.0095         1
    0.7550    1.0461    0.0111         1
    0.7575    1.0644    0.0147         1
    0.7600    1.0664    0.0180         1
    0.7675    1.0762    0.0122         1
    0.7700    0.9972    0.0115         1
    0.7725    1.0026    0.0126         1
    0.7750    1.0129    0.0130         1
    0.7775    1.0439    0.0126         1
    0.7800    1.0096    0.0128         1
    0.7825    1.0310    0.0136         1
    0.7850    0.9946    0.0144         1
    0.7875    1.0421    0.0147         1
    0.7900    0.9827    0.0176         1
    0.7925    0.9811    0.0173         1
    0.7950    0.9532    0.0171         1
    0.7975    0.9641    0.0167         1
    0.8000    0.9828    0.0142         1
    0.8025    1.0158    0.0136         1
    0.8050    1.0022    0.0127         1
    0.8075    1.0097    0.0119         1
    0.8100    0.9971    0.0115         1
    0.8125    1.0210    0.0113         1
    0.8150    0.9750    0.0113         1
    0.8175    0.9527    0.0115         1
    0.8200    1.0023    0.0116         1
    0.8225    0.9690    0.0128         1
    0.8250    0.9374    0.0265         1
    0.8275    0.9382    0.0321         1
    0.8300    0.9141    0.0351         1
    0.8400    0.9714    0.0360         1
    0.8425    0.9492    0.0269         1
    0.8450    0.9890    0.0261         1
    0.8475    0.9814    0.0217         1
    0.8500    0.9501    0.0177         1
    0.8525    0.9643    0.0171         1
    0.8550    0.9983    0.0165         1
    0.8575    0.9531    0.0179         1
    0.8600    0.9475    0.0225         1
    0.8625    0.9016    0.0274         1
    0.8650    0.9992    0.0290         1
    0.8700    0.9542    0.0205         1
    0.8725    0.8767    0.0228         1
    0.8750    0.9358    0.0277         1
    0.8775    0.9463    0.0299         1
    0.8800    0.8878    0.0300         1
    0.8825    0.8259    0.0302         1
    0.8850    0.9222    0.0318         1
    0.8875    0.9385    0.0319         1
    0.8900    0.9085    0.0337         1
    0.8925    0.8869    0.0336         1
    0.8950    0.8351    0.0324         1
    0.8975    0.8961    0.0313         1
    0.9000    0.9419    0.0320         1
    0.9025    0.8286    0.0299         1
    0.9050    0.8176    0.0287         1
    0.9075    0.9150    0.0264         1
    0.9100    0.9468    0.0259         1
    0.9125    0.9440    0.0260         1
    0.9150    0.9088    0.0263         1
    0.9175    0.9451    0.0271         1
    0.9200    0.9309    0.0278         1
    0.9225    0.9624    0.0292         1
    0.9250    0.9708    0.0596         1

    0.6500   -1.0000   -1.0000         0
    0.6550   -1.0000   -1.0000         0
    0.6600   -1.0000   -1.0000         0
    0.6650   -1.0000   -1.0000         0
    0.6700   -1.0000   -1.0000         0
    0.6750   -1.0000   -1.0000         0
    0.6800   -1.0000   -1.0000         0
    0.6850   -1.0000   -1.0000         0
    0.6900   -1.0000   -1.0000         0
    0.6950   -1.0000   -1.0000         0
    0.7000   -1.0000   -1.0000         0
    0.7050   -1.0000   -1.0000         0
    0.7100   -1.0000   -1.0000         0
    0.7150   -1.0000   -1.0000         0
    0.7200   -1.0000   -1.0000         0
    0.7250   -1.0000   -1.0000         0
    0.7300   -1.0000   -1.0000         0
    0.7350   -1.0000   -1.0000         0
    0.7400   -1.0000   -1.0000         0
    0.7450   -1.0000   -1.0000         0
    0.7500   -1.0000   -1.0000         0
    0.7550   -1.0000   -1.0000         0
    0.7600   -1.0000   -1.0000         0
    0.7650   -1.0000   -1.0000         0
    0.7700   -1.0000   -1.0000         0
    0.7750   -1.0000   -1.0000         0
    0.7800    1.0552    0.0129         4
    0.7850    1.0235    0.0141         4
    0.7900    1.0421    0.0142         4
    0.7950    1.0367    0.0122         4
    0.8000    1.0421    0.0155         4
    0.8050    1.0081    0.0126         4
    0.8100    1.0041    0.0135         4
    0.8150    1.0095    0.0135         4
    0.8200    0.9948    0.0136         1
    0.8250    0.9895    0.0126         3
    0.8300    0.9842    0.0114         4
    0.8350    0.9689    0.0112         4
    0.8400    0.9627    0.0116         4
    0.8450    0.9638    0.0112         4
    0.8500    0.9574    0.0106         4
    0.8550    0.9411    0.0115         4
    0.8600    0.9361    0.0111         4
    0.8650    0.9256    0.0101         4
    0.8700    0.9057    0.0103         4
    0.8750    0.9070    0.0111         4
    0.8800    0.9084    0.0101         4
    0.8850    0.8906    0.0108         4
    0.8900    0.8886    0.0100         4
    0.8950    0.8970    0.0100         4
    0.9000    0.8778    0.0096         4
    0.9050    0.8757    0.0099         4
    0.9100    0.8715    0.0104         4
    0.9150    0.8777    0.0102         4
    0.9200    0.8655    0.0089         4
    0.9250    0.8654    0.0093         4
    0.9300    0.8708    0.0096         4
    0.9350    0.8603    0.0104         3
    0.9400    0.8579    0.0129         4
    0.9450    0.8791    0.0115         4
    0.9500    0.8700    0.0106         4
    0.9550    0.8609    0.0100         4
    0.9600    0.8592    0.0110         4
    0.9650    0.8655    0.0093         4
    0.9700    0.8643    0.0088         4
    0.9750    0.8862    0.0088         4
    0.9800    0.8854    0.0084         4
    0.9850    0.8846    0.0087         4
    0.9900    0.8884    0.0086         4
    0.9950    0.8935    0.0081         4
    1.0000    0.8889    0.0084         4
    1.0050    0.8952    0.0087         4
    1.0100    0.9000    0.0084         4
    1.0150    0.9025    0.0091         4
    1.0200    0.9004    0.0081         4
    1.0250    0.9005    0.0080         4
    1.0300    0.9026    0.0081         4
    1.0350    0.9133    0.0082         4
    1.0400    0.9030    0.0095         4
    1.0450    0.8961    0.0078         4
    1.0500    0.9110    0.0091         4
    1.0550    0.9158    0.0081         4
    1.0600    0.9149    0.0078         4
    1.0650    0.9169    0.0085         4
    1.0700    0.9223    0.0082         4
    1.0750    0.9199    0.0079         4
    1.0800    0.9297    0.0089         4
    1.0850    0.9348    0.0074         4
    1.0900    0.9411    0.0080         4
    1.0950    0.9311    0.0089         4
    1.1000    0.9271    0.0087         4
    1.1050    0.9352    0.0080         4
    1.1100    0.9370    0.0080         4
    1.1150    0.9599    0.0095         4
    1.1200    0.9622    0.0098         4
    1.1250    0.9659    0.0089         4
    1.1300    0.9626    0.0098         4
    1.1350    0.9674    0.0095         4
    1.1400    0.9932    0.0097         3
    1.1450    0.9909    0.0087         2
    1.1500    0.9605    0.0088         4
    1.1550    0.9615    0.0091         4
    1.1600    0.9798    0.0098         4
    1.1650    0.9848    0.0082         4
    1.1700    0.9912    0.0085         4
    1.1750    0.9965    0.0078         4
    1.1800    0.9997    0.0087         4
    1.1850    0.9813    0.0088         4
    1.1900    0.9795    0.0088         4
    1.1950    0.9866    0.0071         4
    1.2000    1.0007    0.0083         4
    1.2050    1.0123    0.0076         4
    1.2100    0.9903    0.0073         4
    1.2150    0.9843    0.0081         4
    1.2200    0.9864    0.0078         4
    1.2250    1.0044    0.0071         4
    1.2300    1.0050    0.0072         4
    1.2350    0.9894    0.0077         4
    1.2400    1.0001    0.0080         4
    1.2450    0.9972    0.0077         4
    1.2500    0.9961    0.0077         4
    1.2550    0.9923    0.0078         4
    1.2600    0.9915    0.0084         4
    1.2650    0.9985    0.0084         4
    1.2700    0.9914    0.0080         4
    1.2750    0.9967    0.0075         4
    1.2800    0.9977    0.0074         4
    1.2850    0.9947    0.0083         4
    1.2900    1.0052    0.0083         4
    1.2950    1.0049    0.0075         4
    1.3000    0.9868    0.0084         4
    1.3050    0.9914    0.0081         4
    1.3100    1.0095    0.0078         4
    1.3150    1.0082    0.0079         4
    1.3200    0.9972    0.0078         4
    1.3250    1.0118    0.0077         4
    1.3300    1.0145    0.0081         4
    1.3350    1.0142    0.0084         4
    1.3400    1.0112    0.0104         4
    1.3450    1.0087    0.0099         2
    1.3500    1.0168    0.0132         4
    1.3550    1.0070    0.0180         2
    1.3600    1.0359    0.0295         1
    1.3650    1.0118    0.0219         2
    1.3700   -1.0000   -1.0000         0
    1.3750    0.9971    0.0263         3
    1.3800    1.0062    0.0236         4
    1.3850    1.0098    0.0193         3
    1.3900   -1.0000   -1.0000         0
    1.3950   -1.0000   -1.0000         0
    1.4000    1.0411    0.0177         1
    1.4050    1.0121    0.0190         4
    1.4100    1.0165    0.0165         4
    1.4150    1.0028    0.0159         4
    1.4200    1.0150    0.0142         3
    1.4250   -1.0000   -1.0000         0
    1.4300    1.0638    0.0126         2
    1.4350    1.0365    0.0115         4
    1.4400    1.0271    0.0114         4
    1.4450    1.0240    0.0129         4
    1.4500    1.0212    0.0115         4
    1.4550    1.0310    0.0103         2
    1.4600    1.0443    0.0110         1
    1.4650    1.0323    0.0108         4
    1.4700    1.0428    0.0096         4
    1.4750    1.0374    0.0111         4
    1.4800    1.0180    0.0111         4
    1.4850    1.0196    0.0100         4
    1.4900    1.0237    0.0089         4
    1.4950    1.0332    0.0091         4
    1.5000    1.0187    0.0085         4
    1.5050    1.0141    0.0088         4
    1.5100    1.0242    0.0082         4
    1.5150    1.0241    0.0087         4
    1.5200    1.0417    0.0093         4
    1.5250    1.0241    0.0089         4
    1.5300    1.0143    0.0094         4
    1.5350    1.0034    0.0091         4
    1.5400    0.9978    0.0088         4
    1.5450    1.0141    0.0095         4
    1.5500    1.0022    0.0099         4
    1.5550    0.9963    0.0084         4
    1.5600    1.0125    0.0082         4
    1.5650    1.0067    0.0089         4
    1.5700    1.0107    0.0092         4
    1.5750    1.0086    0.0091         4
    1.5800    1.0015    0.0090         4
    1.5850    0.9949    0.0087         4
    1.5900    0.9755    0.0099         4
    1.5950    0.9924    0.0094         4
    1.6000    0.9886    0.0087         4
    1.6050    0.9740    0.0085         4
    1.6100    0.9867    0.0092         4
    1.6150    1.0016    0.0087         4
    1.6200    0.9879    0.0088         4
    1.6250    0.9598    0.0089         4
    1.6300    0.9655    0.0086         4
    1.6350    0.9807    0.0094         4
    1.6400    0.9803    0.0098         4
    1.6450    0.9692    0.0095         4
    1.6500    0.9748    0.0085         4
    1.6550    0.9734    0.0091         4
    1.6600    0.9670    0.0087         4
    1.6650    0.9919    0.0099         4
    1.6700    0.9922    0.0092         4
    1.6750    0.9543    0.0087         4
    1.6800    0.9579    0.0091         4
    1.6850    0.9585    0.0098         4
    1.6900    0.9181    0.0102         4
    1.6950    0.9084    0.0101         4
    1.7000    0.9451    0.0089         4
    1.7050    0.9540    0.0095         4
    1.7100    0.9657    0.0102         4
    1.7150    0.9437    0.0101         4
    1.7200    0.9142    0.0098         4
    1.7250    0.9314    0.0092         4
    1.7300    0.9460    0.0093         4
    1.7350    0.9419    0.0093         4
    1.7400    0.9314    0.0109         4
    1.7450    0.9349    0.0097         4
    1.7500    0.9296    0.0100         4
    1.7550    0.9115    0.0098         4
    1.7600    0.9385    0.0101         4
    1.7650    0.9471    0.0098         4
    1.7700    0.9188    0.0099         4
    1.7750    0.9121    0.0099         4
    1.7800    0.9301    0.0119         4
    1.7850    0.9180    0.0117         4
    1.7900    0.8959    0.0102         4
    1.7950    0.8854    0.0114         4
    1.8000    0.8894    0.0123         4
    1.8050    0.8902    0.0128         4
    1.8100    0.9387    0.0162         4
    1.8150   -1.0000   -1.0000         0
    1.8200    0.9065    0.0204         1
    1.8250    0.8895    0.0200         4
    1.8300    0.9016    0.0267         4
    1.8350   -1.0000   -1.0000         0
    1.8400   -1.0000   -1.0000         0
    1.8450    0.8529    0.0475         1
    1.8500   -1.0000   -1.0000         0
    1.8550   -1.0000   -1.0000         0
    1.8600   -1.0000   -1.0000         0
    1.8650    0.8685    0.0454         3
    1.8700    0.9035    0.0419         3
    1.8750    0.8728    0.0389         2
    1.8800    0.8654    0.0320         3
    1.8850    0.8918    0.0266         4
    1.8900    0.9368    0.0263         4
    1.8950    0.9631    0.0351         1
    1.9000    0.9258    0.0347         3
    1.9050    0.9290    0.0386         3
    1.9100   -1.0000   -1.0000         0
    1.9150    0.9712    0.0308         1
    1.9200    0.8509    0.0275         4
    1.9250    0.8930    0.0224         4
    1.9300    0.8587    0.0184         4
    1.9350    0.8602    0.0196         4
    1.9400    0.8659    0.0183         4
    1.9450    0.8757    0.0164         4
    1.9500    0.9070    0.0171         4
    1.9550    0.9092    0.0172         4
    1.9600    0.8906    0.0169         4
    1.9650    0.9421    0.0173         4
    1.9700    0.9308    0.0154         4
    1.9750    0.9065    0.0131         4
    1.9800    0.9188    0.0147         4
    1.9850    0.9109    0.0128         4
    1.9900    0.8821    0.0139         4
    1.9950    0.8630    0.0162         3
    2.0000    0.8817    0.0160         4
    2.0050    0.9336    0.0197         4
    2.0100    0.9390    0.0191         4
    2.0150    0.9081    0.0179         4
    2.0200   -1.0000   -1.0000         0
    2.0250    0.9509    0.0154         3
    2.0300    0.8900    0.0135         4
    2.0350    0.9193    0.0129         4
    2.0400    0.9391    0.0172         4
    2.0450    0.9270    0.0132         4
    2.0500    0.9172    0.0138         4
    2.0550    0.9192    0.0158         4
    2.0600    0.9128    0.0158         4
    2.0650    0.9198    0.0164         4
    2.0700    0.9586    0.0176         4
    2.0750    0.8794    0.0165         4
    2.0800    0.8906    0.0147         4
    2.0850    0.9315    0.0140         4
    2.0900    0.8999    0.0139         4
    2.0950    0.8975    0.0137         4
    2.1000    0.9078    0.0131         4
    2.1050    0.8884    0.0129         4
    2.1100    0.9006    0.0137         4
    2.1150    0.8963    0.0133         4
    2.1200    0.9094    0.0137         4
    2.1250    0.8880    0.0133         4
    2.1300    0.8910    0.0130         4
    2.1350    0.9028    0.0133         4
    2.1400    0.9134    0.0141         4
    2.1450    0.8934    0.0152         4
    2.1500    0.8760    0.0138         4
    2.1550    0.8630    0.0137         4
    2.1600    0.9024    0.0145         4
    2.1650    0.9201    0.0142         4
    2.1700    0.9330    0.0154         4
    2.1750    0.9128    0.0143         4
    2.1800    0.9302    0.0149         4
    2.1850    0.9355    0.0141         4
    2.1900    0.9186    0.0143         4
    2.1950    0.9113    0.0148         4
    2.2000    0.8900    0.0137         4
    2.2050    0.9107    0.0152         4
    2.2100    0.9497    0.0175         4
    2.2150    0.9506    0.0157         4
    2.2200    0.9532    0.0167         4
    2.2250    0.9099    0.0146         4
    2.2300    0.8821    0.0154         4
    2.2350    0.8912    0.0143         4
    2.2400    0.8674    0.0165         4
    2.2450    0.8865    0.0150         4
    2.2500    0.9490    0.0176         4
    2.2550    0.9415    0.0164         2
    2.2600    0.9018    0.0170         4
    2.2650    0.8974    0.0160         4
    2.2700    0.9385    0.0162         4
    2.2750    0.9351    0.0164         4
    2.2800    0.9082    0.0189         4
    2.2850    0.8617    0.0181         4
    2.2900    0.8996    0.0165         4
    2.2950    0.9391    0.0176         4
    2.3000    0.9448    0.0189         4
    2.3050    0.9245    0.0173         4
    2.3100    0.8776    0.0168         4
    2.3150    0.9013    0.0181         4
    2.3200    0.8972    0.0192         4
    2.3250    0.8736    0.0171         4
    2.3300    0.9056    0.0170         4
    2.3350    0.9102    0.0178         4
    2.3400    0.9416    0.0181         4
    2.3450    0.9051    0.0176         4
    2.3500    0.8811    0.0176         4
    2.3550    0.8881    0.0183         4
    2.3600    0.8690    0.0186         4
    2.3650    0.8937    0.0183         4
    2.3700   -1.0000   -1.0000         0
    2.3750    0.8873    0.0181         4
    2.3800    0.8922    0.0179         4
    2.3850    0.8619    0.0199         4
    2.3900    0.8771    0.0186         4
    2.3950    0.9577    0.0203         1
    2.4000    0.8835    0.0197         3
    2.4050   -1.0000   -1.0000         0
    2.4100    0.8820    0.0194         4
    2.4150   -1.0000   -1.0000         0
    2.4200   -1.0000   -1.0000         0
    2.4250   -1.0000   -1.0000         0
    2.4300    0.9051    0.0211         3
    2.4350    0.8584    0.0203         4
    2.4400   -1.0000   -1.0000         0
    2.4450   -1.0000   -1.0000         0
    2.4500    0.8921    0.1000         1
    2.4550   -1.0000   -1.0000         0
    2.4600   -1.0000   -1.0000         0
    2.4650   -1.0000   -1.0000         0
    2.4700   -1.0000   -1.0000         0
    2.4750   -1.0000   -1.0000         0
    2.4800   -1.0000   -1.0000         0
    2.4850   -1.0000   -1.0000         0
    2.4900   -1.0000   -1.0000         0
