    0.6500   -1.0000   -1.0000         0
    0.6550   -1.0000   -1.0000         0
    0.6600   -1.0000   -1.0000         0
    0.6650   -1.0000   -1.0000         0
    0.6700   -1.0000   -1.0000         0
    0.6750   -1.0000   -1.0000         0
    0.6800   -1.0000   -1.0000         0
    0.6850   -1.0000   -1.0000         0
    0.6900   -1.0000   -1.0000         0
    0.6950   -1.0000   -1.0000         0
    0.7000   -1.0000   -1.0000         0
    0.7050   -1.0000   -1.0000         0
    0.7100   -1.0000   -1.0000         0
    0.7150   -1.0000   -1.0000         0
    0.7200   -1.0000   -1.0000         0
    0.7250   -1.0000   -1.0000         0
    0.7300   -1.0000   -1.0000         0
    0.7350   -1.0000   -1.0000         0
    0.7400   -1.0000   -1.0000         0
    0.7450   -1.0000   -1.0000         0
    0.7500   -1.0000   -1.0000         0
    0.7550   -1.0000   -1.0000         0
    0.7600   -1.0000   -1.0000         0
    0.7650   -1.0000   -1.0000         0
    0.7700   -1.0000   -1.0000         0
    0.7750   -1.0000   -1.0000         0
    0.7800    1.1806    0.0110         4
    0.7850    1.1747    0.0107         4
    0.7900    1.1705    0.0106         4
    0.7950    1.1678    0.0105         4
    0.8000    1.1520    0.0104         4
    0.8050    1.1419    0.0101         4
    0.8100    1.1353    0.0099         4
    0.8150    1.1232    0.0101         4
    0.8200    1.1343    0.0099         4
    0.8250    1.1141    0.0097         4
    0.8300    1.1019    0.0095         4
    0.8350    1.0959    0.0093         4
    0.8400    1.0885    0.0092         4
    0.8450    1.0833    0.0092         4
    0.8500    1.0770    0.0089         4
    0.8550    1.0662    0.0088         3
    0.8600    1.0487    0.0098         4
    0.8650    1.0387    0.0092         4
    0.8700    1.0344    0.0085         4
    0.8750    1.0250    0.0087         4
    0.8800    1.0305    0.0087         4
    0.8850    1.0201    0.0088         4
    0.8900    1.0075    0.0086         4
    0.8950    1.0120    0.0087         4
    0.9000    1.0075    0.0082         4
    0.9050    1.0083    0.0083         4
    0.9100    1.0031    0.0081         4
    0.9150    1.0012    0.0079         4
    0.9200    0.9965    0.0080         4
    0.9250    0.9894    0.0083         4
    0.9300    0.9838    0.0085         4
    0.9350    0.9850    0.0090         4
    0.9400    0.9813    0.0088         4
    0.9450    0.9808    0.0084         4
    0.9500    0.9739    0.0083         4
    0.9550    0.9819    0.0088         4
    0.9600    0.9838    0.0082         4
    0.9650    0.9838    0.0076         4
    0.9700    0.9802    0.0077         4
    0.9750    0.9895    0.0076         4
    0.9800    0.9885    0.0076         4
    0.9850    0.9903    0.0070         4
    0.9900    0.9853    0.0070         4
    0.9950    0.9859    0.0071         4
    1.0000    0.9871    0.0068         4
    1.0050    0.9931    0.0073         4
    1.0100    0.9935    0.0067         4
    1.0150    0.9975    0.0070         4
    1.0200    0.9897    0.0068         4
    1.0250    0.9920    0.0067         4
    1.0300    0.9956    0.0070         4
    1.0350    0.9957    0.0065         4
    1.0400    0.9992    0.0066         4
    1.0450    0.9966    0.0063         4
    1.0500    1.0022    0.0068         4
    1.0550    1.0062    0.0068         4
    1.0600    1.0013    0.0063         4
    1.0650    1.0073    0.0063         4
    1.0700    1.0169    0.0065         4
    1.0750    1.0128    0.0066         4
    1.0800    1.0192    0.0065         4
    1.0850    1.0202    0.0064         4
    1.0900    1.0255    0.0064         4
    1.0950    1.0261    0.0067         4
    1.1000    1.0289    0.0069         4
    1.1050    1.0328    0.0065         4
    1.1100    1.0312    0.0069         4
    1.1150    1.0480    0.0077         4
    1.1200    1.0527    0.0075         4
    1.1250    1.0626    0.0075         4
    1.1300    1.0646    0.0079         4
    1.1350    1.0641    0.0076         4
    1.1400    1.0783    0.0077         4
    1.1450    1.0813    0.0079         4
    1.1500    1.0791    0.0075         4
    1.1550    1.1004    0.0081         4
    1.1600    1.1058    0.0074         4
    1.1650    1.1110    0.0075         4
    1.1700    1.1218    0.0068         4
    1.1750    1.1187    0.0062         4
    1.1800    1.1256    0.0064         4
    1.1850    1.1306    0.0072         4
    1.1900    1.1350    0.0060         4
    1.1950    1.1347    0.0066         4
    1.2000    1.1401    0.0066         4
    1.2050    1.1408    0.0066         4
    1.2100    1.1272    0.0068         4
    1.2150    1.1338    0.0062         4
    1.2200    1.1320    0.0066         4
    1.2250    1.1399    0.0066         4
    1.2300    1.1526    0.0071         4
    1.2350    1.1569    0.0064         4
    1.2400    1.1647    0.0061         4
    1.2450    1.1573    0.0059         4
    1.2500    1.1616    0.0063         4
    1.2550    1.1616    0.0069         4
    1.2600    1.1569    0.0070         4
    1.2650    1.1381    0.0070         3
    1.2700   -1.0000   -1.0000         0
    1.2750    1.1571    0.0066         4
    1.2800    1.1581    0.0068         4
    1.2850    1.1663    0.0067         4
    1.2900    1.1756    0.0063         4
    1.2950    1.1739    0.0065         4
    1.3000    1.1831    0.0063         4
    1.3050    1.1882    0.0066         4
    1.3100    1.1862    0.0065         4
    1.3150    1.1877    0.0066         4
    1.3200    1.1889    0.0065         4
    1.3250    1.2053    0.0070         4
    1.3300    1.2146    0.0072         4
    1.3350    1.2107    0.0084         3
    1.3400    1.2122    0.0104         1
    1.3450    1.2329    0.0120         2
    1.3500   -1.0000   -1.0000         0
    1.3550   -1.0000   -1.0000         0
    1.3600    1.2385    0.0271         1
    1.3650    1.2205    0.0297         2
    1.3700    1.2327    0.0273         1
    1.3750    1.2127    0.0237         3
    1.3800    1.2370    0.0206         4
    1.3850    1.2595    0.0215         3
    1.3900    1.2129    0.0185         2
    1.3950    1.2218    0.0149         2
    1.4000    1.2530    0.0158         4
    1.4050    1.2767    0.0162         2
    1.4100    1.2787    0.0158         2
    1.4150    1.2590    0.0137         4
    1.4200    1.2553    0.0125         4
    1.4250    1.2672    0.0108         4
    1.4300    1.2725    0.0104         4
    1.4350    1.2799    0.0100         4
    1.4400    1.2915    0.0108         4
    1.4450    1.3105    0.0096         1
    1.4500    1.2897    0.0094         4
    1.4550    1.2906    0.0091         4
    1.4600    1.2944    0.0102         4
    1.4650    1.2945    0.0100         4
    1.4700    1.3192    0.0097         1
    1.4750    1.3328    0.0097         1
    1.4800    1.3120    0.0100         4
    1.4850    1.3096    0.0087         4
    1.4900    1.3127    0.0084         4
    1.4950    1.3143    0.0084         4
    1.5000    1.3111    0.0083         4
    1.5050    1.3146    0.0082         4
    1.5100    1.3144    0.0081         4
    1.5150    1.3030    0.0091         4
    1.5200    1.3135    0.0081         4
    1.5250    1.3191    0.0081         4
    1.5300    1.3362    0.0078         4
    1.5350    1.3482    0.0083         4
    1.5400    1.3354    0.0082         4
    1.5450    1.3415    0.0081         4
    1.5500    1.3389    0.0083         4
    1.5550    1.3317    0.0084         4
    1.5600    1.3312    0.0082         4
    1.5650    1.3347    0.0090         4
    1.5700    1.3418    0.0082         4
    1.5750    1.3370    0.0085         4
    1.5800    1.3332    0.0083         4
    1.5850    1.3207    0.0080         4
    1.5900    1.3233    0.0087         4
    1.5950    1.3324    0.0088         4
    1.6000    1.3464    0.0091         4
    1.6050    1.3392    0.0094         4
    1.6100    1.3400    0.0093         4
    1.6150    1.3517    0.0093         4
    1.6200    1.3446    0.0089         4
    1.6250    1.3431    0.0089         4
    1.6300    1.3447    0.0090         4
    1.6350    1.3525    0.0090         4
    1.6400    1.3646    0.0090         4
    1.6450    1.3521    0.0091         4
    1.6500    1.3657    0.0092         4
    1.6550    1.3584    0.0091         4
    1.6600    1.3270    0.0092         4
    1.6650    1.3374    0.0097         4
    1.6700    1.3512    0.0087         4
    1.6750    1.3375    0.0088         4
    1.6800    1.3518    0.0089         4
    1.6850    1.3536    0.0089         4
    1.6900    1.3414    0.0090         4
    1.6950    1.3343    0.0090         4
    1.7000    1.3321    0.0091         4
    1.7050    1.3182    0.0092         4
    1.7100    1.3321    0.0098         4
    1.7150    1.3401    0.0098         4
    1.7200    1.3424    0.0099         4
    1.7250    1.3346    0.0096         4
    1.7300    1.3442    0.0100         4
    1.7350    1.3607    0.0100         4
    1.7400    1.3526    0.0101         4
    1.7450    1.3347    0.0092         4
    1.7500    1.3404    0.0098         4
    1.7550    1.3374    0.0100         4
    1.7600    1.3273    0.0096         4
    1.7650    1.3322    0.0098         4
    1.7700    1.3380    0.0106         4
    1.7750    1.3408    0.0118         4
    1.7800    1.3284    0.0103         4
    1.7850    1.3144    0.0106         4
    1.7900    1.2976    0.0111         4
    1.7950   -1.0000   -1.0000         0
    1.8000    1.3238    0.0136         4
    1.8050    1.3408    0.0152         3
    1.8100    1.3384    0.0158         4
    1.8150    1.3292    0.0182         3
    1.8200   -1.0000   -1.0000         0
    1.8250    1.3178    0.0237         4
    1.8300   -1.0000   -1.0000         0
    1.8350   -1.0000   -1.0000         0
    1.8400    1.2807    0.0441         3
    1.8450   -1.0000   -1.0000         0
    1.8500   -1.0000   -1.0000         0
    1.8550    1.2929    0.0391         4
    1.8600    1.2862    0.0401         3
    1.8650    1.2757    0.0405         3
    1.8700   -1.0000   -1.0000         0
    1.8750   -1.0000   -1.0000         0
    1.8800    1.2914    0.0361         3
    1.8850   -1.0000   -1.0000         0
    1.8900    1.3071    0.0257         3
    1.8950    1.2861    0.0344         4
    1.9000    1.3019    0.0350         3
    1.9050    1.3040    0.0405         2
    1.9100    1.2906    0.0361         4
    1.9150    1.2631    0.0291         3
    1.9200    1.2873    0.0273         4
    1.9250    1.3066    0.0235         4
    1.9300   -1.0000   -1.0000         0
    1.9350    1.3180    0.0186         4
    1.9400    1.3166    0.0180         4
    1.9450    1.2988    0.0167         4
    1.9500    1.2911    0.0166         4
    1.9550    1.2835    0.0170         4
    1.9600    1.2911    0.0173         4
    1.9650    1.2916    0.0160         4
    1.9700    1.2992    0.0160         4
    1.9750    1.2850    0.0148         4
    1.9800    1.2876    0.0126         4
    1.9850    1.3007    0.0123         4
    1.9900    1.2994    0.0148         4
    1.9950    1.2740    0.0187         2
    2.0000    1.2759    0.0166         3
    2.0050    1.2921    0.0186         4
    2.0100    1.2864    0.0187         4
    2.0150    1.2890    0.0171         4
    2.0200    1.3232    0.0183         4
    2.0250   -1.0000   -1.0000         0
    2.0300    1.2941    0.0134         4
    2.0350    1.2913    0.0124         4
    2.0400    1.2854    0.0129         4
    2.0450    1.3061    0.0128         4
    2.0500    1.3238    0.0144         4
    2.0550    1.3090    0.0139         4
    2.0600    1.2863    0.0150         4
    2.0650    1.2985    0.0154         4
    2.0700    1.3152    0.0139         4
    2.0750    1.2976    0.0130         4
    2.0800    1.3054    0.0128         4
    2.0850    1.3099    0.0132         4
    2.0900    1.3191    0.0131         4
    2.0950    1.3148    0.0135         4
    2.1000    1.3222    0.0129         4
    2.1050    1.3286    0.0139         4
    2.1100    1.3079    0.0136         4
    2.1150    1.3231    0.0134         4
    2.1200    1.3366    0.0134         4
    2.1250    1.3241    0.0132         4
    2.1300    1.3138    0.0134         4
    2.1350    1.3330    0.0133         4
    2.1400    1.3539    0.0140         4
    2.1450    1.3479    0.0143         4
    2.1500    1.3405    0.0154         4
    2.1550    1.3316    0.0143         4
    2.1600    1.3338    0.0146         4
    2.1650    1.3621    0.0146         4
    2.1700    1.3647    0.0145         4
    2.1750    1.3673    0.0154         4
    2.1800    1.3475    0.0144         4
    2.1850    1.3771    0.0171         4
    2.1900    1.3626    0.0159         4
    2.1950    1.3530    0.0148         4
    2.2000    1.3545    0.0162         4
    2.2050    1.3658    0.0148         4
    2.2100    1.3700    0.0169         4
    2.2150    1.3549    0.0151         4
    2.2200    1.3566    0.0155         4
    2.2250    1.3824    0.0162         4
    2.2300    1.3624    0.0161         4
    2.2350    1.3510    0.0153         4
    2.2400    1.3583    0.0171         4
    2.2450    1.3639    0.0163         4
    2.2500    1.3668    0.0155         4
    2.2550    1.3619    0.0165         4
    2.2600    1.3582    0.0168         4
    2.2650    1.3814    0.0168         4
    2.2700    1.3630    0.0181         4
    2.2750    1.3596    0.0170         4
    2.2800    1.3827    0.0168         4
    2.2850    1.3846    0.0161         4
    2.2900    1.3890    0.0175         4
    2.2950    1.3587    0.0171         4
    2.3000    1.3640    0.0173         4
    2.3050    1.3672    0.0172         4
    2.3100    1.3735    0.0171         4
    2.3150    1.3834    0.0177         4
    2.3200    1.3624    0.0191         4
    2.3250    1.3542    0.0175         4
    2.3300    1.3581    0.0186         4
    2.3350    1.3744    0.0190         4
    2.3400    1.3617    0.0188         4
    2.3450   -1.0000   -1.0000         0
    2.3500    1.3795    0.0198         4
    2.3550    1.3733    0.0214         4
    2.3600    1.3768    0.0183         4
    2.3650    1.3611    0.0180         4
    2.3700    1.3731    0.0199         4
    2.3750    1.3727    0.0196         4
    2.3800    1.3607    0.0205         4
    2.3850    1.3536    0.0189         2
    2.3900    1.3786    0.0201         4
    2.3950   -1.0000   -1.0000         0
    2.4000    1.3810    0.0199         4
    2.4050    1.3716    0.0209         4
    2.4100    1.3822    0.0209         4
    2.4150   -1.0000   -1.0000         0
    2.4200    1.3458    0.0207         4
    2.4250    1.3538    0.0211         3
    2.4300   -1.0000   -1.0000         0
    2.4350   -1.0000   -1.0000         0
    2.4400    1.3487    0.0222         4
    2.4450   -1.0000   -1.0000         0
    2.4500    1.3690    0.0251         2
    2.4550   -1.0000   -1.0000         0
    2.4600   -1.0000   -1.0000         0
    2.4650   -1.0000   -1.0000         0
    2.4700   -1.0000   -1.0000         0
    2.4750   -1.0000   -1.0000         0
    2.4800   -1.0000   -1.0000         0
    2.4850   -1.0000   -1.0000         0
    2.4900   -1.0000   -1.0000         0
