    0.4500    0.8918    0.0166    1.0000
    0.4525    0.9081    0.0150    1.0000
    0.4550    0.8759    0.0137    1.0000
    0.4575    0.8654    0.0129    1.0000
    0.4600    0.8735    0.0119    1.0000
    0.4625    0.8700    0.0110    1.0000
    0.4650    0.8771    0.0103    1.0000
    0.4675    0.8868    0.0096    1.0000
    0.4700    0.8906    0.0091    1.0000
    0.4725    0.9056    0.0087    1.0000
    0.4750    0.9008    0.0082    1.0000
    0.4775    0.9166    0.0077    1.0000
    0.4800    0.9044    0.0072    1.0000
    0.4825    0.9002    0.0068    1.0000
    0.4850    0.9149    0.0065    1.0000
    0.4875    0.9043    0.0061    1.0000
    0.4900    0.9133    0.0059    1.0000
    0.4925    0.8913    0.0058    1.0000
    0.4950    0.9349    0.0058    1.0000
    0.4975    0.9425    0.0055    1.0000
    0.5000    0.9268    0.0051    1.0000
    0.5025    0.9468    0.0053    1.0000
    0.5050    0.9439    0.0051    1.0000
    0.5075    0.9426    0.0050    1.0000
    0.5100    0.9446    0.0046    1.0000
    0.5125    0.9515    0.0044    1.0000
    0.5150    0.9430    0.0042    1.0000
    0.5175    0.9486    0.0041    1.0000
    0.5200    0.9538    0.0039    1.0000
    0.5225    0.9571    0.0038    1.0000
    0.5250    0.9602    0.0038    1.0000
    0.5275    0.9839    0.0039    1.0000
    0.5300    1.0014    0.0037    1.0000
    0.5325    0.9949    0.0035    1.0000
    0.5350    0.9702    0.0034    1.0000
    0.5375    0.9983    0.0034    1.0000
    0.5400    0.9928    0.0032    1.0000
    0.5425    0.9895    0.0031    1.0000
    0.5450    0.9987    0.0031    1.0000
    0.5475    0.9873    0.0030    1.0000
    0.5500    1.0029    0.0030    1.0000
    0.5525    1.0161    0.0029    1.0000
    0.5550    1.0082    0.0028    1.0000
    0.5575    1.0111    0.0028    1.0000
    0.5600    1.0175    0.0027    1.0000
    0.5625    1.0234    0.0027    1.0000
    0.5650    1.0234    0.0028    1.0000
    0.5675    1.0172    0.0028    1.0000
    0.5700    1.0339    0.0028    1.0000
    0.5725    1.0318    0.0026    1.0000
    0.5750    1.0353    0.0025    1.0000
    0.5775    1.0372    0.0025    1.0000
    0.5800    1.0401    0.0025    1.0000
    0.5825    1.0403    0.0024    1.0000
    0.5850    1.0322    0.0024    1.0000
    0.5875    1.0432    0.0024    1.0000
    0.5900    1.0489    0.0023    1.0000
    0.5925    1.0418    0.0023    1.0000
    0.5950    1.0378    0.0023    1.0000
    0.5975    1.0561    0.0023    1.0000
    0.6000    1.0634    0.0023    1.0000
    0.6025    1.0595    0.0022    1.0000
    0.6050    1.0567    0.0022    1.0000
    0.6075    1.0656    0.0022    1.0000
    0.6100    1.0660    0.0022    1.0000
    0.6125    1.0701    0.0022    1.0000
    0.6150    1.0706    0.0022    1.0000
    0.6175    1.0672    0.0022    1.0000
    0.6200    1.0752    0.0021    1.0000
    0.6225    1.0801    0.0021    1.0000
    0.6250    1.0882    0.0021    1.0000
    0.6275    1.0774    0.0020    1.0000
    0.6300    1.0833    0.0021    1.0000
    0.6325    1.0914    0.0021    1.0000
    0.6350    1.0844    0.0021    1.0000
    0.6375    1.1008    0.0021    1.0000
    0.6400    1.0981    0.0020    1.0000
    0.6425    1.0942    0.0020    1.0000
    0.6450    1.1055    0.0020    1.0000
    0.6475    1.1086    0.0020    1.0000
    0.6500    1.1061    0.0020    1.0000
    0.6525    1.1156    0.0020    1.0000
    0.6550    1.1124    0.0020    1.0000
    0.6575    1.1032    0.0020    1.0000
    0.6600    1.1182    0.0020    1.0000
    0.6625    1.1357    0.0020    1.0000
    0.6650    1.1295    0.0019    1.0000
    0.6675    1.1311    0.0019    1.0000
    0.6700    1.1261    0.0019    1.0000
    0.6725    1.1360    0.0019    1.0000
    0.6750    1.1384    0.0019    1.0000
    0.6775    1.1317    0.0019    1.0000
    0.6800    1.1391    0.0019    1.0000
    0.6825    1.1455    0.0019    1.0000
    0.6850    1.1438    0.0019    1.0000
    0.6875    1.1233    0.0020    1.0000
    0.6900    1.1450    0.0021    1.0000
    0.6925    1.1592    0.0020    1.0000
    0.6950    1.1560    0.0020    1.0000
    0.6975    1.1505    0.0020    1.0000
    0.7000    1.1532    0.0019    1.0000
    0.7025    1.1554    0.0020    1.0000
    0.7050    1.1625    0.0020    1.0000
    0.7075    1.1626    0.0019    1.0000
    0.7100    1.1612    0.0019    1.0000
    0.7125    1.1606    0.0020    1.0000
    0.7150    1.1638    0.0020    1.0000
    0.7175    1.1561    0.0020    1.0000
    0.7200    1.1561    0.0020    1.0000
    0.7225    1.1683    0.0021    1.0000
    0.7250    1.1674    0.0021    1.0000
    0.7275    1.1591    0.0021    1.0000
    0.7300    1.1675    0.0022    1.0000
    0.7325    1.1704    0.0022    1.0000
    0.7350    1.1711    0.0022    1.0000
    0.7375    1.1666    0.0022    1.0000
    0.7400    1.1693    0.0022    1.0000
    0.7425    1.1724    0.0022    1.0000
    0.7450    1.1742    0.0023    1.0000
    0.7475    1.1661    0.0021    1.0000
    0.7500    1.1630    0.0021    1.0000
    0.7525    1.1632    0.0022    1.0000
    0.7550    1.1687    0.0022    1.0000
    0.7650    1.1555    0.0047    1.0000
    0.7675    1.1698    0.0034    1.0000
    0.7700    1.1602    0.0025    1.0000
    0.7725    1.1570    0.0026    1.0000
    0.7750    1.1456    0.0026    1.0000
    0.7775    1.1428    0.0026    1.0000
    0.7800    1.1370    0.0024    1.0000
    0.7825    1.1410    0.0024    1.0000
    0.7850    1.1305    0.0025    1.0000
    0.7875    1.1394    0.0025    1.0000
    0.7900    1.1386    0.0025    1.0000
    0.7925    1.1375    0.0025    1.0000
    0.7950    1.1397    0.0025    1.0000
    0.7975    1.1308    0.0025    1.0000
    0.8000    1.1223    0.0025    1.0000
    0.8025    1.1199    0.0025    1.0000
    0.8050    1.1176    0.0025    1.0000
    0.8075    1.1099    0.0025    1.0000
    0.8100    1.1121    0.0025    1.0000
    0.8125    1.1042    0.0025    1.0000
    0.8150    1.0943    0.0028    1.0000
    0.8175    1.0909    0.0028    1.0000
    0.8200    1.0964    0.0027    1.0000
    0.8225    1.0928    0.0027    1.0000
    0.8250    1.0997    0.0027    1.0000
    0.8275    1.0951    0.0029    1.0000
    0.8300    1.0944    0.0030    1.0000
    0.8325    1.0968    0.0031    1.0000
    0.8350    1.0975    0.0031    1.0000
    0.8375    1.0908    0.0032    1.0000
    0.8400    1.0869    0.0032    1.0000
    0.8425    1.0733    0.0032    1.0000
    0.8450    1.0855    0.0032    1.0000
    0.8475    1.0698    0.0032    1.0000
    0.8500    1.0432    0.0032    1.0000
    0.8525    1.0520    0.0032    1.0000
    0.8550    1.0623    0.0033    1.0000
    0.8575    1.0716    0.0033    1.0000
    0.8600    1.0537    0.0033    1.0000
    0.8625    1.0388    0.0035    1.0000
    0.8650    1.0461    0.0037    1.0000
    0.8675    1.0650    0.0039    1.0000
    0.8700    1.0548    0.0037    1.0000
    0.8725    1.0362    0.0037    1.0000
    0.8900    1.0444    0.0046    1.0000
    0.8925    1.0541    0.0047    1.0000
    0.8950    1.0341    0.0048    1.0000
    0.8975    1.0184    0.0047    1.0000
    0.9000    1.0426    0.0048    1.0000
    0.9025    1.0433    0.0048    1.0000
    0.9050    1.0334    0.0048    1.0000
    0.9075    1.0292    0.0048    1.0000
    0.9100    1.0313    0.0049    1.0000
    0.9125    1.0229    0.0050    1.0000
    0.9150    1.0182    0.0051    1.0000
    0.9175    1.0231    0.0052    1.0000
    0.9200    1.0444    0.0054    1.0000
    0.9225    1.0352    0.0056    1.0000
    0.9250    1.0196    0.0058    1.0000

    0.7800    1.1342    0.0183    4.0000
    0.7850    1.1264    0.0180    4.0000
    0.7900    1.1372    0.0178    4.0000
    0.7950    1.1318    0.0175    4.0000
    0.8000    1.1343    0.0171    4.0000
    0.8050    1.1290    0.0168    4.0000
    0.8100    1.1116    0.0165    4.0000
    0.8150    1.1055    0.0163    4.0000
    0.8200    1.1044    0.0161    4.0000
    0.8250    1.0984    0.0158    4.0000
    0.8300    1.0910    0.0155    4.0000
    0.8350    1.0918    0.0152    4.0000
    0.8400    1.0888    0.0149    4.0000
    0.8450    1.0779    0.0147    4.0000
    0.8500    1.0758    0.0147    4.0000
    0.8550    1.0706    0.0146    4.0000
    0.8600    1.0652    0.0145    4.0000
    0.8650    1.0601    0.0142    4.0000
    0.8700    1.0533    0.0139    4.0000
    0.8750    1.0468    0.0138    4.0000
    0.8800    1.0418    0.0134    4.0000
    0.8850    1.0408    0.0131    4.0000
    0.8900    1.0377    0.0130    4.0000
    0.8950    1.0351    0.0128    4.0000
    0.9000    1.0379    0.0127    4.0000
    0.9050    1.0324    0.0126    4.0000
    0.9100    1.0354    0.0126    4.0000
    0.9150    1.0262    0.0123    4.0000
    0.9200    1.0266    0.0121    4.0000
    0.9250    1.0301    0.0121    4.0000
    0.9300    1.0259    0.0121    4.0000
    0.9350    1.0318    0.0121    4.0000
    0.9400    1.0293    0.0123    4.0000
    0.9450    1.0186    0.0123    4.0000
    0.9500    1.0147    0.0122    4.0000
    0.9550    1.0134    0.0120    4.0000
    0.9600    1.0105    0.0117    4.0000
    0.9650    1.0103    0.0113    4.0000
    0.9700    1.0214    0.0111    4.0000
    0.9750    1.0232    0.0109    4.0000
    0.9800    1.0249    0.0107    4.0000
    0.9850    1.0302    0.0106    4.0000
    0.9900    1.0291    0.0104    4.0000
    0.9950    1.0293    0.0103    4.0000
    1.0000    1.0318    0.0102    4.0000
    1.0050    1.0275    0.0101    4.0000
    1.0100    1.0291    0.0100    4.0000
    1.0150    1.0376    0.0100    4.0000
    1.0200    1.0391    0.0099    4.0000
    1.0250    1.0253    0.0097    4.0000
    1.0300    1.0280    0.0097    4.0000
    1.0350    1.0310    0.0096    4.0000
    1.0400    1.0409    0.0096    4.0000
    1.0450    1.0505    0.0097    4.0000
    1.0500    1.0392    0.0094    4.0000
    1.0550    1.0474    0.0094    4.0000
    1.0600    1.0449    0.0093    4.0000
    1.0650    1.0397    0.0093    4.0000
    1.0700    1.0552    0.0093    4.0000
    1.0750    1.0572    0.0093    4.0000
    1.0800    1.0536    0.0093    4.0000
    1.0850    1.0595    0.0092    4.0000
    1.0900    1.0650    0.0092    4.0000
    1.0950    1.0749    0.0092    4.0000
    1.1000    1.0730    0.0092    4.0000
    1.1050    1.0791    0.0092    4.0000
    1.1100    1.0902    0.0092    4.0000
    1.1150    1.0967    0.0092    4.0000
    1.1200    1.1055    0.0090    3.0000
    1.1250    1.1144    0.0093    3.0000
    1.1300    1.1212    0.0099    4.0000
    1.1350    1.1266    0.0100    4.0000
    1.1400    1.1327    0.0099    4.0000
    1.1450    1.1360    0.0097    4.0000
    1.1500    1.1425    0.0096    4.0000
    1.1550    1.1363    0.0093    4.0000
    1.1600    1.1403    0.0092    4.0000
    1.1650    1.1532    0.0091    4.0000
    1.1700    1.1572    0.0089    4.0000
    1.1750    1.1639    0.0089    4.0000
    1.1800    1.1635    0.0088    4.0000
    1.1850    1.1714    0.0088    4.0000
    1.1900    1.1755    0.0088    4.0000
    1.1950    1.1810    0.0088    4.0000
    1.2000    1.1846    0.0088    4.0000
    1.2050    1.1926    0.0089    4.0000
    1.2100    1.1909    0.0088    4.0000
    1.2150    1.1889    0.0088    4.0000
    1.2200    1.1930    0.0087    4.0000
    1.2250    1.1977    0.0087    4.0000
    1.2300    1.1928    0.0087    4.0000
    1.2350    1.1943    0.0086    4.0000
    1.2400    1.2009    0.0087    4.0000
    1.2450    1.2104    0.0088    4.0000
    1.2500    1.2142    0.0088    4.0000
    1.2550    1.2069    0.0088    4.0000
    1.2600    1.2231    0.0091    4.0000
    1.2650    1.2190    0.0091    4.0000
    1.2700    1.2180    0.0091    4.0000
    1.2750    1.2370    0.0092    4.0000
    1.2800    1.2208    0.0091    4.0000
    1.2850    1.2295    0.0091    4.0000
    1.2900    1.2288    0.0090    4.0000
    1.2950    1.2203    0.0089    4.0000
    1.3000    1.2321    0.0090    4.0000
    1.3050    1.2442    0.0090    4.0000
    1.3100    1.2512    0.0092    4.0000
    1.3150    1.2486    0.0092    4.0000
    1.3200    1.2594    0.0093    4.0000
    1.3250    1.2615    0.0094    4.0000
    1.3300    1.2657    0.0094    4.0000
    1.3350    1.2796    0.0097    4.0000
    1.3400    1.2825    0.0099    4.0000
    1.3450    1.2780    0.0110    3.0000
    1.3500    1.2853    0.0125    3.0000
    1.3550    1.2820    0.0135    4.0000
    1.3600    1.2816    0.0139    2.0000
    1.3650    1.2904    0.0157    2.0000
    1.3700    1.2744    0.0182    3.0000
    1.3750    1.2768    0.0179    3.0000
    1.3800    1.2897    0.0176    3.0000
    1.3850    1.2942    0.0168    4.0000
    1.3900    1.2933    0.0154    1.0000
    1.3950   -1.0000   -1.0000    0.0000
    1.4000    1.3110    0.0159    3.0000
    1.4050    1.3246    0.0150    4.0000
    1.4100    1.3162    0.0143    4.0000
    1.4150    1.3282    0.0136    4.0000
    1.4200    1.3490    0.0142    2.0000
    1.4250    1.3295    0.0128    4.0000
    1.4300    1.3291    0.0127    4.0000
    1.4350    1.3449    0.0127    4.0000
    1.4400    1.3541    0.0125    4.0000
    1.4450    1.3605    0.0123    4.0000
    1.4500    1.3562    0.0117    2.0000
    1.4550   -1.0000   -1.0000    0.0000
    1.4600   -1.0000   -1.0000    0.0000
    1.4650    1.3562    0.0116    4.0000
    1.4700    1.3767    0.0107    1.0000
    1.4750    1.3876    0.0128    2.0000
    1.4800    1.3573    0.0115    3.0000
    1.4850    1.3688    0.0116    4.0000
    1.4900    1.3785    0.0114    4.0000
    1.4950    1.3844    0.0114    4.0000
    1.5000    1.3795    0.0113    4.0000
    1.5050    1.3664    0.0112    4.0000
    1.5100   -1.0000   -1.0000    0.0000
    1.5150    1.3781    0.0118    2.0000
    1.5200    1.3940    0.0114    4.0000
    1.5250    1.3749    0.0113    4.0000
    1.5300    1.3774    0.0114    4.0000
    1.5350    1.3816    0.0115    4.0000
    1.5400    1.3810    0.0115    4.0000
    1.5450    1.4027    0.0118    4.0000
    1.5500    1.3848    0.0117    4.0000
    1.5550    1.3736    0.0117    4.0000
    1.5600    1.3882    0.0119    4.0000
    1.5650    1.3948    0.0121    4.0000
    1.5700    1.3989    0.0123    4.0000
    1.5750    1.3834    0.0124    4.0000
    1.5800    1.3770    0.0125    4.0000
    1.5850    1.3934    0.0126    4.0000
    1.5900    1.3715    0.0124    4.0000
    1.5950    1.3825    0.0126    4.0000
    1.6000    1.3915    0.0127    4.0000
    1.6050    1.3832    0.0128    4.0000
    1.6100    1.3864    0.0129    4.0000
    1.6150    1.3825    0.0128    4.0000
    1.6200    1.3919    0.0128    4.0000
    1.6250    1.4008    0.0128    4.0000
    1.6300    1.3823    0.0127    4.0000
    1.6350    1.3772    0.0128    4.0000
    1.6400    1.3924    0.0131    4.0000
    1.6450    1.3980    0.0132    4.0000
    1.6500    1.3866    0.0133    4.0000
    1.6550    1.3895    0.0133    4.0000
    1.6600    1.3772    0.0132    4.0000
    1.6650    1.3836    0.0133    4.0000
    1.6700    1.3616    0.0132    4.0000
    1.6750    1.3839    0.0136    4.0000
    1.6800    1.3903    0.0137    4.0000
    1.6850    1.3796    0.0137    4.0000
    1.6900    1.3673    0.0137    4.0000
    1.6950    1.3647    0.0137    4.0000
    1.7000    1.3883    0.0140    4.0000
    1.7050    1.3832    0.0141    4.0000
    1.7100    1.3630    0.0140    4.0000
    1.7150    1.3622    0.0141    4.0000
    1.7200    1.3739    0.0143    4.0000
    1.7250    1.3776    0.0144    4.0000
    1.7300    1.3554    0.0145    4.0000
    1.7350    1.3650    0.0148    4.0000
    1.7400    1.3795    0.0150    4.0000
    1.7450    1.3632    0.0150    4.0000
    1.7500    1.3568    0.0150    4.0000
    1.7550   -1.0000   -1.0000    0.0000
    1.7600    1.3704    0.0152    4.0000
    1.7650    1.3617    0.0153    4.0000
    1.7700    1.3440    0.0154    4.0000
    1.7750    1.3431    0.0157    4.0000
    1.7800    1.3653    0.0160    4.0000
    1.7850    1.3603    0.0162    4.0000
    1.7900    1.3528    0.0163    4.0000
    1.7950    1.3419    0.0167    4.0000
    1.8000    1.3575    0.0175    4.0000
    1.8050    1.3534    0.0184    4.0000
    1.8100    1.3398    0.0192    4.0000
    1.8150    1.3438    0.0205    4.0000
    1.8200    1.3384    0.0216    4.0000
    1.8250    1.3484    0.0232    4.0000
    1.8300    1.3479    0.0251    4.0000
    1.8350    1.3387    0.0277    4.0000
    1.8400    1.3432    0.0311    3.0000
    1.8450    1.3360    0.0357    4.0000
    1.8500    1.3238    0.0361    4.0000
    1.8550    1.3477    0.0351    4.0000
    1.8600   -1.0000   -1.0000    0.0000
    1.8650   -1.0000   -1.0000    0.0000
    1.8700    1.3295    0.0358    4.0000
    1.8750    1.3120    0.0341    2.0000
    1.8800    1.3368    0.0389    1.0000
    1.8850    1.3382    0.0340    4.0000
    1.8900    1.3497    0.0300    3.0000
    1.8950    1.3193    0.0278    4.0000
    1.9000    1.3278    0.0299    4.0000
    1.9050    1.3182    0.0292    2.0000
    1.9100    1.3301    0.0369    3.0000
    1.9150    1.3066    0.0347    4.0000
    1.9200    1.3035    0.0326    3.0000
    1.9250    1.3341    0.0304    4.0000
    1.9300    1.3336    0.0266    1.0000
    1.9350    1.3061    0.0265    4.0000
    1.9400    1.2998    0.0256    4.0000
    1.9450    1.3380    0.0256    4.0000
    1.9500    1.3446    0.0267    2.0000
    1.9550    1.3021    0.0264    4.0000
    1.9600    1.3242    0.0300    2.0000
    1.9650    1.2959    0.0277    4.0000
    1.9700    1.2969    0.0270    3.0000
    1.9750    1.3026    0.0250    3.0000
    1.9800    1.3007    0.0226    4.0000
    1.9850    1.2914    0.0214    4.0000
    1.9900    1.3171    0.0212    4.0000
    1.9950    1.3291    0.0225    3.0000
    2.0000    1.3072    0.0224    3.0000
    2.0050    1.3048    0.0286    4.0000
    2.0100    1.2990    0.0321    3.0000
    2.0150   -1.0000   -1.0000    0.0000
    2.0200    1.2968    0.0336    2.0000
    2.0250    1.3172    0.0301    4.0000
    2.0300    1.3002    0.0267    3.0000
    2.0350    1.3092    0.0236    4.0000
    2.0400    1.3346    0.0230    4.0000
    2.0450    1.3227    0.0229    4.0000
    2.0500    1.2902    0.0222    2.0000
    2.0550    1.3073    0.0255    4.0000
    2.0600    1.3164    0.0272    4.0000
    2.0650    1.3184    0.0277    4.0000
    2.0700    1.3095    0.0280    3.0000
    2.0750    1.3067    0.0266    4.0000
    2.0800    1.3211    0.0258    4.0000
    2.0850    1.3339    0.0249    4.0000
    2.0900    1.3185    0.0244    4.0000
    2.0950    1.3420    0.0247    4.0000
    2.1000    1.3551    0.0248    4.0000
    2.1050    1.3535    0.0249    4.0000
    2.1100    1.3252    0.0248    4.0000
    2.1150    1.3377    0.0252    4.0000
    2.1200    1.3569    0.0255    4.0000
    2.1250    1.3518    0.0255    4.0000
    2.1300    1.3272    0.0255    4.0000
    2.1350    1.3454    0.0258    4.0000
    2.1400    1.3549    0.0259    4.0000
    2.1450    1.3698    0.0264    4.0000
    2.1500    1.3549    0.0264    4.0000
    2.1550    1.3542    0.0267    4.0000
    2.1600    1.3421    0.0270    4.0000
    2.1650    1.3441    0.0276    4.0000
    2.1700    1.3531    0.0281    4.0000
    2.1750    1.3436    0.0280    4.0000
    2.1800    1.3397    0.0278    4.0000
    2.1850    1.3366    0.0279    3.0000
    2.1900    1.3449    0.0281    4.0000
    2.1950    1.3518    0.0285    4.0000
    2.2000    1.3508    0.0291    4.0000
    2.2050    1.3550    0.0295    4.0000
    2.2100    1.3834    0.0300    4.0000
    2.2150    1.3725    0.0297    4.0000
    2.2200    1.3647    0.0296    4.0000
    2.2250    1.3581    0.0299    4.0000
    2.2300    1.3537    0.0302    4.0000
    2.2350    1.3636    0.0306    4.0000
    2.2400    1.3881    0.0314    4.0000
    2.2450    1.3811    0.0316    4.0000
    2.2500    1.3798    0.0321    4.0000
    2.2550    1.3925    0.0327    4.0000
    2.2600    1.3633    0.0327    4.0000
    2.2650    1.3719    0.0333    4.0000
    2.2700    1.3907    0.0338    4.0000
    2.2750    1.3958    0.0343    4.0000
    2.2800    1.3836    0.0344    4.0000
    2.2850    1.3632    0.0344    4.0000
    2.2900    1.3605    0.0349    4.0000
    2.2950    1.3869    0.0360    4.0000
    2.3000    1.3941    0.0362    4.0000
    2.3050    1.3690    0.0356    4.0000
    2.3100    1.3810    0.0361    4.0000
    2.3150    1.3693    0.0366    4.0000
    2.3200    1.3996    0.0380    4.0000
    2.3250    1.3962    0.0375    4.0000
    2.3300    1.3925    0.0348    2.0000
    2.3350    1.3954    0.0354    2.0000
    2.3400    1.3891    0.0389    4.0000
    2.3450    1.3814    0.0395    4.0000
    2.3500    1.3714    0.0424    2.0000
    2.3550    1.3772    0.0399    4.0000
    2.3600    1.3891    0.0401    4.0000
    2.3650    1.3828    0.0411    4.0000
    2.3700    1.3819    0.0449    2.0000
    2.3750    1.3693    0.0417    4.0000
    2.3800    1.3644    0.0416    4.0000
    2.3850    1.3819    0.0425    4.0000
    2.3900    1.3935    0.0425    4.0000
    2.3950    1.3624    0.0421    3.0000
    2.4000   -1.0000   -1.0000    0.0000
    2.4050    1.3913    0.0390    1.0000
    2.4100   -1.0000   -1.0000    0.0000
    2.4150   -1.0000   -1.0000    0.0000
    2.4200    1.4126    0.0455    3.0000
    2.4250    1.3837    0.0441    4.0000
    2.4300    1.3903    0.0453    4.0000
    2.4350    1.3866    0.0465    4.0000
    2.4400    1.3805    0.0464    4.0000
    2.4450    1.3681    0.0473    4.0000
    2.4500    1.4028    0.1000    1.0000
    2.4550   -1.0000   -1.0000    0.0000
    2.4600   -1.0000   -1.0000    0.0000
    2.4650   -1.0000   -1.0000    0.0000
    2.4700   -1.0000   -1.0000    0.0000
    2.4750   -1.0000   -1.0000    0.0000
    2.4800   -1.0000   -1.0000    0.0000
    2.4850   -1.0000   -1.0000    0.0000
    2.4900   -1.0000   -1.0000    0.0000
