    0.6500   -1.0000   -1.0000         0
    0.6550   -1.0000   -1.0000         0
    0.6600   -1.0000   -1.0000         0
    0.6650   -1.0000   -1.0000         0
    0.6700   -1.0000   -1.0000         0
    0.6750   -1.0000   -1.0000         0
    0.6800   -1.0000   -1.0000         0
    0.6850   -1.0000   -1.0000         0
    0.6900   -1.0000   -1.0000         0
    0.6950   -1.0000   -1.0000         0
    0.7000   -1.0000   -1.0000         0
    0.7050   -1.0000   -1.0000         0
    0.7100   -1.0000   -1.0000         0
    0.7150   -1.0000   -1.0000         0
    0.7200   -1.0000   -1.0000         0
    0.7250   -1.0000   -1.0000         0
    0.7300   -1.0000   -1.0000         0
    0.7350   -1.0000   -1.0000         0
    0.7400   -1.0000   -1.0000         0
    0.7450   -1.0000   -1.0000         0
    0.7500   -1.0000   -1.0000         0
    0.7550   -1.0000   -1.0000         0
    0.7600   -1.0000   -1.0000         0
    0.7650   -1.0000   -1.0000         0
    0.7700   -1.0000   -1.0000         0
    0.7750   -1.0000   -1.0000         0
    0.7800   -1.0000   -1.0000         0
    0.7850    1.0034    0.2534         5
    0.7900    0.9710    0.2183         5
    0.7950    1.0655    0.1812         5
    0.8000    1.0020    0.1702         5
    0.8050    1.0636    0.1725         5
    0.8100    1.0264    0.1602         5
    0.8150    1.0451    0.1604         5
    0.8200    1.1503    0.1344         5
    0.8250    1.1481    0.1286         5
    0.8300    1.1460    0.1228         5
    0.8350    1.1490    0.1180         5
    0.8400    1.0361    0.1228         5
    0.8450    1.0199    0.1294         5
    0.8500    1.0508    0.1271         5
    0.8550    1.0045    0.1291         5
    0.8600    0.9186    0.1580         5
    0.8650    1.0186    0.1263         5
    0.8700    1.0416    0.1328         5
    0.8750    1.0079    0.1279         5
    0.8800    0.9063    0.1278         5
    0.8850    1.0340    0.1277         5
    0.8900    1.0369    0.1170         5
    0.8950    0.9782    0.1121         5
    0.9000    0.9488    0.1168         5
    0.9050    0.9294    0.1257         5
    0.9100    0.9962    0.1169         5
    0.9150    0.9427    0.1146         5
    0.9200    0.9518    0.1133         5
    0.9250    0.9348    0.1083         5
    0.9300    0.9555    0.1160         5
    0.9350    1.0298    0.1080         5
    0.9400    0.9913    0.1307         5
    0.9450    1.0007    0.1353         5
    0.9500    1.0316    0.1377         5
    0.9550    0.9262    0.1262         5
    0.9600    0.8734    0.1365         5
    0.9650    0.9377    0.1145         5
    0.9700    0.9202    0.1071         5
    0.9750    0.9497    0.1071         5
    0.9800    1.0137    0.0958         5
    0.9850    1.0207    0.0909         5
    0.9900    0.9852    0.0876         5
    0.9950    0.9836    0.0936         5
    1.0000    0.9728    0.0923         5
    1.0050    0.9126    0.0969         5
    1.0100    0.9833    0.0844         5
    1.0150    0.9540    0.0881         5
    1.0200    0.9623    0.0852         5
    1.0250    0.9688    0.0907         5
    1.0300    0.9882    0.0847         5
    1.0350    1.0455    0.0935         5
    1.0400    1.0097    0.0846         5
    1.0450    0.9960    0.0843         5
    1.0500    1.0066    0.0877         5
    1.0550    1.0103    0.0865         5
    1.0600    0.9922    0.0965         5
    1.0650    0.9962    0.0931         5
    1.0700    1.0582    0.0829         5
    1.0750    0.9830    0.0897         5
    1.0800    1.0235    0.0839         5
    1.0850    0.9960    0.0906         5
    1.0900    1.0545    0.0869         5
    1.0950    1.0130    0.0860         5
    1.1000    1.0251    0.0862         5
    1.1050    0.9826    0.1010         5
    1.1100    1.0084    0.1018         5
    1.1150    1.0848    0.1079         5
    1.1200    1.1706    0.1220         5
    1.1250    1.2069    0.1147         5
    1.1300    1.1157    0.1273         5
    1.1350    1.1165    0.1249         5
    1.1400    1.1997    0.1274         5
    1.1450    1.1101    0.1399         5
    1.1500    1.2020    0.1286         5
    1.1550    1.1535    0.1167         5
    1.1600    1.1949    0.1089         5
    1.1650    1.0668    0.1088         5
    1.1700    1.1515    0.1078         5
    1.1750    1.1611    0.0948         5
    1.1800    1.2013    0.0918         5
    1.1850    1.2523    0.0846         5
    1.1900    1.1923    0.0972         5
    1.1950    1.2034    0.0954         5
    1.2000    1.2013    0.0893         5
    1.2050    1.1653    0.0924         5
    1.2100    1.1878    0.0874         5
    1.2150    1.1481    0.0928         5
    1.2200    1.2068    0.0863         5
    1.2250    1.1973    0.0834         5
    1.2300    1.1291    0.0956         5
    1.2350    1.2432    0.0811         5
    1.2400    1.2553    0.0805         5
    1.2450    1.2364    0.0854         5
    1.2500    1.2889    0.0884         5
    1.2550    1.2532    0.0824         5
    1.2600    1.3063    0.0846         5
    1.2650    1.2547    0.0817         5
    1.2700    1.1744    0.0857         5
    1.2750    1.2258    0.0887         5
    1.2800    1.2799    0.0843         5
    1.2850    1.1291    0.0896         5
    1.2900    1.3301    0.0842         5
    1.2950    1.3124    0.0923         5
    1.3000    1.2985    0.0807         5
    1.3050    1.2438    0.0838         5
    1.3100    1.3723    0.0847         5
    1.3150    1.3475    0.0809         5
    1.3200    1.3523    0.0984         5
    1.3250    1.3140    0.0970         5
    1.3300    1.3663    0.0950         5
    1.3350    1.4248    0.1076         5
    1.3400    1.4328    0.1355         5
    1.3450   -1.0000   -1.0000         0
    1.3500   -1.0000   -1.0000         0
    1.3550   -1.0000   -1.0000         0
    1.3600   -1.0000   -1.0000         0
    1.3650   -1.0000   -1.0000         0
    1.3700   -1.0000   -1.0000         0
    1.3750   -1.0000   -1.0000         0
    1.3800   -1.0000   -1.0000         0
    1.3850   -1.0000   -1.0000         0
    1.3900   -1.0000   -1.0000         0
    1.3950   -1.0000   -1.0000         0
    1.4000   -1.0000   -1.0000         0
    1.4050   -1.0000   -1.0000         0
    1.4100   -1.0000   -1.0000         0
    1.4150   -1.0000   -1.0000         0
    1.4200   -1.0000   -1.0000         0
    1.4250   -1.0000   -1.0000         0
    1.4300   -1.0000   -1.0000         0
    1.4350    1.5256    0.1607         5
    1.4400   -1.0000   -1.0000         0
    1.4450    1.4245    0.1408         5
    1.4500    1.3913    0.1313         5
    1.4550    1.3497    0.1270         5
    1.4600    1.5320    0.1101         5
    1.4650    1.3471    0.1146         5
    1.4700    1.2953    0.1201         5
    1.4750    1.5302    0.1132         5
    1.4800    1.4763    0.1070         5
    1.4850   -1.0000   -1.0000         0
    1.4900    1.4253    0.0978         5
    1.4950    1.4781    0.0951         5
    1.5000    1.3140    0.0961         5
    1.5050    1.5536    0.0845         5
    1.5100    1.5598    0.0822         5
    1.5150    1.3649    0.0924         5
    1.5200    1.3148    0.0948         5
    1.5250    1.5111    0.0840         5
    1.5300    1.3537    0.0853         5
    1.5350    1.5241    0.0840         5
    1.5400    1.5974    0.0833         5
    1.5450    1.2873    0.0926         5
    1.5500   -1.0000   -1.0000         0
    1.5550   -1.0000   -1.0000         0
    1.5600    1.4746    0.0834         5
    1.5650    1.4879    0.0841         5
    1.5700    1.4353    0.0848         5
    1.5750    1.4208    0.0812         5
    1.5800    1.4085    0.0880         5
    1.5850    1.4092    0.0833         5
    1.5900    1.3210    0.0872         5
    1.5950    1.4913    0.0892         5
    1.6000    1.4411    0.0813         5
    1.6050    1.6278    0.0772         5
    1.6100    1.3928    0.0895         5
    1.6150    1.6007    0.0801         5
    1.6200    1.4224    0.0855         5
    1.6250    1.7236    0.0833         5
    1.6300    1.4992    0.0857         5
    1.6350    1.3671    0.0915         5
    1.6400    1.2841    0.0922         5
    1.6450    1.5304    0.0839         5
    1.6500    1.6002    0.0895         5
    1.6550    1.5426    0.0916         5
    1.6600    1.5528    0.0859         5
    1.6650    1.3334    0.0964         5
    1.6700    1.6141    0.0819         5
    1.6750    1.6439    0.0963         5
    1.6800    1.3539    0.0970         5
    1.6850    1.3677    0.0962         5
    1.6900    1.6661    0.0880         5
    1.6950    1.3321    0.0928         5
    1.7000    1.4470    0.0904         5
    1.7050    1.4538    0.0918         5
    1.7100    1.5801    0.0917         5
    1.7150    1.3135    0.1004         5
    1.7200    1.4301    0.1002         5
    1.7250    1.4836    0.1225         5
    1.7300    1.2675    0.1039         5
    1.7350    1.4553    0.1001         5
    1.7400    1.4862    0.1044         5
    1.7450    1.4514    0.1045         5
    1.7500    1.4658    0.1026         5
    1.7550    1.3677    0.1104         5
    1.7600    1.2946    0.1191         5
    1.7650    1.4373    0.1035         5
    1.7700    1.5077    0.1033         5
    1.7750    1.2416    0.1255         5
    1.7800    1.3607    0.1170         5
    1.7850    1.4282    0.1159         5
    1.7900    1.2889    0.1268         5
    1.7950    1.4615    0.1348         5
    1.8000   -1.0000   -1.0000         0
    1.8050   -1.0000   -1.0000         0
    1.8100   -1.0000   -1.0000         0
    1.8150   -1.0000   -1.0000         0
    1.8200   -1.0000   -1.0000         0
    1.8250   -1.0000   -1.0000         0
    1.8300   -1.0000   -1.0000         0
    1.8350   -1.0000   -1.0000         0
    1.8400   -1.0000   -1.0000         0
    1.8450   -1.0000   -1.0000         0
    1.8500   -1.0000   -1.0000         0
    1.8550   -1.0000   -1.0000         0
    1.8600   -1.0000   -1.0000         0
    1.8650   -1.0000   -1.0000         0
    1.8700   -1.0000   -1.0000         0
    1.8750   -1.0000   -1.0000         0
    1.8800   -1.0000   -1.0000         0
    1.8850   -1.0000   -1.0000         0
    1.8900   -1.0000   -1.0000         0
    1.8950   -1.0000   -1.0000         0
    1.9000   -1.0000   -1.0000         0
    1.9050   -1.0000   -1.0000         0
    1.9100   -1.0000   -1.0000         0
    1.9150   -1.0000   -1.0000         0
    1.9200   -1.0000   -1.0000         0
    1.9250   -1.0000   -1.0000         0
    1.9300   -1.0000   -1.0000         0
    1.9350    1.2967    0.5206         5
    1.9400    1.3119    0.4515         5
    1.9450   -1.0000   -1.0000         0
    1.9500    1.3126    0.3307         5
    1.9550    1.2086    0.3133         5
    1.9600    1.2262    0.2939         5
    1.9650    1.3712    0.2903         5
    1.9700    1.5794    0.1984         5
    1.9750   -1.0000   -1.0000         0
    1.9800    1.4163    0.1609         5
    1.9850    1.5583    0.1507         5
    1.9900    1.2935    0.1540         5
    1.9950    1.4741    0.1445         5
    2.0000    1.4251    0.1716         5
    2.0050    1.3085    0.2145         5
    2.0100    1.5912    0.2414         5
    2.0150   -1.0000   -1.0000         0
    2.0200    1.2318    0.2296         5
    2.0250    1.2062    0.2038         5
    2.0300    1.2779    0.1806         5
    2.0350    1.1927    0.1647         5
    2.0400    1.2473    0.1541         5
    2.0450    1.1862    0.1721         5
    2.0500    1.5173    0.1473         5
    2.0550    1.6300    0.1480         5
    2.0600    1.6052    0.1635         5
    2.0650    1.3534    0.1673         5
    2.0700    1.2392    0.1707         5
    2.0750    1.4929    0.1499         5
    2.0800    1.4040    0.1510         5
    2.0850    1.4955    0.1415         5
    2.0900    1.4788    0.1512         5
    2.0950    1.5241    0.1420         5
    2.1000    1.5170    0.1406         5
    2.1050    1.6484    0.1387         5
    2.1100    1.4390    0.1489         5
    2.1150    1.5091    0.1339         5
    2.1200    1.5126    0.1416         5
    2.1250    1.6287    0.1458         5
    2.1300    1.4915    0.1412         5
    2.1350    1.5002    0.1371         5
    2.1400    1.5534    0.1433         5
    2.1450    1.6451    0.1362         5
    2.1500    1.7397    0.1379         5
    2.1550    1.3674    0.1601         5
    2.1600   -1.0000   -1.0000         0
    2.1650   -1.0000   -1.0000         0
    2.1700    1.4688    0.1617         5
    2.1750    1.5163    0.1605         5
    2.1800    1.6277    0.1564         5
    2.1850    1.6785    0.1493         5
    2.1900    1.3383    0.1847         5
    2.1950    1.7179    0.1610         5
    2.2000    1.5054    0.1643         5
    2.2050    1.6901    0.1502         5
    2.2100    1.6558    0.1656         5
    2.2150    1.3762    0.1817         5
    2.2200    1.5054    0.1653         5
    2.2250    1.3995    0.1771         5
    2.2300    1.5472    0.1781         5
    2.2350    1.3860    0.1802         5
    2.2400    1.5787    0.1761         5
    2.2450    1.5139    0.1684         5
    2.2500   -1.0000   -1.0000         0
    2.2550    1.4961    0.1734         5
    2.2600    1.4839    0.1819         5
    2.2650    1.5558    0.1676         5
    2.2700    1.8112    0.1676         5
    2.2750    1.7467    0.1714         5
    2.2800    1.6349    0.1752         5
    2.2850    1.6940    0.1832         5
    2.2900    1.5344    0.2056         5
    2.2950    1.8246    0.1815         5
    2.3000    1.4726    0.1854         5
    2.3050    1.4653    0.1957         5
    2.3100    1.3859    0.2116         5
    2.3150    1.4850    0.1972         5
    2.3200    1.8224    0.1804         5
    2.3250    1.6366    0.1999         5
    2.3300    1.9458    0.2061         5
    2.3350    1.6290    0.2033         5
    2.3400    1.6917    0.2015         5
    2.3450   -1.0000   -1.0000         0
    2.3500    1.9845    0.1994         5
    2.3550    1.9039    0.2062         5
    2.3600    1.7260    0.2098         5
    2.3650    2.2010    0.1874         5
    2.3700   -1.0000   -1.0000         0
    2.3750    1.3242    0.2638         5
    2.3800    2.1910    0.2108         5
    2.3850    1.5258    0.2577         5
    2.3900   -1.0000   -1.0000         0
    2.3950    1.9641    0.2131         5
    2.4000    1.6212    0.2258         5
    2.4050    1.7596    0.2416         5
    2.4100    2.2028    0.2262         5
    2.4150   -1.0000   -1.0000         0
    2.4200   -1.0000   -1.0000         0
    2.4250    1.9433    0.2532         5
    2.4300   -1.0000   -1.0000         0
    2.4350    1.7213    0.2646         5
    2.4400    2.0008    0.2693         5
    2.4450   -1.0000   -1.0000         0
    2.4500    1.6893    0.3139         5
    2.4550    1.3897    0.3187         5
    2.4600   -1.0000   -1.0000         0
    2.4650   -1.0000   -1.0000         0
    2.4700   -1.0000   -1.0000         0
    2.4750   -1.0000   -1.0000         0
    2.4800   -1.0000   -1.0000         0
    2.4850   -1.0000   -1.0000         0
    2.4900   -1.0000   -1.0000         5
