    0.6500   -1.0000   -1.0000         0
    0.6550   -1.0000   -1.0000         0
    0.6600   -1.0000   -1.0000         0
    0.6650   -1.0000   -1.0000         0
    0.6700   -1.0000   -1.0000         0
    0.6750   -1.0000   -1.0000         0
    0.6800   -1.0000   -1.0000         0
    0.6850   -1.0000   -1.0000         0
    0.6900   -1.0000   -1.0000         0
    0.6950   -1.0000   -1.0000         0
    0.7000   -1.0000   -1.0000         0
    0.7050   -1.0000   -1.0000         0
    0.7100   -1.0000   -1.0000         0
    0.7150   -1.0000   -1.0000         0
    0.7200   -1.0000   -1.0000         0
    0.7250   -1.0000   -1.0000         0
    0.7300   -1.0000   -1.0000         0
    0.7350   -1.0000   -1.0000         0
    0.7400   -1.0000   -1.0000         0
    0.7450   -1.0000   -1.0000         0
    0.7500   -1.0000   -1.0000         0
    0.7550   -1.0000   -1.0000         0
    0.7600   -1.0000   -1.0000         0
    0.7650   -1.0000   -1.0000         0
    0.7700   -1.0000   -1.0000         0
    0.7750    1.1824    0.1122         5
    0.7800    1.1769    0.0941         5
    0.7850    1.1632    0.0698         5
    0.7900    1.1542    0.0601         5
    0.7950    1.1612    0.0561         5
    0.8000    1.1385    0.0518         5
    0.8050    1.1361    0.0501         5
    0.8100    1.1067    0.0524         5
    0.8150    1.1198    0.0435         5
    0.8200    1.1164    0.0419         5
    0.8250    1.1030    0.0416         5
    0.8300    1.0844    0.0423         5
    0.8350    1.0884    0.0391         5
    0.8400    1.0865    0.0416         5
    0.8450    1.0828    0.0387         5
    0.8500    1.0766    0.0376         5
    0.8550    1.1009    0.0386         5
    0.8600    1.0741    0.0424         5
    0.8650    1.0532    0.0405         5
    0.8700    1.0653    0.0392         5
    0.8750    1.0521    0.0397         5
    0.8800    1.0322    0.0412         5
    0.8850    1.0444    0.0389         5
    0.8900    1.0380    0.0375         5
    0.8950    1.0258    0.0388         5
    0.9000    1.0249    0.0375         5
    0.9050    1.0321    0.0351         5
    0.9100    1.0251    0.0362         5
    0.9150    1.0144    0.0345         5
    0.9200    1.0293    0.0341         5
    0.9250    1.0068    0.0361         5
    0.9300    0.9958    0.0367         5
    0.9350    1.0034    0.0365         5
    0.9400    0.9917    0.0416         5
    0.9450    0.9773    0.0460         5
    0.9500    0.9780    0.0425         5
    0.9550    0.9661    0.0411         5
    0.9600    0.9559    0.0425         5
    0.9650    0.9872    0.0373         5
    0.9700    0.9740    0.0370         5
    0.9750    0.9708    0.0340         5
    0.9800    0.9767    0.0324         5
    0.9850    0.9727    0.0310         5
    0.9900    0.9874    0.0313         5
    0.9950    0.9787    0.0307         5
    1.0000    0.9825    0.0280         5
    1.0050    0.9902    0.0308         5
    1.0100    0.9759    0.0293         5
    1.0150    0.9744    0.0283         5
    1.0200    0.9943    0.0289         5
    1.0250    0.9630    0.0341         5
    1.0300    0.9890    0.0286         5
    1.0350    1.0106    0.0280         5
    1.0400    0.9912    0.0297         5
    1.0450    1.0112    0.0289         5
    1.0500    1.0092    0.0283         5
    1.0550    1.0064    0.0281         5
    1.0600    1.0281    0.0289         5
    1.0650    1.0111    0.0275         5
    1.0700    1.0150    0.0283         5
    1.0750    1.0214    0.0291         5
    1.0800    1.0379    0.0277         5
    1.0850    1.0485    0.0287         5
    1.0900    1.0404    0.0286         5
    1.0950    1.0711    0.0311         5
    1.1000    1.0451    0.0332         5
    1.1050    1.0663    0.0316         5
    1.1100    1.0796    0.0308         5
    1.1150    1.0913    0.0320         5
    1.1200    1.1295    0.0391         5
    1.1250    1.1172    0.0418         5
    1.1300    1.0643    0.0459         5
    1.1350    1.0771    0.0460         5
    1.1400    1.1098    0.0425         5
    1.1450    1.1377    0.0444         5
    1.1500    1.1156    0.0390         5
    1.1550    1.1144    0.0368         5
    1.1600    1.1022    0.0385         5
    1.1650    1.1515    0.0353         5
    1.1700    1.1643    0.0330         5
    1.1750    1.1658    0.0306         5
    1.1800    1.1627    0.0316         5
    1.1850    1.1531    0.0313         5
    1.1900    1.1571    0.0322         5
    1.1950    1.1782    0.0303         5
    1.2000    1.2101    0.0318         5
    1.2050    1.2243    0.0303         5
    1.2100    1.2255    0.0305         5
    1.2150    1.2224    0.0293         5
    1.2200    1.2475    0.0323         5
    1.2250    1.1954    0.0326         5
    1.2300    1.2111    0.0301         5
    1.2350    1.1941    0.0317         5
    1.2400    1.2406    0.0285         5
    1.2450    1.2261    0.0285         5
    1.2500    1.2523    0.0290         5
    1.2550    1.2445    0.0301         5
    1.2600    1.2496    0.0282         5
    1.2650    1.2507    0.0297         5
    1.2700    1.2704    0.0318         5
    1.2750    1.2680    0.0316         5
    1.2800    1.2826    0.0293         5
    1.2850    1.2990    0.0292         5
    1.2900    1.2898    0.0271         5
    1.2950    1.2953    0.0284         5
    1.3000    1.2988    0.0287         5
    1.3050    1.3110    0.0322         5
    1.3100    1.2992    0.0325         5
    1.3150    1.3208    0.0310         5
    1.3200    1.2733    0.0316         5
    1.3250    1.3055    0.0329         5
    1.3300    1.3315    0.0330         5
    1.3350    1.3552    0.0358         5
    1.3400   -1.0000   -1.0000         0
    1.3450   -1.0000   -1.0000         0
    1.3500   -1.0000   -1.0000         0
    1.3550   -1.0000   -1.0000         0
    1.3600   -1.0000   -1.0000         0
    1.3650   -1.0000   -1.0000         0
    1.3700   -1.0000   -1.0000         0
    1.3750   -1.0000   -1.0000         0
    1.3800   -1.0000   -1.0000         0
    1.3850   -1.0000   -1.0000         0
    1.3900   -1.0000   -1.0000         0
    1.3950   -1.0000   -1.0000         0
    1.4000   -1.0000   -1.0000         0
    1.4050   -1.0000   -1.0000         0
    1.4100    1.3522    0.1113         5
    1.4150    1.3570    0.0892         5
    1.4200   -1.0000   -1.0000         0
    1.4250    1.3471    0.0667         5
    1.4300    1.3772    0.0554         5
    1.4350    1.4147    0.0622         5
    1.4400    1.4051    0.0534         5
    1.4450    1.3706    0.0495         5
    1.4500    1.3974    0.0451         5
    1.4550    1.4427    0.0437         5
    1.4600    1.3742    0.0462         5
    1.4650    1.4723    0.0380         5
    1.4700    1.4396    0.0417         5
    1.4750    1.4530    0.0401         5
    1.4800    1.4696    0.0365         5
    1.4850    1.4682    0.0380         5
    1.4900    1.4442    0.0350         5
    1.4950    1.4708    0.0332         5
    1.5000    1.5341    0.0307         5
    1.5050    1.5258    0.0306         5
    1.5100    1.5388    0.0322         5
    1.5150    1.5671    0.0303         5
    1.5200    1.5521    0.0284         5
    1.5250    1.5775    0.0280         5
    1.5300    1.5615    0.0287         5
    1.5350   -1.0000   -1.0000         0
    1.5400    1.5982    0.0284         5
    1.5450    1.5687    0.0301         5
    1.5500    1.5974    0.0279         5
    1.5550    1.5884    0.0284         5
    1.5600    1.5796    0.0279         5
    1.5650    1.6171    0.0294         5
    1.5700    1.5950    0.0293         5
    1.5750    1.5537    0.0318         5
    1.5800    1.5893    0.0307         5
    1.5850    1.6332    0.0305         5
    1.5900    1.5612    0.0313         5
    1.5950    1.6086    0.0278         5
    1.6000    1.5905    0.0305         5
    1.6050    1.6341    0.0303         5
    1.6100    1.6064    0.0296         5
    1.6150    1.5879    0.0291         5
    1.6200    1.5934    0.0324         5
    1.6250    1.5854    0.0303         5
    1.6300    1.5880    0.0304         5
    1.6350   -1.0000   -1.0000         0
    1.6400    1.6259    0.0303         5
    1.6450    1.5901    0.0313         5
    1.6500    1.6313    0.0291         5
    1.6550    1.6113    0.0302         5
    1.6600    1.6126    0.0291         5
    1.6650    1.5932    0.0365         5
    1.6700   -1.0000   -1.0000         0
    1.6750    1.5822    0.0338         5
    1.6800    1.6142    0.0299         5
    1.6850    1.5651    0.0328         5
    1.6900    1.5774    0.0325         5
    1.6950    1.6114    0.0311         5
    1.7000    1.5571    0.0318         5
    1.7050    1.5470    0.0335         5
    1.7100    1.5767    0.0326         5
    1.7150    1.6066    0.0335         5
    1.7200    1.5863    0.0339         5
    1.7250    1.5795    0.0361         5
    1.7300    1.5419    0.0376         5
    1.7350    1.5748    0.0347         5
    1.7400    1.5793    0.0366         5
    1.7450    1.5933    0.0367         5
    1.7500    1.5486    0.0368         5
    1.7550    1.6162    0.0395         5
    1.7600    1.5964    0.0342         5
    1.7650    1.5308    0.0366         5
    1.7700    1.5494    0.0375         5
    1.7750    1.5344    0.0395         5
    1.7800    1.5537    0.0382         5
    1.7850    1.5279    0.0411         5
    1.7900    1.5516    0.0452         5
    1.7950    1.5986    0.0470         5
    1.8000    1.5098    0.0541         5
    1.8050    1.5465    0.0613         5
    1.8100    1.4778    0.0759         5
    1.8150    1.4939    0.0827         5
    1.8200    1.4519    0.1106         5
    1.8250    1.5579    0.1365         5
    1.8300    1.5347    0.1730         5
    1.8350   -1.0000   -1.0000         0
    1.8400   -1.0000   -1.0000         0
    1.8450   -1.0000   -1.0000         0
    1.8500   -1.0000   -1.0000         0
    1.8550   -1.0000   -1.0000         0
    1.8600   -1.0000   -1.0000         0
    1.8650   -1.0000   -1.0000         0
    1.8700   -1.0000   -1.0000         0
    1.8750   -1.0000   -1.0000         0
    1.8800   -1.0000   -1.0000         0
    1.8850   -1.0000   -1.0000         0
    1.8900   -1.0000   -1.0000         0
    1.8950   -1.0000   -1.0000         0
    1.9000   -1.0000   -1.0000         0
    1.9050   -1.0000   -1.0000         0
    1.9100   -1.0000   -1.0000         0
    1.9150   -1.0000   -1.0000         0
    1.9200    1.4679    0.3357         5
    1.9250   -1.0000   -1.0000         0
    1.9300    1.4223    0.1986         5
    1.9350    1.4238    0.1551         5
    1.9400    1.5164    0.1439         5
    1.9450    1.4201    0.1215         5
    1.9500   -1.0000   -1.0000         0
    1.9550    1.4832    0.0915         5
    1.9600    1.4436    0.0830         5
    1.9650    1.4151    0.0831         5
    1.9700    1.4086    0.0776         5
    1.9750    1.4945    0.0643         5
    1.9800    1.5496    0.0531         5
    1.9850    1.4830    0.0519         5
    1.9900    1.5490    0.0483         5
    1.9950    1.5330    0.0492         5
    2.0000    1.5497    0.0542         5
    2.0050    1.5550    0.0648         5
    2.0100    1.4883    0.0727         5
    2.0150    1.5676    0.0804         5
    2.0200    1.4996    0.0672         5
    2.0250    1.4935    0.0653         5
    2.0300    1.5351    0.0563         5
    2.0350    1.4869    0.0481         5
    2.0400    1.5134    0.0502         5
    2.0450   -1.0000   -1.0000         0
    2.0500    1.4903    0.0515         5
    2.0550    1.5413    0.0547         5
    2.0600    1.5318    0.0547         5
    2.0650    1.5242    0.0543         5
    2.0700    1.4874    0.0537         5
    2.0750    1.4941    0.0511         5
    2.0800    1.4795    0.0499         5
    2.0850    1.5076    0.0479         5
    2.0900    1.4996    0.0456         5
    2.0950    1.5098    0.0462         5
    2.1000    1.5134    0.0455         5
    2.1050    1.5131    0.0476         5
    2.1100    1.4780    0.0519         5
    2.1150    1.5529    0.0500         5
    2.1200    1.5009    0.0525         5
    2.1250    1.4760    0.0482         5
    2.1300    1.5148    0.0525         5
    2.1350    1.5503    0.0566         5
    2.1400    1.5738    0.0488         5
    2.1450    1.5501    0.0482         5
    2.1500    1.5095    0.0528         5
    2.1550    1.4878    0.0559         5
    2.1600    1.5335    0.0535         5
    2.1650    1.5367    0.0542         5
    2.1700    1.5611    0.0550         5
    2.1750   -1.0000   -1.0000         0
    2.1800   -1.0000   -1.0000         0
    2.1850    1.5807    0.0545         5
    2.1900    1.5640    0.0553         5
    2.1950    1.5554    0.0551         5
    2.2000    1.5275    0.0580         5
    2.2050    1.4792    0.0609         5
    2.2100    1.5166    0.0584         5
    2.2150    1.5551    0.0611         5
    2.2200    1.5916    0.0572         5
    2.2250    1.5095    0.0584         5
    2.2300    1.5860    0.0636         5
    2.2350    1.6122    0.0575         5
    2.2400    1.5461    0.0659         5
    2.2450    1.5347    0.0610         5
    2.2500    1.5516    0.0604         5
    2.2550    1.5512    0.0602         5
    2.2600    1.5405    0.0652         5
    2.2650    1.5258    0.0703         5
    2.2700    1.6015    0.0648         5
    2.2750    1.5888    0.0603         5
    2.2800    1.6182    0.0623         5
    2.2850    1.5681    0.0640         5
    2.2900    1.5818    0.0645         5
    2.2950    1.5026    0.0644         5
    2.3000    1.5056    0.0740         5
    2.3050    1.5298    0.0699         5
    2.3100    1.5309    0.0666         5
    2.3150    1.6084    0.0730         5
    2.3200    1.5738    0.0710         5
    2.3250    1.6276    0.0687         5
    2.3300    1.6061    0.0647         5
    2.3350    1.6222    0.0681         5
    2.3400   -1.0000   -1.0000         0
    2.3450    1.6260    0.0737         5
    2.3500    1.5181    0.0744         5
    2.3550    1.5701    0.0759         5
    2.3600    1.6102    0.0708         5
    2.3650    1.4989    0.0804         5
    2.3700    1.5584    0.0876         5
    2.3750    1.6265    0.0822         5
    2.3800    1.5129    0.0831         5
    2.3850    1.5318    0.0819         5
    2.3900   -1.0000   -1.0000         0
    2.3950    1.5772    0.0742         5
    2.4000    1.6621    0.0842         5
    2.4050    1.5975    0.0874         5
    2.4100   -1.0000   -1.0000         0
    2.4150   -1.0000   -1.0000         0
    2.4200   -1.0000   -1.0000         0
    2.4250   -1.0000   -1.0000         0
    2.4300   -1.0000   -1.0000         0
    2.4350   -1.0000   -1.0000         0
    2.4400   -1.0000   -1.0000         0
    2.4450   -1.0000   -1.0000         0
    2.4500   -1.0000   -1.0000         0
    2.4550   -1.0000   -1.0000         0
    2.4600   -1.0000   -1.0000         0
    2.4650   -1.0000   -1.0000         0
    2.4700   -1.0000   -1.0000         0
    2.4750   -1.0000   -1.0000         0
    2.4800   -1.0000   -1.0000         0
    2.4850   -1.0000   -1.0000         0
    2.4900   -1.0000   -1.0000         5
