 0.6500  -1.0000  -1.0000       0
 0.6550  -1.0000  -1.0000       0
 0.6600  -1.0000  -1.0000       0
 0.6650  -1.0000  -1.0000       0
 0.6700  -1.0000  -1.0000       0
 0.6750  -1.0000  -1.0000       0
 0.6800  -1.0000  -1.0000       0
 0.6850  -1.0000  -1.0000       0
 0.6900  -1.0000  -1.0000       0
 0.6950  -1.0000  -1.0000       0
 0.7000  -1.0000  -1.0000       0
 0.7050  -1.0000  -1.0000       0
 0.7100  -1.0000  -1.0000       0
 0.7150  -1.0000  -1.0000       0
 0.7200  -1.0000  -1.0000       0
 0.7250  -1.0000  -1.0000       0
 0.7300  -1.0000  -1.0000       0
 0.7350  -1.0000  -1.0000       0
 0.7400  -1.0000  -1.0000       0
 0.7450  -1.0000  -1.0000       0
 0.7500  -1.0000  -1.0000       0
 0.7550  -1.0000  -1.0000       0
 0.7600  -1.0000  -1.0000       0
 0.7650  -1.0000  -1.0000       0
 0.7700  -1.0000  -1.0000       0
 0.7750  -1.0000  -1.0000       0
 0.7800  -1.0000  -1.0000       0
 0.7850  -1.0000  -1.0000       0
 0.7900  -1.0000  -1.0000       0
 0.7950  -1.0000  -1.0000       0
 0.8000  -1.0000  -1.0000       0
 0.8050  -1.0000  -1.0000       0
 0.8100  -1.0000  -1.0000       0
 0.8150  -1.0000  -1.0000       0
 0.8200   1.0478   0.0716       4
 0.8250   1.0946   0.0708       4
 0.8300   1.1526   0.0753       4
 0.8350   1.1300   0.0691       4
 0.8400   1.0560   0.0650       3
 0.8450   1.0072   0.0471       1
 0.8500   1.0682   0.0667       4
 0.8550   1.1158   0.0672       4
 0.8600   1.0641   0.0685       4
 0.8650   1.0561   0.0648       4
 0.8700   1.0462   0.0676       4
 0.8750   1.0403   0.0610       4
 0.8800   1.0528   0.0619       4
 0.8850   1.0633   0.0613       4
 0.8900   1.0584   0.0707       4
 0.8950   1.0116   0.0542       4
 0.9000   1.0175   0.0571       4
 0.9050   1.0143   0.0565       4
 0.9100   0.9736   0.0540       4
 0.9150   1.0018   0.0584       4
 0.9200   0.9669   0.0504       4
 0.9250   0.9285   0.0567       4
 0.9300   0.9259   0.0523       4
 0.9350   0.9179   0.0556       4
 0.9400   0.9098   0.0492       4
 0.9450   0.9242   0.0629       4
 0.9500   0.9425   0.0551       4
 0.9550   0.8867   0.0558       4
 0.9600   0.9092   0.0574       4
 0.9650   0.9786   0.0553       4
 0.9700   0.9841   0.0533       4
 0.9750   0.9562   0.0461       4
 0.9800   0.9332   0.0455       4
 0.9850   0.9186   0.0447       4
 0.9900   0.9487   0.0486       4
 0.9950   0.9806   0.0505       4
 1.0000   0.9912   0.0462       4
 1.0050   1.0167   0.0542       4
 1.0100   1.0021   0.0441       4
 1.0150   0.9421   0.0455       4
 1.0200   0.8903   0.0382       4
 1.0250   0.8664   0.0419       4
 1.0300   0.9170   0.0399       4
 1.0350   1.0250   0.0454       4
 1.0400   1.0699   0.0448       4
 1.0450   1.0349   0.0468       4
 1.0500   1.0229   0.0414       4
 1.0550   1.0296   0.0484       4
 1.0600   1.0166   0.0501       4
 1.0650   1.0032   0.0468       4
 1.0700   0.9982   0.0460       4
 1.0750   1.0109   0.0483       4
 1.0800   1.0348   0.0484       4
 1.0850   0.9825   0.0455       4
 1.0900   0.9359   0.0462       4
 1.0950   0.9378   0.0458       4
 1.1000   1.0121   0.0484       4
 1.1050   1.0610   0.0464       4
 1.1100   1.0054   0.0539       4
 1.1150   0.9600   0.0501       4
 1.1200   1.0149   0.0498       4
 1.1250   1.0740   0.0626       4
 1.1300   1.0562   0.0625       3
 1.1350   0.9498   0.0558       3
 1.1400   1.0115   0.0537       4
 1.1450   0.9931   0.0554       4
 1.1500   0.9693   0.0483       4
 1.1550   1.0043   0.0601       4
 1.1600   1.0470   0.0546       4
 1.1650   0.9874   0.0493       4
 1.1700   0.9348   0.0466       4
 1.1750   0.9327   0.0434       4
 1.1800   0.9942   0.0507       4
 1.1850   1.0200   0.0469       4
 1.1900   0.9802   0.0461       4
 1.1950   0.9555   0.0516       4
 1.2000   0.9472   0.0467       4
 1.2050   0.9716   0.0451       4
 1.2100   0.9609   0.0445       4
 1.2150   0.9705   0.0489       4
 1.2200   0.9588   0.0427       4
 1.2250   0.9162   0.0505       4
 1.2300   0.9515   0.0476       4
 1.2350   1.0251   0.0500       4
 1.2400   1.0552   0.0488       4
 1.2450   1.0580   0.0470       4
 1.2500   1.0724   0.0549       3
 1.2550  -1.0000  -1.0000       0
 1.2600   0.9972   0.0486       1
 1.2650   0.9970   0.0498       3
 1.2700   1.1566   0.0357       1
 1.2750   1.1426   0.0604       3
 1.2800   1.0796   0.0431       1
 1.2850   1.0744   0.0485       4
 1.2900   1.1159   0.0503       4
 1.2950   1.1347   0.0636       4
 1.3000   1.0834   0.0511       4
 1.3050   1.1250   0.0569       4
 1.3100   1.1850   0.0592       4
 1.3150   1.1205   0.0540       4
 1.3200   1.1309   0.0531       4
 1.3250   1.1725   0.0563       4
 1.3300   1.1723   0.0560       4
 1.3350   1.1867   0.0696       4
 1.3400   1.2146   0.0752       4
 1.3450   1.1364   0.0747       4
 1.3500   1.1962   0.0973       4
 1.3550   1.1771   0.1044       2
 1.3600   1.1086   0.1355       3
 1.3650   0.9658   0.1686       4
 1.3700   1.0015   0.1705       3
 1.3750  -1.0000  -1.0000       0
 1.3800   1.1243   0.1100       1
 1.3850   1.0271   0.1361       4
 1.3900   0.9518   0.1400       3
 1.3950   1.1401   0.0749       1
 1.4000   1.0588   0.1261       4
 1.4050   1.0146   0.0890       4
 1.4100   1.0212   0.1091       4
 1.4150   1.1023   0.1013       3
 1.4200   1.2531   0.0964       4
 1.4250   1.1939   0.0864       4
 1.4300   1.0785   0.0740       4
 1.4350   0.9773   0.0692       4
 1.4400   0.9352   0.0598       4
 1.4450   0.9948   0.0695       4
 1.4500   0.9787   0.0564       4
 1.4550   1.0181   0.0566       4
 1.4600   1.0278   0.0633       4
 1.4650   0.8493   0.0513       4
 1.4700   0.9533   0.0609       3
 1.4750   1.0894   0.0638       4
 1.4800   0.9739   0.0646       4
 1.4850   0.9188   0.0619       4
 1.4900   0.8430   0.0510       4
 1.4950   0.9440   0.0422       1
 1.5000   1.0006   0.0552       4
 1.5050   1.1330   0.0697       4
 1.5100   1.0917   0.0512       4
 1.5150   1.0211   0.0529       4
 1.5200   1.0271   0.0460       4
 1.5250   0.9877   0.0515       4
 1.5300   0.9538   0.0509       4
 1.5350   0.8899   0.0453       4
 1.5400   0.8558   0.0530       4
 1.5450   0.9932   0.0470       4
 1.5500   0.9858   0.0565       4
 1.5550   1.0276   0.0556       4
 1.5600   1.1140   0.0653       4
 1.5650   1.1584   0.0570       4
 1.5700   1.1007   0.0621       4
 1.5750   1.0196   0.0409       4
 1.5800   0.8629   0.0586       4
 1.5850   0.9483   0.0485       4
 1.5900   0.9714   0.0551       4
 1.5950   0.9470   0.0452       4
 1.6000   0.8245   0.0525       4
 1.6050   0.7799   0.0562       4
 1.6100   0.9377   0.0587       4
 1.6150   1.0722   0.0567       4
 1.6200   1.0361   0.0651       4
 1.6250   1.0465   0.0503       4
 1.6300   0.9901   0.0548       4
 1.6350   0.9770   0.0541       4
 1.6400   1.0290   0.0653       4
 1.6450   1.0713   0.0525       4
 1.6500   0.9553   0.0625       4
 1.6550   1.0968   0.0605       4
 1.6600   1.2915   0.0800       4
 1.6650   1.4358   0.0711       4
 1.6700   1.3499   0.0699       4
 1.6750   1.1769   0.0635       4
 1.6800   1.0794   0.0625       4
 1.6850   1.0373   0.0632       4
 1.6900   1.0789   0.0662       4
 1.6950   1.0838   0.0606       4
 1.7000   0.9669   0.0557       4
 1.7050   0.8807   0.0684       4
 1.7100   1.1140   0.0593       4
 1.7150   1.1488   0.0874       4
 1.7200   1.3438   0.0838       4
 1.7250   1.4254   0.0818       4
 1.7300   1.3283   0.0761       4
 1.7350   1.2261   0.0667       4
 1.7400   0.9777   0.0726       4
 1.7450   0.9708   0.0772       4
 1.7500   0.9862   0.0638       4
 1.7550   0.9737   0.0552       4
 1.7600   0.9082   0.0886       4
 1.7650   1.1911   0.1081       4
 1.7700  -1.0000  -1.0000       0
 1.7750   1.3725   0.0365       4
 1.7800  -1.0000  -1.0000       0
 1.7850  -1.0000  -1.0000       0
 1.7900   1.2824   0.0954       4
 1.7950  -1.0000  -1.0000       0
 1.8000   1.1128   0.0751       4
 1.8050   0.7782   0.0752       4
 1.8100   0.9826   0.0852       4
 1.8150   0.7675   0.0946       4
 1.8200  -1.0000  -1.0000       0
 1.8250  -1.0000  -1.0000       0
 1.8300   0.8192   0.1434       4
 1.8350   0.9808   0.1670       4
 1.8400   0.8864   0.2504       4
 1.8450  -1.0000  -1.0000       0
 1.8500  -1.0000  -1.0000       0
 1.8550  -1.0000  -1.0000       0
 1.8600  -1.0000  -1.0000       0
 1.8650   0.9904   0.3061       4
 1.8700   0.7909   0.2821       4
 1.8750  -1.0000  -1.0000       0
 1.8800  -1.0000  -1.0000       0
 1.8850  -1.0000  -1.0000       0
 1.8900   0.7575   0.1809       4
 1.8950  -1.0000  -1.0000       0
 1.9000   0.9301   0.2522       4
 1.9050  -1.0000  -1.0000       0
 1.9100  -1.0000  -1.0000       0
 1.9150  -1.0000  -1.0000       0
 1.9200   1.1410   0.2904       4
 1.9250  -1.0000  -1.0000       0
 1.9300  -1.0000  -1.0000       0
 1.9350   1.0998   0.2427       4
 1.9400  -1.0000  -1.0000       0
 1.9450   1.2445   0.1574       4
 1.9500  -1.0000  -1.0000       0
 1.9550  -1.0000  -1.0000       0
 1.9600  -1.0000  -1.0000       0
 1.9650   1.0193   0.1606       4
 1.9700   1.1044   0.0853       4
 1.9750  -1.0000  -1.0000       0
 1.9800   0.8176   0.1100       4
 1.9850   1.2774   0.1250       4
 1.9900   1.3946   0.1019       4
 1.9950   1.4423   0.1060       4
 2.0000   1.3685   0.1145       4
 2.0050  -1.0000  -1.0000       0
 2.0100  -1.0000  -1.0000       0
 2.0150   0.8038   0.0771       4
 2.0200  -1.0000  -1.0000       0
 2.0250  -1.0000  -1.0000       0
 2.0300   0.8791   0.0858       4
 2.0350  -1.0000  -1.0000       0
 2.0400   0.7745   0.0767       4
 2.0450   0.8465   0.0709       4
 2.0500   0.7874   0.1150       4
 2.0550   1.1986   0.0792       4
 2.0600   0.9942   0.0651       4
 2.0650  -1.0000  -1.0000       0
 2.0700  -1.0000  -1.0000       0
 2.0750   1.2106   0.0630       4
 2.0800   1.0448   0.0765       4
 2.0850  -1.0000  -1.0000       0
 2.0900   0.9874   0.0792       4
 2.0950   0.8178   0.1100       4
 2.1000   0.9376   0.1069       4
 2.1050   1.3249   0.0772       4
 2.1100   1.0998   0.1208       4
 2.1150   1.2897   0.0706       4
 2.1200   1.1631   0.0348       4
 2.1250  -1.0000  -1.0000       0
 2.1300  -1.0000  -1.0000       0
 2.1350   1.0954   0.1137       4
 2.1400   1.1705   0.1347       4
 2.1450   0.8430   0.1492       4
 2.1500  -1.0000  -1.0000       0
 2.1550   0.9908   0.1261       4
 2.1600   1.2718   0.0584       4
 2.1650   1.1929   0.0487       4
 2.1700  -1.0000  -1.0000       0
 2.1750   1.1280   0.1103       4
 2.1800   1.3537   0.1626       4
 2.1850   1.4891   0.0963       4
 2.1900   1.2898   0.1210       4
 2.1950   0.8493   0.1588       4
 2.2000   1.4051   0.1277       4
 2.2050   1.1614   0.1410       4
 2.2100   0.8484   0.2206       4
 2.2150  -1.0000  -1.0000       0
 2.2200  -1.0000  -1.0000       0
 2.2250   1.3260   0.1059       4
 2.2300   1.3192   0.1376       4
 2.2350   1.0079   0.1047       4
 2.2400   0.9384   0.1595       4
 2.2450   1.1944   0.1369       4
 2.2500  -1.0000  -1.0000       0
 2.2550   1.3677   0.1202       4
 2.2600   1.2342   0.1382       4
 2.2650   0.8451   0.1291       4
 2.2700   0.8564   0.1297       4
 2.2750   1.1018   0.1112       4
 2.2800   1.0512   0.1390       4
 2.2850   1.2495   0.1145       4
 2.2900   0.9604   0.1230       4
 2.2950   0.8732   0.1448       4
 2.3000   1.1334   0.1480       4
 2.3050   1.2241   0.1400       4
 2.3100   1.3317   0.1269       4
 2.3150   1.2227   0.1675       4
 2.3200   1.3300   0.1333       4
 2.3250   1.1732   0.1408       4
 2.3300   1.2694   0.0777       4
 2.3350  -1.0000  -1.0000       0
 2.3400   0.8204   0.1485       4
 2.3450   1.3616   0.1569       4
 2.3500   1.3805   0.1457       4
 2.3550   1.2408   0.1832       4
 2.3600  -1.0000  -1.0000       0
 2.3650  -1.0000  -1.0000       0
 2.3700   0.8298   0.1527       4
 2.3750  -1.0000  -1.0000       0
 2.3800   1.0654   0.2479       4
 2.3850   1.1800   0.1566       4
 2.3900   1.1287   0.1942       4
 2.3950  -1.0000  -1.0000       0
 2.4000   1.1004   0.1688       4
 2.4050   0.9105   0.1535       4
 2.4100   0.7669   0.1828       4
 2.4150   0.9809   0.1687       4
 2.4200   1.1787   0.2192       4
 2.4250   1.2420   0.2872       3
 2.4300  -1.0000  -1.0000       0
 2.4350  -1.0000  -1.0000       0
 2.4400   1.2362   0.2627       4
 2.4450  -1.0000  -1.0000       0
 2.4500  -1.0000  -1.0000       0
 2.4550  -1.0000  -1.0000       0
 2.4600  -1.0000  -1.0000       0
 2.4650  -1.0000  -1.0000       0
 2.4700  -1.0000  -1.0000       0
 2.4750  -1.0000  -1.0000       0
 2.4800  -1.0000  -1.0000       0
 2.4850  -1.0000  -1.0000       0
 2.4900  -1.0000  -1.0000       0
