    0.8200    0.8905    0.0602         4
    0.8250    0.8914    0.0604         4
    0.8300    0.8843    0.0508         4
    0.8350    0.8706    0.0475         4
    0.8400    0.8775    0.0554         4
    0.8450    0.8707    0.0506         4
    0.8500    0.8752    0.0497         4
    0.8550    0.8773    0.0498         4
    0.8600    0.8651    0.0487         4
    0.8650    0.8251    0.0597         4
    0.8700    0.8025    0.0585         1
    0.8750    0.8331    0.0539         4
    0.8800    0.8721    0.0508         4
    0.8850    0.8476    0.0465         4
    0.8900    0.8153    0.0492         4
    0.8950    0.8340    0.0489         4
    0.9000    0.8464    0.0458         4
    0.9050    0.8464    0.0455         4
    0.9100    0.8429    0.0420         4
    0.9150    0.8378    0.0445         4
    0.9200    0.8490    0.0461         4
    0.9250    0.8481    0.0455         4
    0.9300    0.8340    0.0446         4
    0.9350    0.8284    0.0561         4
    0.9400    0.8186    0.0527         4
    0.9450    0.8299    0.0521         3
    0.9500    0.8707    0.0475         4
    0.9550    0.8636    0.0423         4
    0.9600    0.8705    0.0388         4
    0.9650    0.8644    0.0456         4
    0.9700    0.8355    0.0479         4
    0.9750    0.8567    0.0381         4
    0.9800    0.8871    0.0394         4
    0.9850    0.8859    0.0374         4
    0.9900    0.8959    0.0381         4
    0.9950    0.8589    0.0427         4
    1.0000    0.8611    0.0375         4
    1.0050    0.9102    0.0357         4
    1.0100    0.9135    0.0406         4
    1.0150    0.8877    0.0476         4
    1.0200    0.8620    0.0444         4
    1.0250    0.8759    0.0362         4
    1.0300    0.9230    0.0357         4
    1.0350    0.9136    0.0385         4
    1.0400    0.9183    0.0355         4
    1.0450    0.9183    0.0337         4
    1.0500    0.9253    0.0352         4
    1.0550    0.9232    0.0351         4
    1.0600    0.9071    0.0353         4
    1.0650    0.9141    0.0345         4
    1.0700    0.9180    0.0397         4
    1.0750    0.9114    0.0418         4
    1.0800    0.9296    0.0404         4
    1.0850    0.9508    0.0399         4
    1.0900    0.9117    0.0381         4
    1.0950    0.9297    0.0338         4
    1.1000    0.9311    0.0377         4
    1.1050    0.9304    0.0349         4
    1.1100    0.9536    0.0346         4
    1.1150    0.9529    0.0367         4
    1.1200    0.9472    0.0376         4
    1.1250    0.9714    0.0412         4
    1.1300    0.9669    0.0459         4
    1.1350    0.9910    0.0467         4
    1.1400    0.9640    0.0520         4
    1.1450    0.9435    0.0413         2
    1.1500    0.9721    0.0359         4
    1.1550    0.9724    0.0428         4
    1.1600    0.9645    0.0363         4
    1.1650    0.9763    0.0385         4
    1.1700    1.0061    0.0356         4
    1.1750    1.0072    0.0382         4
    1.1800    0.9935    0.0350         4
    1.1850    0.9921    0.0328         4
    1.1900    0.9928    0.0333         4
    1.1950    1.0139    0.0378         4
    1.2000    1.0153    0.0346         4
    1.2050    1.0032    0.0330         4
    1.2100    1.0017    0.0355         4
    1.2150    1.0143    0.0378         4
    1.2200    1.0118    0.0348         4
    1.2250    1.0007    0.0370         4
    1.2300    0.9956    0.0358         4
    1.2350    0.9927    0.0377         4
    1.2400    0.9985    0.0401         4
    1.2450    0.9686    0.0360         1
    1.2500    0.9881    0.0354         3
    1.2550    1.0098    0.0335         4
    1.2600    1.0228    0.0432         4
    1.2650    1.0459    0.0401         4
    1.2700    1.0311    0.0328         4
    1.2750    1.0373    0.0388         4
    1.2800    1.0423    0.0381         4
    1.2850    1.0259    0.0367         4
    1.2900    1.0100    0.0355         4
    1.2950    1.0070    0.0369         4
    1.3000    1.0312    0.0330         4
    1.3050    1.0335    0.0358         4
    1.3100    1.0368    0.0349         4
    1.3150    1.0496    0.0347         4
    1.3200    1.0457    0.0367         4
    1.3250    1.0512    0.0368         4
    1.3300    1.0623    0.0380         4
    1.3350    1.0411    0.0372         4
    1.3400    1.0359    0.0471         4
    1.3450    1.0649    0.0431         4
    1.3500    1.0582    0.0535         3
    1.3550    0.9918    0.0718         2
    1.3600    0.9954    0.0973         2
    1.3650   -1.0000   -1.0000         0
    1.3700   -1.0000   -1.0000         0
    1.3750    1.0215    0.1771         1
    1.3800   -1.0000   -1.0000         0
    1.3850    1.0945    0.1013         2
    1.3900    1.1058    0.1204         4
    1.3950    1.0420    0.1038         3
    1.4000   -1.0000   -1.0000         0
    1.4050    1.0018    0.0886         3
    1.4100    1.0261    0.0775         4
    1.4150    1.0269    0.0686         4
    1.4200    1.0000    0.0768         2
    1.4250    1.0760    0.0722         4
    1.4300   -1.0000   -1.0000         0
    1.4350    1.1256    0.0646         3
    1.4400    1.1029    0.0624         4
    1.4450    1.0634    0.0587         4
    1.4500    1.0669    0.0579         4
    1.4550    1.0684    0.0486         4
    1.4600    1.0421    0.0485         4
    1.4650    1.1077    0.0489         3
    1.4700    1.1339    0.0474         3
    1.4750    1.1187    0.0513         4
    1.4800    1.1317    0.0517         4
    1.4850    1.0685    0.0463         4
    1.4900    1.0430    0.0449         4
    1.4950    1.0061    0.0433         4
    1.5000    0.9998    0.0461         4
    1.5050    1.0014    0.0479         4
    1.5100    1.0208    0.0473         4
    1.5150    1.0465    0.0495         4
    1.5200    1.0792    0.0509         4
    1.5250    1.1164    0.0545         4
    1.5300    1.0545    0.0458         4
    1.5350    1.0295    0.0472         4
    1.5400    1.0552    0.0450         4
    1.5450    1.1312    0.0477         4
    1.5500    1.0894    0.0462         4
    1.5550    1.0187    0.0489         4
    1.5600    1.0545    0.0427         4
    1.5650    1.0624    0.0474         4
    1.5700    1.0008    0.0560         4
    1.5750    0.9719    0.0443         4
    1.5800    1.0908    0.0483         4
    1.5850    1.1884    0.0467         4
    1.5900    1.1041    0.0488         4
    1.5950    1.0258    0.0536         4
    1.6000    1.0836    0.0568         4
    1.6050    1.0981    0.0510         4
    1.6100    1.0448    0.0496         4
    1.6150    1.0312    0.0547         4
    1.6200    1.0430    0.0487         4
    1.6250    1.0196    0.0475         4
    1.6300    1.0697    0.0474         4
    1.6350    1.1701    0.0548         4
    1.6400    1.1265    0.0495         4
    1.6450    0.9662    0.0471         4
    1.6500    0.9965    0.0457         4
    1.6550    1.0930    0.0511         4
    1.6600    1.0409    0.0528         4
    1.6650    1.0306    0.0447         4
    1.6700    1.0795    0.0536         4
    1.6750    1.0659    0.0540         4
    1.6800    1.0387    0.0492         4
    1.6850    1.1297    0.0538         4
    1.6900    1.0671    0.0549         4
    1.6950    0.9452    0.0565         4
    1.7000    1.0261    0.0581         4
    1.7050    1.0201    0.0551         4
    1.7100    1.0244    0.0632         4
    1.7150    1.1090    0.0557         4
    1.7200    0.9984    0.0558         4
    1.7250    1.0171    0.0600         4
    1.7300    1.0462    0.0623         4
    1.7350    1.0362    0.0622         4
    1.7400    1.0545    0.0615         4
    1.7450    1.0188    0.0543         4
    1.7500    1.0525    0.0550         4
    1.7550    0.9916    0.0589         4
    1.7600    0.9592    0.0575         4
    1.7650    0.9571    0.0563         4
    1.7700    0.9537    0.0639         4
    1.7750    0.9751    0.0616         4
    1.7800    1.0137    0.0623         4
    1.7850    1.0356    0.0617         4
    1.7900    0.9273    0.0594         4
    1.7950    0.8577    0.0605         2
    1.8000    0.9758    0.0810         4
    1.8050    1.0328    0.0972         4
    1.8100    1.0122    0.0928         4
    1.8150    1.0192    0.1115         4
    1.8200    0.9007    0.1150         4
    1.8250    1.0101    0.1259         4
    1.8300    1.0290    0.1878         4
    1.8350    1.0263    0.2326         2
    1.8400   -1.0000   -1.0000         0
    1.8450    0.8694    0.3488         4
    1.8500    0.9914    0.3322         4
    1.8550    1.0547    0.2731         4
    1.8600   -1.0000   -1.0000         0
    1.8650   -1.0000   -1.0000         0
    1.8700   -1.0000   -1.0000         0
    1.8750    0.8803    0.3133         4
    1.8800    0.9135    0.3114         1
    1.8850   -1.0000   -1.0000         0
    1.8900    1.0056    0.1707         4
    1.8950    0.8823    0.1958         4
    1.9000    1.0947    0.2660         4
    1.9050    1.0151    0.2688         4
    1.9100    0.8869    0.2518         4
    1.9150   -1.0000   -1.0000         0
    1.9200   -1.0000   -1.0000         0
    1.9250    1.0733    0.1497         3
    1.9300    0.8655    0.1752         4
    1.9350    0.8488    0.1274         4
    1.9400    1.0107    0.1162         4
    1.9450    0.9730    0.1314         4
    1.9500    0.9514    0.1333         4
    1.9550    0.9773    0.1197         4
    1.9600    0.8403    0.1097         4
    1.9650    0.9632    0.1073         4
    1.9700    1.0575    0.1007         4
    1.9750    1.0067    0.0834         4
    1.9800    1.0004    0.0759         4
    1.9850    1.0247    0.0809         4
    1.9900    1.1176    0.1018         3
    1.9950    1.0614    0.1008         4
    2.0000    0.8582    0.1020         3
    2.0050    0.8482    0.1100         3
    2.0100    0.9845    0.1345         4
    2.0150    0.8650    0.1288         3
    2.0200    0.9357    0.0972         4
    2.0250    0.9805    0.0926         4
    2.0300    0.8363    0.0786         4
    2.0350    0.9665    0.0900         4
    2.0400    1.0162    0.0940         4
    2.0450    0.9841    0.1086         4
    2.0500    1.0251    0.0872         4
    2.0550    1.0805    0.0973         4
    2.0600    1.1229    0.0990         4
    2.0650    1.0042    0.0960         4
    2.0700    0.9789    0.1043         4
    2.0750    1.0700    0.0825         4
    2.0800    1.1107    0.0945         4
    2.0850    1.0029    0.0858         4
    2.0900    0.8874    0.0824         4
    2.0950    0.9069    0.0889         4
    2.1000    0.9649    0.0955         4
    2.1050    1.0066    0.0924         4
    2.1100    0.9598    0.0946         4
    2.1150    0.9830    0.0900         4
    2.1200    1.0299    0.1140         4
    2.1250    1.0734    0.0926         4
    2.1300    1.0549    0.0799         4
    2.1350    1.0350    0.0986         4
    2.1400    1.0143    0.0832         4
    2.1450    1.0379    0.0946         4
    2.1500    1.0014    0.0942         4
    2.1550    0.9151    0.0999         4
    2.1600    0.9377    0.1060         4
    2.1650    0.9953    0.1085         4
    2.1700    1.0361    0.0996         4
    2.1750    1.0011    0.1009         4
    2.1800    1.0278    0.1126         4
    2.1850    1.0278    0.1023         4
    2.1900    1.0481    0.1012         4
    2.1950    0.9746    0.1115         4
    2.2000    1.0089    0.1163         4
    2.2050    0.9531    0.1140         4
    2.2100   -1.0000   -1.0000         0
    2.2150    0.9938    0.1100         4
    2.2200    1.0416    0.1200         4
    2.2250    0.9885    0.1148         4
    2.2300    1.0368    0.1298         4
    2.2350    1.0477    0.1156         4
    2.2400    1.0240    0.1310         4
    2.2450    0.9848    0.1118         4
    2.2500    0.9645    0.1173         4
    2.2550    0.9794    0.1192         4
    2.2600    0.9874    0.1187         4
    2.2650    1.0005    0.1272         4
    2.2700    1.0938    0.1173         4
    2.2750    1.0141    0.1332         4
    2.2800    0.9811    0.1276         4
    2.2850    0.9677    0.1196         4
    2.2900    0.9651    0.1193         4
    2.2950    0.9454    0.1287         4
    2.3000    0.9181    0.1197         4
    2.3050    0.9809    0.1332         4
    2.3100    1.0558    0.1374         4
    2.3150    1.0926    0.1485         4
    2.3200    0.9086    0.1475         4
    2.3250    0.9148    0.1855         4
    2.3300    1.0445    0.1414         4
    2.3350    1.0028    0.1315         4
    2.3400    0.8783    0.1563         4
    2.3450    0.9694    0.1589         4
    2.3500    1.0143    0.1333         4
    2.3550    0.8385    0.1537         2
    2.3600    0.8540    0.1391         4
    2.3650    1.0231    0.1353         4
    2.3700    0.8574    0.1432         2
    2.3750    0.8770    0.1274         4
    2.3800    1.1168    0.1519         2
    2.3850    0.9524    0.1336         4
    2.3900    0.8615    0.1664         4
    2.3950    1.0824    0.1682         4
    2.4000   -1.0000   -1.0000         0
    2.4050    1.0399    0.1529         4
    2.4100    0.8722    0.1536         4
    2.4150    0.8739    0.1627         4
    2.4200    0.9688    0.1693         4
    2.4250    0.9259    0.1671         4
    2.4300    0.8537    0.1641         4
    2.4350    0.9178    0.1833         4
    2.4400    1.1190    0.1863         4
    2.4450   -1.0000   -1.0000         0
    2.4500   -1.0000   -1.0000         0
    2.4550   -1.0000   -1.0000         0
    2.4600   -1.0000   -1.0000         0
    2.4650    1.0524    0.2098         4
    2.4700    1.1802    0.1931         1
    2.4750    1.0829    0.2541         4
    2.4800    0.8603    0.2725         4
    2.4850   -1.0000   -1.0000         0
    2.4900   -1.0000   -1.0000         0
