0.50000 0.82653
0.50050 1.00302
0.50100 1.07238
0.50150 0.98379
0.50200 0.89998
0.50250 0.89977
0.50300 1.04102
0.50350 1.11586
0.50400 1.13331
0.50450 1.07111
0.50500 0.97276
0.50550 0.90746
0.50600 0.96032
0.50650 0.95527
0.50700 0.95279
0.50750 1.03250
0.50800 0.96517
0.50850 1.01196
0.50900 0.97181
0.50950 0.91045
0.51000 0.84865
0.51050 0.91529
0.51100 0.98144
0.51150 1.04396
0.51200 0.98214
0.51250 0.95959
0.51300 0.98216
0.51350 0.97420
0.51400 0.92479
0.51450 0.82455
0.51500 0.97248
0.51550 1.07462
0.51600 1.04430
0.51650 0.94052
0.51700 0.86651
0.51750 0.87848
0.51800 0.93431
0.51850 0.96618
0.51900 0.88837
0.51950 0.96845
0.52000 1.06344
0.52050 1.02943
0.52100 0.98167
0.52150 0.94920
0.52200 1.02491
0.52250 1.03759
0.52300 1.02354
0.52350 0.99746
0.52400 1.00708
0.52450 1.03619
0.52500 0.96493
0.52550 0.95147
0.52600 0.99125
0.52650 1.18359
0.52700 1.15446
0.52750 0.82163
0.52800 0.85903
0.52850 0.92238
0.52900 0.95468
0.52950 0.95138
0.53000 0.93755
0.53050 0.91999
0.53100 0.88436
0.53150 0.88463
0.53200 0.98545
0.53250 1.08285
0.53300 1.14618
0.53350 1.07645
0.53400 1.00188
0.53450 0.94451
0.53500 1.01761
0.53550 1.00137
0.53600 0.93955
0.53650 0.94536
0.53700 0.99839
0.53750 1.08802
0.53800 0.94252
0.53850 0.91561
0.53900 1.01401
0.53950 0.99066
0.54000 0.96124
0.54050 0.92877
0.54100 0.88702
0.54150 0.90953
0.54200 1.03365
0.54250 1.02577
0.54300 1.00403
0.54350 1.00568
0.54400 0.99312
0.54450 0.97074
0.54500 0.92799
0.54550 0.94668
0.54600 0.97718
0.54650 0.95755
0.54700 1.02795
0.54750 1.11983
0.54800 1.08849
0.54850 1.05141
0.54900 1.01979
0.54950 1.06727
0.55000 1.00000
0.55050 1.05867
0.55100 1.00047
0.55150 0.98511
0.55200 1.01446
0.55250 0.94000
0.55300 0.91738
0.55350 0.96036
0.55400 1.02766
0.55450 1.05705
0.55500 1.02618
0.55550 0.98736
0.55600 0.97897
0.55650 1.04142
0.55700 1.11715
0.55750 1.12916
0.55800 0.95412
0.55850 0.95146
0.55900 1.00126
0.55950 1.01063
0.56000 0.98677
0.56050 0.95284
0.56100 0.93954
0.56150 0.92270
0.56200 0.91214
0.56250 1.02055
0.56300 1.04092
0.56350 0.99745
0.56400 0.94209
0.56450 0.90789
0.56500 0.89371
0.56550 0.96097
0.56600 0.99616
0.56650 0.98588
0.56700 1.01910
0.56750 0.99938
0.56800 0.88934
0.56850 0.93644
0.56900 1.01456
0.56950 1.10399
0.57000 1.14241
0.57050 1.15054
0.57100 1.10497
0.57150 1.02532
0.57200 0.96956
0.57250 1.05010
0.57300 1.06361
0.57350 1.03713
0.57400 0.96199
0.57450 0.95766
0.57500 0.99995
0.57550 1.04067
0.57600 1.07008
0.57650 1.08806
0.57700 1.08223
0.57750 1.04959
0.57800 0.99066
0.57850 0.95693
0.57900 0.96804
0.57950 1.03270
0.58000 0.94890
0.58050 0.87574
0.58100 0.83539
0.58150 1.00497
0.58200 1.11091
0.58250 1.01994
0.58300 1.01116
0.58350 1.00279
0.58400 0.94414
0.58450 0.93000
0.58500 0.94220
0.58550 0.99855
0.58600 0.98062
0.58650 0.93691
0.58700 0.94553
0.58750 0.95072
0.58800 0.95414
0.58850 0.93965
0.58900 0.98481
0.58950 1.07069
0.59000 0.99859
0.59050 0.94888
0.59100 0.91848
0.59150 0.98188
0.59200 0.98184
0.59250 0.91286
0.59300 0.94764
0.59350 0.96773
0.59400 0.95433
0.59450 0.93645
0.59500 0.94839
0.59550 1.02059
0.59600 1.04620
0.59650 1.05306
0.59700 1.03935
0.59750 1.00079
0.59800 0.97822
0.59850 1.03979
0.59900 1.04147
0.59950 1.01421
0.60000 0.97928
0.60050 1.00050
0.60100 1.04642
0.60150 1.01220
0.60200 1.00235
0.60250 1.00598
0.60300 0.98301
0.60350 0.96207
0.60400 0.94492
0.60450 0.99606
0.60500 0.99834
0.60550 0.94338
0.60600 0.98496
0.60650 1.00090
0.60700 0.96368
0.60750 0.92425
0.60800 0.90366
0.60850 0.92118
0.60900 0.92948
0.60950 0.94972
0.61000 1.00466
0.61050 0.97521
0.61100 0.94280
0.61150 0.99883
0.61200 1.07046
0.61250 1.12335
0.61300 1.04581
0.61350 1.02449
0.61400 1.04160
0.61450 1.10286
0.61500 1.09218
0.61550 1.02572
0.61600 0.94527
0.61650 0.96642
0.61700 1.07906
0.61750 1.04367
0.61800 0.96179
0.61850 0.83241
0.61900 0.88369
0.61950 0.97580
0.62000 1.10858
0.62050 1.06586
0.62100 1.04794
0.62150 1.12378
0.62200 1.09979
0.62250 1.04426
0.62300 0.96668
0.62350 0.91774
0.62400 0.89579
0.62450 0.92857
0.62500 0.98183
0.62550 1.03610
0.62600 1.05612
0.62650 1.03201
0.62700 0.98115
0.62750 0.90676
0.62800 0.91212
0.62850 0.97038
0.62900 0.96815
0.62950 0.99075
0.63000 1.03601
0.63050 1.00190
0.63100 0.99154
0.63150 1.01061
0.63200 0.99536
0.63250 0.96278
0.63300 0.90831
0.63350 0.92266
0.63400 0.93625
0.63450 0.92890
0.63500 0.95927
0.63550 0.98965
0.63600 1.00393
0.63650 1.00985
0.63700 1.01436
0.63750 1.02331
0.63800 1.03343
0.63850 1.03570
0.63900 0.99110
0.63950 0.97354
0.64000 0.97067
0.64050 0.97596
0.64100 0.97808
0.64150 0.97639
0.64200 0.94869
0.64250 0.94566
0.64300 0.96511
0.64350 0.98858
0.64400 0.98946
0.64450 0.96430
0.64500 0.97855
0.64550 0.98336
0.64600 0.97146
0.64650 0.97493
0.64700 0.97832
0.64750 0.97913
0.64800 0.98766
0.64850 0.98866
0.64900 0.96752
0.64950 0.95494
0.65000 0.95921
0.65050 1.00274
0.65100 0.99589
0.65150 0.97400
0.65200 0.96897
0.65250 0.96380
0.65300 0.95575
0.65350 0.92609
0.65400 0.94066
0.65450 0.98845
0.65500 1.06944
0.65550 1.09756
0.65600 1.07290
0.65650 0.96176
0.65700 0.89031
0.65750 0.86488
0.65800 0.88655
0.65850 0.89582
0.65900 0.88387
0.65950 0.95763
0.66000 1.01352
0.66050 1.02067
0.66100 0.98191
0.66150 0.95299
0.66200 0.96731
0.66250 0.96488
0.66300 0.96320
0.66350 0.97980
0.66400 0.96218
0.66450 0.93635
0.66500 0.93476
0.66550 0.95503
0.66600 0.98206
0.66650 0.97257
0.66700 0.93705
0.66750 0.88714
0.66800 0.87855
0.66850 0.86412
0.66900 0.84558
0.66950 0.89255
0.67000 0.90773
0.67050 0.88688
0.67100 0.88684
0.67150 0.95162
0.67200 1.10251
0.67250 1.01814
0.67300 0.95010
0.67350 0.96157
0.67400 0.96739
0.67450 0.97985
0.67500 1.01179
0.67550 1.01852
0.67600 1.01597
0.67650 1.00303
0.67700 1.00168
0.67750 0.99363
0.67800 0.93951
0.67850 0.96664
0.67900 1.02844
0.67950 1.04441
0.68000 1.04056
0.68050 1.02519
0.68100 1.02470
0.68150 1.02903
0.68200 1.03624
0.68250 1.00891
0.68300 0.99412
0.68350 0.99470
0.68400 0.97686
0.68450 0.98191
0.68500 1.01994
0.68550 1.02482
0.68600 0.98767
0.68650 0.88011
0.68700 0.90004
0.68750 0.92823
0.68800 0.93364
0.68850 1.02612
0.68900 1.09485
0.68950 1.02436
0.69000 0.99347
0.69050 0.97828
0.69100 0.96597
0.69150 0.99928
0.69200 1.05104
0.69250 1.07324
0.69300 1.05096
0.69350 1.00762
0.69400 1.05666
0.69450 1.06318
0.69500 1.03340
0.69550 0.99826
0.69600 0.98535
0.69650 0.99634
0.69700 0.93389
0.69750 0.91599
0.69800 0.96383
0.69850 0.99733
0.69900 1.01639
0.69950 1.01077
0.70000 1.01417
0.70050 1.03123
0.70100 1.07470
0.70150 0.95813
0.70200 0.85514
0.70250 0.91939
0.70300 0.98503
0.70350 1.03020
0.70400 0.99266
0.70450 0.97340
0.70500 0.97416
0.70550 1.03989
0.70600 1.02325
0.70650 0.95595
0.70700 0.92521
0.70750 0.91514
0.70800 0.92124
0.70850 0.88213
0.70900 0.90548
0.70950 0.99263
0.71000 0.90225
0.71050 0.86370
0.71100 0.90011
0.71150 0.92790
0.71200 0.95011
0.71250 0.96511
0.71300 0.95195
0.71350 0.94197
0.71400 0.94894
0.71450 0.96705
0.71500 0.98667
0.71550 0.99894
0.71600 0.98555
0.71650 0.95466
0.71700 0.89828
0.71750 0.91238
0.71800 0.95065
0.71850 0.93745
0.71900 0.93543
0.71950 0.94414
0.72000 0.98542
0.72050 1.00255
0.72100 1.00147
0.72150 0.98865
0.72200 0.99429
0.72250 1.01762
0.72300 0.99465
0.72350 0.93844
0.72400 0.84374
0.72450 0.94477
0.72500 1.01683
0.72550 1.01045
0.72600 0.96902
0.72650 0.95453
0.72700 1.00955
0.72750 1.05226
0.72800 1.07939
0.72850 1.07620
0.72900 1.02438
0.72950 0.97046
0.73000 0.96291
0.73050 0.97095
0.73100 0.98560
0.73150 0.99387
0.73200 0.98055
0.73250 0.95427
0.73300 0.94671
0.73350 0.96541
0.73400 1.00143
0.73450 0.98493
0.73500 0.96579
0.73550 0.94145
0.73600 0.91860
0.73650 0.93339
0.73700 1.00132
0.73750 1.00044
0.73800 0.97217
0.73850 0.90335
0.73900 0.94445
0.73950 0.98203
0.74000 0.97703
0.74050 0.96224
0.74100 0.96200
0.74150 1.01606
0.74200 1.04176
0.74250 1.04296
0.74300 0.98142
0.74350 0.94059
0.74400 0.91300
0.74450 0.91597
0.74500 0.93122
0.74550 0.95179
0.74600 0.94406
0.74650 0.95212
0.74700 0.97236
0.74750 0.97040
0.74800 0.94759
0.74850 0.90208
0.74900 0.94089
0.74950 0.97879
0.75000 1.01239
0.75050 0.99739
0.75100 0.98153
0.75150 0.97330
0.75200 0.93976
0.75250 0.92818
0.75300 0.97090
0.75350 0.98356
0.75400 0.97437
0.75450 0.93349
0.75500 0.93667
0.75550 0.95588
0.75600 0.89694
0.75650 0.91273
0.75700 0.96945
0.75750 1.04573
0.75800 1.04820
0.75850 0.96414
0.75900 0.94343
0.75950 0.94575
0.76000 1.01184
0.76050 1.04781
0.76100 1.04706
0.76150 0.98026
0.76200 0.95812
0.76250 0.96596
0.76300 1.01896
0.76350 0.99107
0.76400 0.97237
0.76450 0.97405
0.76500 0.96741
0.76550 0.95015
0.76600 0.91889
0.76650 0.97638
0.76700 1.02835
0.76750 1.00337
0.76800 1.01110
0.76850 1.02055
0.76900 0.99573
0.76950 0.97455
0.77000 0.95704
0.77050 0.93991
0.77100 0.93689
0.77150 0.94508
0.77200 0.97872
0.77250 0.99311
0.77300 0.99139
0.77350 0.94985
0.77400 0.96378
0.77450 1.03101
0.77500 0.98187
0.77550 0.96431
0.77600 0.98870
0.77650 1.00023
0.77700 1.00031
0.77750 0.99118
0.77800 0.96781
0.77850 0.94890
0.77900 0.94177
0.77950 0.95961
0.78000 0.99305
0.78050 1.05591
0.78100 1.07790
0.78150 1.05725
0.78200 0.93707
0.78250 0.93189
0.78300 0.97438
0.78350 0.99661
0.78400 0.99159
0.78450 0.97279
0.78500 0.95853
0.78550 0.97706
0.78600 1.01602
0.78650 0.98286
0.78700 0.95595
0.78750 0.93374
0.78800 0.97275
0.78850 1.02611
0.78900 1.09781
0.78950 1.03810
0.79000 0.99421
0.79050 0.99351
0.79100 1.00633
0.79150 1.00354
0.79200 0.96314
0.79250 0.99247
0.79300 1.02374
0.79350 1.01597
0.79400 0.95879
0.79450 0.92175
0.79500 1.00684
0.79550 1.03348
0.79600 1.01330
0.79650 0.88232
0.79700 0.86598
0.79750 0.90942
0.79800 0.92092
0.79850 0.93350
0.79900 0.94899
0.79950 1.00410
0.80000 1.03128
0.80050 1.02883
0.80100 1.01486
0.80150 1.01544
0.80200 1.03383
0.80250 0.99068
0.80300 0.96379
0.80350 0.96856
0.80400 1.01204
0.80450 1.04061
0.80500 1.03655
0.80550 0.97730
0.80600 0.92310
0.80650 0.90581
0.80700 0.99163
0.80750 1.09474
0.80800 1.14353
0.80850 1.11935
0.80900 1.07141
0.80950 1.05382
0.81000 1.05767
0.81050 1.07125
0.81100 1.07332
0.81150 1.08181
0.81200 1.09087
0.81250 1.04154
0.81300 1.00265
0.81350 0.97226
0.81400 1.04840
0.81450 1.05803
0.81500 0.99071
0.81550 0.92529
0.81600 0.92230
0.81650 1.00962
0.81700 1.03127
0.81750 1.04842
0.81800 1.06696
0.81850 1.07186
0.81900 1.07649
0.81950 1.07805
0.82000 1.02912
0.82050 0.97400
0.82100 0.97059
0.82150 0.99986
0.82200 1.05205
0.82250 1.11474
0.82300 1.12762
0.82350 1.11076
0.82400 1.04195
0.82450 1.00712
0.82500 0.99469
0.82550 1.03428
0.82600 1.07396
0.82650 1.12085
0.82700 1.15919
0.82750 1.13971
0.82800 1.05991
0.82850 1.05115
0.82900 1.04057
0.82950 1.02439
0.83000 0.99336
0.83050 0.99487
0.83100 1.06128
0.83150 1.00670
0.83200 0.95164
0.83250 0.95232
0.83300 1.00655
0.83350 1.05642
0.83400 1.04224
0.83450 1.01452
0.83500 0.99645
0.83550 1.04528
0.83600 1.06454
0.83650 1.06377
0.83700 1.03977
0.83750 0.95559
0.83800 0.84962
0.83850 1.03668
0.83900 1.12361
0.83950 1.12723
0.84000 1.06951
0.84050 1.01017
0.84100 0.95115
0.84150 1.03925
0.84200 1.05347
0.84250 0.97421
0.84300 0.97776
0.84350 0.99739
0.84400 1.01655
0.84450 0.97949
0.84500 0.97435
0.84550 1.01021
0.84600 1.06106
0.84650 1.08925
0.84700 1.03326
0.84750 1.02368
0.84800 1.04912
0.84850 1.09610
0.84900 1.09370
0.84950 1.05454
0.85000 0.98619
0.85050 1.00280
0.85100 1.06332
0.85150 1.14486
0.85200 1.15753
0.85250 1.13356
0.85300 1.10858
0.85350 1.13002
0.85400 1.19297
0.85450 1.09201
0.85500 1.00903
0.85550 0.96640
0.85600 1.03558
0.85650 1.07055
0.85700 1.02112
0.85750 1.02075
0.85800 1.05378
0.85850 1.13911
0.85900 1.11747
0.85950 1.07018
0.86000 1.02403
0.86050 1.09670
0.86100 1.19449
0.86150 1.20228
0.86200 1.20995
0.86250 1.20604
0.86300 1.18535
0.86350 1.15758
0.86400 1.12833
0.86450 1.11028
0.86500 1.05770
0.86550 0.98041
0.86600 1.09540
0.86650 1.13398
0.86700 1.09268
0.86750 1.07340
0.86800 1.06233
0.86850 1.06035
0.86900 1.09661
0.86950 1.10249
0.87000 1.04104
0.87050 1.10106
0.87100 1.12537
0.87150 1.02838
0.87200 0.92062
0.87250 0.87000
0.87300 0.99813
0.87350 1.03098
0.87400 1.03025
0.87450 1.03114
0.87500 1.07492
0.87550 1.12681
0.87600 1.08895
0.87650 1.02934
0.87700 0.95964
0.87750 0.95344
0.87800 0.93440
0.87850 0.91495
0.87900 1.04961
0.87950 1.09367
0.88000 1.04491
0.88050 1.06144
0.88100 0.97551
0.88150 0.97091
0.88200 0.96631
0.88250 0.96171
0.88300 0.94342
0.88350 0.91141
0.88400 0.90020
0.88450 0.94306
0.88500 0.99416
0.88550 1.03928
0.88600 1.05742
0.88650 1.11819
0.88700 1.17408
0.88750 1.15128
0.88800 1.03301
0.88850 0.91009
0.88900 1.05894
0.88950 1.13010
0.89000 1.13605
0.89050 0.93585
0.89100 0.91838
0.89150 1.04838
0.89200 1.05351
0.89250 1.01708
0.89300 0.93216
0.89350 0.98188
0.89400 1.02337
0.89450 1.05225
0.89500 1.08501
0.89550 1.07103
0.89600 0.97643
0.89650 0.96701
0.89700 0.98272
0.89750 1.01822
0.89800 0.99790
0.89850 0.99228
0.89900 1.07176
0.89950 1.10783
0.90000 1.12093
