0.50000 0.98762
0.50050 0.99281
0.50100 0.99015
0.50150 0.97361
0.50200 0.96749
0.50250 0.97291
0.50300 1.00250
0.50350 1.00908
0.50400 1.01168
0.50450 1.02744
0.50500 0.95606
0.50550 0.89627
0.50600 0.98341
0.50650 1.01705
0.50700 1.01694
0.50750 0.97984
0.50800 0.95895
0.50850 0.95059
0.50900 0.96513
0.50950 0.97769
0.51000 0.98623
0.51050 0.96462
0.51100 0.94248
0.51150 0.91877
0.51200 1.02465
0.51250 1.04028
0.51300 1.02880
0.51350 1.09135
0.51400 1.11322
0.51450 1.07754
0.51500 0.99185
0.51550 0.90837
0.51600 0.96813
0.51650 0.97689
0.51700 0.96512
0.51750 0.93918
0.51800 0.94351
0.51850 0.97089
0.51900 1.00715
0.51950 1.04658
0.52000 1.08309
0.52050 1.07879
0.52100 1.07868
0.52150 1.09614
0.52200 1.11997
0.52250 1.08758
0.52300 0.92324
0.52350 0.96291
0.52400 1.02601
0.52450 1.00069
0.52500 0.98103
0.52550 0.96122
0.52600 0.95284
0.52650 0.97090
0.52700 1.00899
0.52750 0.98674
0.52800 1.04503
0.52850 1.04492
0.52900 1.04516
0.52950 0.98631
0.53000 1.01022
0.53050 1.01526
0.53100 1.00698
0.53150 0.97174
0.53200 1.00688
0.53250 1.04716
0.53300 1.06459
0.53350 1.04492
0.53400 1.02211
0.53450 1.02763
0.53500 1.02594
0.53550 1.02063
0.53600 1.04239
0.53650 1.04508
0.53700 1.03759
0.53750 1.01149
0.53800 1.00083
0.53850 1.00866
0.53900 0.97297
0.53950 0.95170
0.54000 0.94869
0.54050 1.00903
0.54100 1.07269
0.54150 1.11863
0.54200 1.09116
0.54250 1.03650
0.54300 0.95771
0.54350 0.99555
0.54400 1.05691
0.54450 1.04819
0.54500 1.03497
0.54550 1.02276
0.54600 1.04121
0.54650 1.02395
0.54700 0.98314
0.54750 0.99449
0.54800 0.99262
0.54850 0.97224
0.54900 0.97100
0.54950 0.98831
0.55000 1.00000
0.55050 1.03469
0.55100 1.03179
0.55150 1.03441
0.55200 1.03113
0.55250 1.02703
0.55300 1.02548
0.55350 1.02298
0.55400 1.01868
0.55450 1.01338
0.55500 1.00136
0.55550 0.98646
0.55600 0.97528
0.55650 1.00636
0.55700 1.06856
0.55750 1.00040
0.55800 0.97605
0.55850 1.00088
0.55900 0.99302
0.55950 0.98177
0.56000 0.97012
0.56050 0.95745
0.56100 0.94481
0.56150 0.93052
0.56200 0.99403
0.56250 1.05977
0.56300 1.05739
0.56350 1.02506
0.56400 0.99401
0.56450 1.03746
0.56500 1.02816
0.56550 0.98985
0.56600 1.00849
0.56650 1.02487
0.56700 1.03954
0.56750 1.01917
0.56800 1.00584
0.56850 1.00173
0.56900 1.01336
0.56950 1.01818
0.57000 1.00954
0.57050 1.01372
0.57100 1.01433
0.57150 1.00023
0.57200 0.98630
0.57250 0.97361
0.57300 0.96607
0.57350 0.98254
0.57400 1.00774
0.57450 1.01153
0.57500 1.00712
0.57550 0.99671
0.57600 0.98531
0.57650 0.98847
0.57700 1.00616
0.57750 1.03121
0.57800 1.04969
0.57850 1.05933
0.57900 1.03560
0.57950 0.99691
0.58000 0.94159
0.58050 0.99161
0.58100 1.04220
0.58150 1.03606
0.58200 1.01465
0.58250 0.99764
0.58300 0.98383
0.58350 1.01557
0.58400 0.96996
0.58450 1.02201
0.58500 1.00199
0.58550 0.91576
0.58600 0.93425
0.58650 0.96354
0.58700 1.00491
0.58750 1.02818
0.58800 1.04323
0.58850 1.03689
0.58900 1.00972
0.58950 0.97751
0.59000 0.99251
0.59050 0.99026
0.59100 1.00913
0.59150 0.98070
0.59200 0.95929
0.59250 0.94004
0.59300 0.97844
0.59350 0.99897
0.59400 1.01058
0.59450 1.04617
0.59500 1.06271
0.59550 1.06468
0.59600 1.03152
0.59650 1.02045
0.59700 1.03379
0.59750 1.04347
0.59800 1.02460
0.59850 0.96208
0.59900 0.93513
0.59950 0.92994
0.60000 0.96187
0.60050 0.99043
0.60100 1.01064
0.60150 1.00742
0.60200 0.98849
0.60250 0.97136
0.60300 1.00282
0.60350 1.01394
0.60400 1.01136
0.60450 0.97687
0.60500 0.98166
0.60550 1.02070
0.60600 0.99965
0.60650 0.97077
0.60700 0.93597
0.60750 0.96533
0.60800 0.98786
0.60850 0.98284
0.60900 0.97065
0.60950 0.96356
0.61000 0.97660
0.61050 0.96258
0.61100 0.95189
0.61150 0.97543
0.61200 1.00786
0.61250 1.03800
0.61300 1.03256
0.61350 1.02235
0.61400 1.00530
0.61450 0.96631
0.61500 0.98088
0.61550 1.04285
0.61600 0.99396
0.61650 0.97156
0.61700 0.97818
0.61750 0.96808
0.61800 0.96705
0.61850 0.98246
0.61900 0.97720
0.61950 0.97019
0.62000 0.97250
0.62050 0.97272
0.62100 0.97423
0.62150 0.98002
0.62200 0.98333
0.62250 0.98408
0.62300 0.98540
0.62350 0.98349
0.62400 0.98238
0.62450 1.01363
0.62500 1.02718
0.62550 1.02386
0.62600 1.02258
0.62650 1.00644
0.62700 0.97234
0.62750 0.95412
0.62800 0.95998
0.62850 1.00230
0.62900 1.01915
0.62950 1.02662
0.63000 1.02285
0.63050 1.01664
0.63100 1.01107
0.63150 1.01848
0.63200 0.99269
0.63250 0.95273
0.63300 0.97354
0.63350 0.99416
0.63400 1.01016
0.63450 0.95857
0.63500 0.93632
0.63550 0.94303
0.63600 0.97297
0.63650 0.98627
0.63700 0.98044
0.63750 0.97854
0.63800 0.98948
0.63850 1.02235
0.63900 1.02037
0.63950 1.01012
0.64000 0.98894
0.64050 0.98693
0.64100 0.98983
0.64150 0.97597
0.64200 0.96445
0.64250 0.95562
0.64300 0.96139
0.64350 0.97643
0.64400 0.99906
0.64450 0.98350
0.64500 0.97059
0.64550 0.95904
0.64600 0.93951
0.64650 0.91949
0.64700 0.90331
0.64750 0.93183
0.64800 0.96361
0.64850 0.98034
0.64900 1.00157
0.64950 1.01685
0.65000 1.01353
0.65050 1.01062
0.65100 1.00556
0.65150 0.97406
0.65200 0.96146
0.65250 0.96167
0.65300 0.95825
0.65350 0.97142
0.65400 1.00427
0.65450 1.02930
0.65500 1.04562
0.65550 1.04192
0.65600 1.06005
0.65650 1.05780
0.65700 1.02170
0.65750 0.99780
0.65800 0.98852
0.65850 1.00821
0.65900 0.99897
0.65950 0.97835
0.66000 0.95255
0.66050 0.94802
0.66100 0.95584
0.66150 0.97470
0.66200 0.98454
0.66250 0.98812
0.66300 1.00359
0.66350 0.99102
0.66400 0.95048
0.66450 0.97829
0.66500 0.99670
0.66550 0.99665
0.66600 0.98828
0.66650 0.98172
0.66700 0.98079
0.66750 0.98527
0.66800 0.99048
0.66850 0.99417
0.66900 0.98369
0.66950 0.97162
0.67000 0.97828
0.67050 0.99314
0.67100 1.00941
0.67150 0.99682
0.67200 0.99319
0.67250 0.99647
0.67300 0.99049
0.67350 0.98426
0.67400 0.97808
0.67450 0.96393
0.67500 0.96184
0.67550 0.97969
0.67600 0.95530
0.67650 0.93863
0.67700 0.95373
0.67750 0.96120
0.67800 0.97337
0.67850 1.00853
0.67900 0.99598
0.67950 0.97189
0.68000 0.99924
0.68050 1.00903
0.68100 1.00716
0.68150 0.99777
0.68200 0.98060
0.68250 0.95814
0.68300 0.93087
0.68350 0.92807
0.68400 0.95050
0.68450 0.95739
0.68500 0.96001
0.68550 0.96106
0.68600 0.98605
0.68650 1.00004
0.68700 0.99148
0.68750 0.95288
0.68800 0.92530
0.68850 0.95100
0.68900 0.98110
0.68950 1.00091
0.69000 0.94916
0.69050 0.92648
0.69100 0.92630
0.69150 0.97966
0.69200 1.00825
0.69250 1.01303
0.69300 0.97950
0.69350 0.96608
0.69400 0.98141
0.69450 0.94816
0.69500 0.92738
0.69550 0.93957
0.69600 0.95324
0.69650 0.97115
0.69700 0.99439
0.69750 1.00238
0.69800 1.00455
0.69850 1.00211
0.69900 0.99148
0.69950 0.97887
0.70000 0.99370
0.70050 1.00467
0.70100 1.01062
0.70150 0.98222
0.70200 0.96512
0.70250 0.95836
0.70300 0.96827
0.70350 0.98059
0.70400 0.98909
0.70450 0.97417
0.70500 0.97149
0.70550 0.99863
0.70600 1.01025
0.70650 1.00298
0.70700 0.95463
0.70750 0.94122
0.70800 0.94941
0.70850 0.99615
0.70900 1.02109
0.70950 1.02893
0.71000 1.00301
0.71050 0.98154
0.71100 0.96435
0.71150 0.98496
0.71200 0.99106
0.71250 0.98360
0.71300 0.96453
0.71350 0.96332
0.71400 0.98705
0.71450 0.97943
0.71500 0.98104
0.71550 1.00628
0.71600 1.01503
0.71650 1.00380
0.71700 0.96115
0.71750 0.96259
0.71800 0.97517
0.71850 0.98191
0.71900 0.98628
0.71950 0.98684
0.72000 0.99027
0.72050 0.99354
0.72100 0.99668
0.72150 0.99975
0.72200 1.00279
0.72250 1.01045
0.72300 0.97199
0.72350 0.95433
0.72400 0.98106
0.72450 1.02628
0.72500 1.04605
0.72550 0.98649
0.72600 0.95591
0.72650 0.93998
0.72700 0.95261
0.72750 0.98205
0.72800 1.00710
0.72850 0.98660
0.72900 0.97919
0.72950 0.96668
0.73000 0.97821
0.73050 0.95667
0.73100 0.96296
0.73150 0.97621
0.73200 0.98498
0.73250 0.98484
0.73300 0.98405
0.73350 0.99312
0.73400 1.01797
0.73450 1.00125
0.73500 0.97451
0.73550 0.94524
0.73600 0.95079
0.73650 0.97266
0.73700 1.00538
0.73750 1.01691
0.73800 1.01323
0.73850 0.98114
0.73900 0.96516
0.73950 0.96054
0.74000 0.98671
0.74050 0.99719
0.74100 0.99111
0.74150 0.98739
0.74200 0.98883
0.74250 0.99124
0.74300 0.97505
0.74350 0.97075
0.74400 0.99536
0.74450 0.98699
0.74500 0.96884
0.74550 0.94542
0.74600 0.94759
0.74650 0.96356
0.74700 1.00045
0.74750 1.00946
0.74800 1.00185
0.74850 0.98404
0.74900 0.98082
0.74950 0.98883
0.75000 0.97524
0.75050 0.96572
0.75100 0.96091
0.75150 0.99856
0.75200 1.03105
0.75250 1.05386
0.75300 1.03868
0.75350 1.01036
0.75400 0.97387
0.75450 0.95966
0.75500 0.97159
0.75550 1.00702
0.75600 0.98540
0.75650 0.93788
0.75700 0.99039
0.75750 1.04951
0.75800 1.09946
0.75850 1.05803
0.75900 1.03094
0.75950 1.01044
0.76000 0.97238
0.76050 0.94298
0.76100 0.92074
0.76150 1.01253
0.76200 1.07156
0.76250 1.05710
0.76300 1.03031
0.76350 0.99391
0.76400 0.93484
0.76450 0.95755
0.76500 0.99777
0.76550 1.01868
0.76600 1.01208
0.76650 0.99351
0.76700 0.99061
0.76750 0.96874
0.76800 0.94078
0.76850 1.01473
0.76900 1.02874
0.76950 0.98797
0.77000 0.95794
0.77050 0.96450
0.77100 0.99390
0.77150 1.03238
0.77200 1.04813
0.77250 1.02171
0.77300 1.02423
0.77350 1.01635
0.77400 0.96385
0.77450 0.97377
0.77500 1.01109
0.77550 1.06935
0.77600 1.05613
0.77650 1.01030
0.77700 0.98365
0.77750 0.95733
0.77800 0.93463
0.77850 0.98168
0.77900 1.00515
0.77950 1.01483
0.78000 1.00743
0.78050 1.00181
0.78100 1.00075
0.78150 1.03195
0.78200 1.05108
0.78250 1.03951
0.78300 0.97362
0.78350 0.91265
0.78400 0.90445
0.78450 0.95987
0.78500 0.99725
0.78550 1.00923
0.78600 1.01733
0.78650 1.02132
0.78700 1.00813
0.78750 1.02248
0.78800 1.05766
0.78850 1.03299
0.78900 0.99067
0.78950 0.92596
0.79000 0.93667
0.79050 0.97118
0.79100 1.03616
0.79150 1.02793
0.79200 1.00393
0.79250 0.97899
0.79300 0.96749
0.79350 0.96898
0.79400 0.98636
0.79450 0.97645
0.79500 0.95895
0.79550 0.98599
0.79600 0.97998
0.79650 0.97009
0.79700 0.95286
0.79750 0.97327
0.79800 0.97411
0.79850 0.99253
0.79900 0.99812
0.79950 0.98941
0.80000 0.98700
0.80050 0.98554
0.80100 0.98654
0.80150 0.98673
0.80200 0.99055
0.80250 0.99845
0.80300 0.99258
0.80350 0.98102
0.80400 0.96575
0.80450 0.96690
0.80500 0.97559
0.80550 0.98857
0.80600 0.99010
0.80650 0.98580
0.80700 0.97497
0.80750 0.97882
0.80800 0.99742
0.80850 0.99178
0.80900 0.98548
0.80950 0.97437
0.81000 0.99890
0.81050 1.00558
0.81100 0.97106
0.81150 0.93951
0.81200 0.92531
0.81250 0.95995
0.81300 0.96805
0.81350 0.96453
0.81400 0.96155
0.81450 0.97869
0.81500 0.99866
0.81550 0.97899
0.81600 0.95759
0.81650 0.94721
0.81700 0.95698
0.81750 0.95054
0.81800 0.92914
0.81850 0.96869
0.81900 0.99429
0.81950 0.99123
0.82000 0.98346
0.82050 0.98313
0.82100 0.98895
0.82150 0.98103
0.82200 0.96207
0.82250 0.95045
0.82300 0.95039
0.82350 0.96698
0.82400 0.98543
0.82450 0.99570
0.82500 0.99244
0.82550 0.95484
0.82600 0.90920
0.82650 0.91233
0.82700 0.90810
0.82750 0.95866
0.82800 1.03620
0.82850 1.04013
0.82900 1.02786
0.82950 0.99934
0.83000 0.95856
0.83050 0.92719
0.83100 0.92261
0.83150 0.88882
0.83200 0.87244
0.83250 0.93788
0.83300 0.97174
0.83350 1.00214
0.83400 1.00617
0.83450 1.02088
0.83500 0.91447
0.83550 0.94713
0.83600 0.97004
0.83650 0.98439
0.83700 0.93176
0.83750 0.92021
0.83800 0.95722
0.83850 0.97402
0.83900 1.00052
0.83950 1.04519
0.84000 0.98905
0.84050 0.94138
0.84100 0.96023
0.84150 0.93189
0.84200 0.91849
0.84250 1.00949
0.84300 1.01603
0.84350 0.98336
0.84400 0.94841
0.84450 0.95509
0.84500 0.98785
0.84550 0.97815
0.84600 0.96275
0.84650 0.93822
0.84700 0.96883
0.84750 0.98115
0.84800 0.97374
0.84850 0.97508
0.84900 0.97101
0.84950 0.97863
0.85000 0.96736
0.85050 0.98120
0.85100 0.96507
0.85150 0.97616
0.85200 0.97980
0.85250 0.98000
0.85300 0.96005
0.85350 0.93523
0.85400 0.94345
0.85450 0.94045
0.85500 0.93236
0.85550 0.99318
0.85600 1.01966
0.85650 1.03136
0.85700 0.96479
0.85750 0.94333
0.85800 0.98050
0.85850 0.98177
0.85900 0.96620
0.85950 0.94032
0.86000 0.96733
0.86050 1.00664
0.86100 1.04272
0.86150 1.03283
0.86200 1.01870
0.86250 0.98125
0.86300 0.94346
0.86350 0.91436
0.86400 0.90176
0.86450 0.93014
0.86500 0.98711
0.86550 1.04209
0.86600 1.05229
0.86650 1.01440
0.86700 0.99243
0.86750 0.98865
0.86800 0.97148
0.86850 0.99066
0.86900 0.96757
0.86950 0.98081
0.87000 0.99309
0.87050 0.99220
0.87100 0.95653
0.87150 0.96256
0.87200 0.98486
0.87250 0.99943
0.87300 0.96756
0.87350 0.98085
0.87400 1.00016
0.87450 0.96372
0.87500 0.98508
0.87550 0.99369
0.87600 0.99073
0.87650 0.96419
0.87700 0.98958
0.87750 1.00900
0.87800 0.96224
0.87850 0.97818
0.87900 1.00060
0.87950 1.01428
0.88000 0.95107
0.88050 0.89167
0.88100 0.93243
0.88150 0.99203
0.88200 0.97048
0.88250 0.97377
0.88300 0.99202
0.88350 0.98147
0.88400 0.99069
0.88450 1.05168
0.88500 1.09404
0.88550 1.01425
0.88600 0.96551
0.88650 0.95453
0.88700 0.95475
0.88750 0.96296
0.88800 0.98549
0.88850 0.99720
0.88900 0.99537
0.88950 0.97321
0.89000 0.96373
0.89050 0.97761
0.89100 1.02705
0.89150 1.00526
0.89200 0.94262
0.89250 0.90490
0.89300 0.94108
0.89350 1.03491
0.89400 1.06684
0.89450 1.06934
0.89500 1.03963
0.89550 0.98109
0.89600 0.94142
0.89650 0.93601
0.89700 0.97959
0.89750 0.99817
0.89800 0.97245
0.89850 0.96106
0.89900 0.96649
0.89950 0.97571
0.90000 0.94825
