0.4932 0.8460 0.1339
0.4937 0.8357 0.1448
0.4942 0.8403 0.1406
0.4947 0.8364 0.1450
0.4952 0.8397 0.1422
0.4957 0.8555 0.1269
0.4962 0.8661 0.1167
0.4967 0.8612 0.1221
0.4972 0.8727 0.1111
0.4977 0.8872 0.0971
0.4982 0.8944 0.0904
0.4987 0.8953 0.0901
0.4991 0.8816 0.1041
0.4996 0.8747 0.1114
0.5001 0.8960 0.0907
0.5006 0.9166 0.0706
0.5011 0.9133 0.0743
0.5016 0.9094 0.0787
0.5021 0.8994 0.0891
0.5026 0.8868 0.1022
0.5031 0.8813 0.1082
0.5036 0.8864 0.1035
0.5041 0.8967 0.0937
0.5046 0.8937 0.0972
0.5051 0.8743 0.1170
0.5056 0.8639 0.1278
0.5061 0.8681 0.1241
0.5066 0.8901 0.1025
0.5071 0.9108 0.0822
0.5076 0.9091 0.0843
0.5081 0.9004 0.0935
0.5086 0.8909 0.1033
0.5091 0.8889 0.1058
0.5096 0.9009 0.0942
0.5101 0.9098 0.0857
0.5105 0.9068 0.0890
0.5110 0.8989 0.0973
0.5115 0.8961 0.1004
0.5120 0.9018 0.0951
0.5125 0.9163 0.0810
0.5130 0.9334 0.0642
0.5135 0.9246 0.0733
0.5140 0.9139 0.0844
0.5145 0.9273 0.0713
0.5150 0.9371 0.0619
0.5155 0.9320 0.0673
0.5160 0.9396 0.0600
0.5165 0.9656 0.0343
0.5170 0.9717 0.0285
0.5175 0.9404 0.0601
0.5180 0.9198 0.0810
0.5185 0.9239 0.0772
0.5190 0.9200 0.0813
0.5195 0.9133 0.0883
0.5200 0.9135 0.0883
0.5205 0.9174 0.0847
0.5210 0.9306 0.0717
0.5215 0.9377 0.0649
0.5219 0.9453 0.0575
0.5224 0.9648 0.0383
0.5229 0.9645 0.0387
0.5234 0.9420 0.0615
0.5239 0.9236 0.0801
0.5244 0.9317 0.0723
0.5249 0.9525 0.0517
0.5254 0.9635 0.0409
0.5259 0.9798 0.0248
0.5264 0.9962 0.0086
0.5269 0.9840 0.0210
0.5274 0.9539 0.0512
0.5279 0.9259 0.0795
0.5284 0.9325 0.0731
0.5289 0.9410 0.0648
0.5294 0.9381 0.0678
0.5299 0.9512 0.0549
0.5304 0.9516 0.0547
0.5309 0.9468 0.0597
0.5314 0.9526 0.0540
0.5319 0.9678 0.0390
0.5324 0.9848 0.0222
0.5328 0.9829 0.0242
0.5333 0.9589 0.0484
0.5338 0.9488 0.0586
0.5343 0.9584 0.0492
0.5348 0.9590 0.0487
0.5353 0.9555 0.0523
0.5358 0.9613 0.0466
0.5363 0.9693 0.0388
0.5368 0.9708 0.0375
0.5373 0.9624 0.0460
0.5378 0.9641 0.0445
0.5383 0.9720 0.0367
0.5388 0.9633 0.0455
0.5393 0.9820 0.0269
0.5398 1.0081 0.0019
0.5403 1.0043 0.0049
0.5408 0.9954 0.0138
0.5413 0.9823 0.0271
0.5418 0.9748 0.0347
0.5423 0.9753 0.0343
0.5428 0.9732 0.0365
0.5433 0.9730 0.0368
0.5438 0.9751 0.0349
0.5442 0.9739 0.0360
0.5447 0.9753 0.0348
0.5452 0.9744 0.0358
0.5457 0.9802 0.0301
0.5462 0.9920 0.0184
0.5467 0.9936 0.0169
0.5472 0.9956 0.0150
0.5477 0.9956 0.0151
0.5482 0.9899 0.0208
0.5487 0.9839 0.0269
0.5492 0.9787 0.0322
0.5497 0.9854 0.0256
0.5502 1.0000 0.0110
0.5507 1.0033 0.0078
0.5512 0.9952 0.0160
0.5517 0.9906 0.0206
0.5522 0.9973 0.0140
0.5527 1.0026 0.0087
0.5532 1.0005 0.0109
0.5537 1.0019 0.0095
0.5542 1.0001 0.0114
0.5547 0.9927 0.0189
0.5551 0.9936 0.0180
0.5556 1.0055 0.0062
0.5561 1.0043 0.0074
0.5566 0.9956 0.0162
0.5571 1.0017 0.0101
0.5576 1.0126 0.0018
0.5581 1.0278 0.0159
0.5586 1.0345 0.0227
0.5591 1.0184 0.0065
0.5596 1.0011 0.0108
0.5601 0.9967 0.0152
0.5606 0.9966 0.0153
0.5611 1.0013 0.0106
0.5616 1.0073 0.0046
0.5621 1.0077 0.0041
0.5626 1.0063 0.0056
0.5631 1.0115 0.0013
0.5636 1.0139 0.0020
0.5641 1.0184 0.0066
0.5646 1.0249 0.0131
0.5651 1.0262 0.0145
0.5656 1.0288 0.0171
0.5661 1.0312 0.0195
0.5665 1.0212 0.0095
0.5670 1.0081 0.0035
0.5675 1.0186 0.0071
0.5680 1.0363 0.0248
0.5685 1.0386 0.0271
0.5690 1.0306 0.0192
0.5695 1.0304 0.0190
0.5700 1.0326 0.0212
0.5705 1.0383 0.0270
0.5710 1.0438 0.0325
0.5715 1.0239 0.0127
0.5720 0.9978 0.0133
0.5725 0.9974 0.0137
0.5730 1.0057 0.0053
0.5735 1.0110 0.0011
0.5740 1.0181 0.0073
0.5745 1.0256 0.0148
0.5750 1.0304 0.0196
0.5755 1.0277 0.0171
0.5760 1.0239 0.0133
0.5765 1.0269 0.0164
0.5770 1.0283 0.0178
0.5774 1.0388 0.0284
0.5779 1.0490 0.0387
0.5784 1.0411 0.0309
0.5789 1.0240 0.0138
0.5794 1.0150 0.0049
0.5799 1.0221 0.0120
0.5804 1.0259 0.0159
0.5809 1.0301 0.0202
0.5814 1.0334 0.0236
0.5819 1.0277 0.0179
0.5824 1.0294 0.0197
0.5829 1.0348 0.0252
0.5834 1.0375 0.0280
0.5839 1.0374 0.0280
0.5844 1.0296 0.0203
0.5849 1.0319 0.0226
0.5854 1.0463 0.0371
0.5859 1.0465 0.0374
0.5864 1.0372 0.0282
0.5869 1.0335 0.0246
0.5874 1.0431 0.0343
0.5879 1.0616 0.0528
0.5884 1.0784 0.0698
0.5888 1.0938 0.0852
0.5893 1.0838 0.0753
0.5898 1.0465 0.0381
0.5903 1.0199 0.0116
0.5908 1.0189 0.0107
0.5913 1.0270 0.0189
0.5918 1.0356 0.0276
0.5923 1.0475 0.0396
0.5928 1.0514 0.0436
0.5933 1.0511 0.0434
0.5938 1.0543 0.0467
0.5943 1.0573 0.0497
0.5948 1.0509 0.0435
0.5953 1.0437 0.0364
0.5958 1.0485 0.0413
0.5963 1.0529 0.0457
0.5968 1.0488 0.0418
0.5973 1.0484 0.0414
0.5978 1.0555 0.0486
0.5983 1.0496 0.0428
0.5988 1.0479 0.0412
0.5993 1.0583 0.0517
0.5997 1.0700 0.0635
0.6002 1.0773 0.0709
0.6007 1.0701 0.0637
0.6012 1.0535 0.0473
0.6017 1.0556 0.0494
0.6022 1.0656 0.0595
0.6027 1.0677 0.0617
0.6032 1.0637 0.0578
0.6037 1.0528 0.0470
0.6042 1.0486 0.0428
0.6047 1.0576 0.0519
0.6052 1.0642 0.0586
0.6057 1.0653 0.0597
0.6062 1.0693 0.0638
0.6067 1.0665 0.0612
0.6072 1.0650 0.0597
0.6077 1.0717 0.0664
0.6082 1.0851 0.0799
0.6087 1.0854 0.0803
0.6092 1.0787 0.0737
0.6097 1.0819 0.0769
0.6102 1.0806 0.0756
0.6107 1.0815 0.0766
0.6111 1.0767 0.0718
0.6116 1.0768 0.0720
0.6121 1.0916 0.0868
0.6126 1.0897 0.0850
0.6131 1.0908 0.0862
0.6136 1.0961 0.0915
0.6141 1.0859 0.0814
0.6146 1.0771 0.0726
0.6151 1.0843 0.0799
0.6156 1.1031 0.0986
0.6161 1.1079 0.1035
0.6166 1.0989 0.0945
0.6171 1.0869 0.0826
0.6176 1.0802 0.0759
0.6181 1.0735 0.0692
0.6186 1.0731 0.0688
0.6191 1.0875 0.0832
0.6196 1.0866 0.0823
0.6201 1.0711 0.0668
0.6206 1.0719 0.0676
0.6211 1.0902 0.0860
0.6216 1.0998 0.0956
0.6221 1.1011 0.0968
0.6225 1.1012 0.0970
0.6230 1.1045 0.1002
0.6235 1.1071 0.1028
0.6240 1.1114 0.1072
0.6245 1.1268 0.1225
0.6250 1.1220 0.1177
0.6255 1.1045 0.1002
0.6260 1.0999 0.0956
0.6265 1.1007 0.0964
0.6270 1.0978 0.0934
0.6275 1.0961 0.0918
0.6280 1.1034 0.0990
0.6285 1.1037 0.0993
0.6290 1.1034 0.0990
0.6295 1.1152 0.1108
0.6300 1.1239 0.1194
0.6305 1.1158 0.1113
0.6310 1.1073 0.1028
0.6315 1.1160 0.1114
0.6320 1.1204 0.1158
0.6325 1.1160 0.1114
0.6330 1.1057 0.1010
0.6334 1.0980 0.0932
0.6339 1.1041 0.0993
0.6344 1.1144 0.1096
0.6349 1.1192 0.1144
0.6354 1.1257 0.1208
0.6359 1.1408 0.1359
0.6364 1.1448 0.1398
0.6369 1.1344 0.1294
0.6374 1.1217 0.1166
0.6379 1.1188 0.1136
0.6384 1.1168 0.1116
0.6389 1.1201 0.1148
0.6394 1.1352 0.1299
0.6399 1.1290 0.1236
0.6404 1.1237 0.1182
0.6409 1.1313 0.1258
0.6414 1.1273 0.1217
0.6419 1.1310 0.1253
0.6424 1.1327 0.1269
0.6429 1.1250 0.1192
0.6434 1.1277 0.1217
0.6439 1.1364 0.1304
0.6444 1.1352 0.1291
0.6448 1.1325 0.1264
0.6453 1.1323 0.1260
0.6458 1.1382 0.1319
0.6463 1.1427 0.1363
0.6468 1.1357 0.1292
0.6473 1.1359 0.1293
0.6478 1.1376 0.1309
0.6483 1.1340 0.1272
0.6488 1.1372 0.1304
0.6493 1.1474 0.1405
0.6498 1.1471 0.1401
0.6503 1.1354 0.1283
0.6508 1.1239 0.1167
0.6513 1.1164 0.1091
0.6518 1.1325 0.1251
0.6523 1.1504 0.1429
0.6528 1.1433 0.1357
0.6533 1.1391 0.1314
0.6538 1.1450 0.1372
0.6543 1.1460 0.1381
0.6548 1.1543 0.1464
0.6553 1.1730 0.1649
0.6557 1.1964 0.1883
0.6562 1.1798 0.1716
0.6567 1.1614 0.1531
0.6572 1.1622 0.1538
0.6577 1.1491 0.1406
0.6582 1.1319 0.1233
0.6587 1.1278 0.1191
0.6592 1.1455 0.1368
0.6597 1.1525 0.1437
0.6602 1.1570 0.1481
0.6607 1.1605 0.1515
0.6612 1.1557 0.1466
0.6617 1.1504 0.1413
0.6622 1.1458 0.1365
0.6627 1.1461 0.1368
0.6632 1.1618 0.1523
0.6637 1.1691 0.1596
0.6642 1.1592 0.1495
0.6647 1.1516 0.1419
0.6652 1.1500 0.1402
0.6657 1.1544 0.1445
0.6662 1.1678 0.1579
0.6667 1.1758 0.1657
0.6671 1.1772 0.1671
0.6676 1.1704 0.1602
0.6681 1.1638 0.1535
0.6686 1.1623 0.1520
0.6691 1.1567 0.1463
0.6696 1.1547 0.1443
0.6701 1.1621 0.1516
0.6706 1.1644 0.1538
0.6711 1.1714 0.1608
0.6716 1.1847 0.1739
0.6721 1.1885 0.1777
0.6726 1.1786 0.1677
0.6731 1.1664 0.1554
0.6736 1.1684 0.1574
0.6741 1.1677 0.1566
0.6746 1.1684 0.1573
0.6751 1.1724 0.1613
0.6756 1.1653 0.1541
0.6761 1.1579 0.1466
0.6766 1.1755 0.1641
0.6771 1.1861 0.1748
0.6776 1.1742 0.1628
0.6780 1.1792 0.1677
0.6785 1.1933 0.1818
0.6790 1.1969 0.1853
0.6795 1.1981 0.1865
0.6800 1.1878 0.1762
0.6805 1.1781 0.1664
0.6810 1.1853 0.1736
0.6815 1.1818 0.1700
0.6820 1.1778 0.1661
0.6825 1.1820 0.1702
0.6830 1.1753 0.1635
0.6835 1.1746 0.1628
0.6840 1.1939 0.1821
0.6845 1.2088 0.1969
0.6850 1.2060 0.1941
0.6855 1.1949 0.1831
0.6860 1.1922 0.1804
0.6865 1.2143 0.2024
0.6870 1.2128 0.2010
0.6875 1.1933 0.1815
0.6880 1.2108 0.1991
0.6885 1.1942 0.1824
0.6890 1.1780 0.1663
0.6894 1.1780 0.1664
0.6899 1.1651 0.1535
0.6904 1.1682 0.1567
0.6909 1.1721 0.1606
0.6914 1.1753 0.1638
0.6919 1.1737 0.1622
0.6924 1.1796 0.1682
0.6929 1.1865 0.1751
0.6934 1.1842 0.1728
0.6939 1.1852 0.1739
0.6944 1.1880 0.1767
0.6949 1.1891 0.1779
0.6954 1.1949 0.1838
0.6959 1.1925 0.1814
0.6964 1.1894 0.1784
0.6969 1.1924 0.1813
0.6974 1.2009 0.1900
0.6979 1.2082 0.1972
0.6984 1.2061 0.1952
0.6989 1.2042 0.1933
0.6994 1.2017 0.1909
0.6999 1.2026 0.1918
0.7003 1.2091 0.1984
0.7008 1.2167 0.2060
0.7013 1.2232 0.2126
0.7018 1.2275 0.2169
0.7023 1.2233 0.2128
0.7028 1.2221 0.2116
0.7033 1.2240 0.2136
0.7038 1.2185 0.2081
0.7043 1.2074 0.1970
0.7048 1.2001 0.1897
0.7053 1.2074 0.1971
0.7058 1.2172 0.2069
0.7063 1.2197 0.2094
0.7068 1.2256 0.2154
0.7073 1.2338 0.2237
0.7078 1.2246 0.2145
0.7083 1.2115 0.2014
0.7088 1.2140 0.2039
0.7093 1.2303 0.2203
0.7098 1.2314 0.2214
0.7103 1.2113 0.2013
0.7108 1.2042 0.1943
0.7113 1.2159 0.2060
0.7117 1.2332 0.2234
0.7122 1.2402 0.2304
0.7127 1.2327 0.2229
0.7132 1.2280 0.2183
0.7137 1.2305 0.2207
0.7142 1.2306 0.2209
0.7147 1.2206 0.2110
0.7152 1.2161 0.2064
0.7157 1.2250 0.2153
0.7162 1.2280 0.2184
0.7167 1.2357 0.2262
0.7172 1.2456 0.2360
0.7177 1.2464 0.2368
0.7182 1.2416 0.2321
0.7187 1.2398 0.2303
0.7192 1.2431 0.2337
0.7197 1.2388 0.2294
0.7202 1.2324 0.2230
0.7207 1.2230 0.2135
0.7212 1.2081 0.1987
0.7217 1.2165 0.2071
0.7222 1.2145 0.2051
0.7227 1.2078 0.1985
0.7231 1.2276 0.2183
0.7236 1.2481 0.2387
0.7241 1.2542 0.2449
0.7246 1.2440 0.2347
0.7251 1.2357 0.2264
0.7256 1.2213 0.2120
0.7261 1.2089 0.1996
0.7266 1.2177 0.2085
0.7271 1.2323 0.2230
0.7276 1.2366 0.2274
0.7281 1.2358 0.2266
0.7286 1.2434 0.2342
0.7291 1.2471 0.2379
0.7296 1.2420 0.2327
0.7301 1.2362 0.2269
0.7306 1.2201 0.2109
0.7311 1.2157 0.2064
0.7316 1.2266 0.2174
0.7321 1.2228 0.2136
0.7326 1.2271 0.2178
0.7331 1.2308 0.2216
0.7336 1.2283 0.2190
0.7340 1.2331 0.2239
0.7345 1.2303 0.2210
0.7350 1.2350 0.2257
0.7355 1.2410 0.2318
0.7360 1.2404 0.2311
0.7365 1.2424 0.2331
0.7370 1.2443 0.2351
0.7375 1.2377 0.2284
0.7380 1.2316 0.2224
0.7385 1.2388 0.2296
0.7390 1.2483 0.2391
0.7395 1.2543 0.2451
0.7400 1.2568 0.2477
0.7405 1.2491 0.2400
0.7410 1.2493 0.2402
0.7415 1.2605 0.2515
0.7420 1.2537 0.2448
0.7425 1.2404 0.2315
0.7430 1.2359 0.2271
0.7435 1.2335 0.2248
0.7440 1.2350 0.2263
0.7445 1.2359 0.2273
0.7450 1.2434 0.2349
0.7454 1.2426 0.2341
0.7459 1.2298 0.2213
0.7464 1.2302 0.2219
0.7469 1.2383 0.2300
0.7474 1.2443 0.2362
0.7479 1.2453 0.2373
0.7484 1.2404 0.2325
0.7489 1.2459 0.2381
0.7494 1.2598 0.2521
0.7499 1.2659 0.2583
0.7504 1.2647 0.2573
0.7509 1.2559 0.2486
0.7514 1.2523 0.2451
0.7519 1.2540 0.2470
0.7524 1.2470 0.2400
0.7529 1.2427 0.2359
0.7534 1.2506 0.2440
0.7539 1.2595 0.2530
0.7544 1.2479 0.2416
0.7549 1.2272 0.2210
0.7554 1.2272 0.2212
0.7559 1.2346 0.2288
0.7563 1.2420 0.2363
0.7568 1.2560 0.2505
0.7573 1.2562 0.2509
0.7578 1.2504 0.2452
0.7583 1.2486 0.2436
0.7588 1.2436 0.2388
0.7593 1.2626 0.2580
0.7598 1.2650 0.2606
0.7603 1.2465 0.2423
0.7608 1.2464 0.2424
0.7613 1.2464 0.2425
0.7618 1.2636 0.2600
0.7623 1.2635 0.2601
0.7628 1.2461 0.2429
0.7633 1.2460 0.2430
0.7638 1.2361 0.2334
0.7643 1.2208 0.2183
0.7648 1.2305 0.2282
0.7653 1.2456 0.2435
0.7658 1.2455 0.2436
0.7663 1.2454 0.2437
0.7668 1.2452 0.2437
0.7673 1.2451 0.2438
0.7677 1.2450 0.2438
0.7682 1.2448 0.2439
0.7687 1.2447 0.2439
0.7692 1.2324 0.2318
0.7697 1.2316 0.2313
0.7702 1.2438 0.2437
0.7707 1.2380 0.2381
0.7712 1.2301 0.2303
0.7717 1.2318 0.2322
0.7722 1.2359 0.2365
0.7727 1.2452 0.2459
0.7732 1.2635 0.2643
0.7737 1.2673 0.2683
0.7742 1.2468 0.2480
0.7747 1.2304 0.2318
0.7752 1.2375 0.2390
0.7757 1.2513 0.2529
0.7762 1.2510 0.2527
0.7767 1.2445 0.2464
0.7772 1.2439 0.2459
0.7777 1.2402 0.2423
0.7782 1.2335 0.2357
0.7786 1.2283 0.2306
0.7791 1.2296 0.2320
0.7796 1.2422 0.2448
0.7801 1.2547 0.2573
0.7806 1.2554 0.2581
0.7811 1.2472 0.2500
0.7816 1.2316 0.2345
0.7821 1.2137 0.2166
0.7826 1.2139 0.2169
0.7831 1.2326 0.2356
0.7836 1.2522 0.2554
0.7841 1.2666 0.2698
0.7846 1.2655 0.2687
0.7851 1.2485 0.2518
0.7856 1.2327 0.2361
0.7861 1.2335 0.2368
0.7866 1.2405 0.2439
0.7871 1.2450 0.2484
0.7876 1.2495 0.2529
0.7881 1.2483 0.2517
0.7886 1.2409 0.2444
0.7891 1.2340 0.2374
0.7896 1.2316 0.2350
0.7900 1.2367 0.2402
0.7905 1.2529 0.2564
0.7910 1.2502 0.2536
0.7915 1.2396 0.2430
0.7920 1.2393 0.2428
0.7925 1.2263 0.2297
0.7930 1.2229 0.2263
0.7935 1.2308 0.2342
0.7940 1.2431 0.2465
0.7945 1.2651 0.2685
0.7950 1.2722 0.2755
0.7955 1.2556 0.2588
0.7960 1.2194 0.2226
0.7965 1.1956 0.1987
0.7970 1.2067 0.2098
0.7975 1.2251 0.2281
0.7980 1.2385 0.2415
0.7985 1.2381 0.2410
0.7990 1.2398 0.2427
0.7995 1.2420 0.2448
0.8000 1.2271 0.2298
0.8005 1.2269 0.2296
0.8009 1.2332 0.2357
0.8014 1.2409 0.2434
0.8019 1.2444 0.2469
0.8024 1.2288 0.2312
0.8029 1.2133 0.2156
0.8034 1.2128 0.2149
0.8039 1.2196 0.2217
0.8044 1.2304 0.2324
0.8049 1.2400 0.2419
0.8054 1.2508 0.2526
0.8059 1.2675 0.2692
0.8064 1.2594 0.2610
0.8069 1.2208 0.2223
0.8074 1.1959 0.1973
0.8079 1.2022 0.2035
0.8084 1.2121 0.2133
0.8089 1.2211 0.2222
0.8094 1.2362 0.2371
0.8099 1.2475 0.2483
0.8104 1.2386 0.2393
0.8109 1.2258 0.2264
0.8114 1.2196 0.2201
0.8119 1.2089 0.2093
0.8123 1.2009 0.2012
0.8128 1.2156 0.2158
0.8133 1.2304 0.2305
0.8138 1.2230 0.2230
0.8143 1.2207 0.2206
0.8148 1.2144 0.2142
0.8153 1.2102 0.2099
0.8158 1.2094 0.2090
0.8163 1.2078 0.2073
0.8168 1.2134 0.2127
0.8173 1.2277 0.2270
0.8178 1.2241 0.2232
0.8183 1.1908 0.1899
0.8188 1.1927 0.1916
0.8193 1.2117 0.2106
0.8198 1.2048 0.2036
0.8203 1.2012 0.1998
0.8208 1.2134 0.2119
0.8213 1.2091 0.2075
0.8218 1.1851 0.1834
0.8223 1.1750 0.1733
0.8228 1.1866 0.1848
0.8233 1.1986 0.1967
0.8237 1.2176 0.2156
0.8242 1.2418 0.2397
0.8247 1.2212 0.2190
0.8252 1.1874 0.1851
0.8257 1.1796 0.1772
0.8262 1.1795 0.1770
0.8267 1.1928 0.1902
0.8272 1.2051 0.2024
0.8277 1.1858 0.1830
0.8282 1.1918 0.1889
0.8287 1.2393 0.2363
0.8292 1.2485 0.2454
0.8297 1.2230 0.2197
0.8302 1.2114 0.2080
0.8307 1.2098 0.2063
0.8312 1.1865 0.1829
0.8317 1.1713 0.1676
0.8322 1.1857 0.1819
0.8327 1.2163 0.2124
0.8332 1.2248 0.2207
0.8337 1.2123 0.2081
0.8342 1.2082 0.2038
0.8346 1.1932 0.1888
0.8351 1.1749 0.1703
0.8356 1.1736 0.1689
0.8361 1.1829 0.1780
0.8366 1.2029 0.1979
0.8371 1.2143 0.2092
0.8376 1.2180 0.2127
0.8381 1.2028 0.1974
0.8386 1.1732 0.1677
0.8391 1.1654 0.1597
0.8396 1.1644 0.1586
0.8401 1.1797 0.1737
0.8406 1.1919 0.1857
0.8411 1.2004 0.1941
0.8416 1.2155 0.2090
0.8421 1.1980 0.1914
0.8426 1.1713 0.1645
0.8431 1.1618 0.1549
0.8436 1.1535 0.1464
0.8441 1.1663 0.1590
0.8446 1.1923 0.1849
0.8451 1.2139 0.2064
0.8456 1.2302 0.2225
0.8460 1.2131 0.2052
0.8465 1.1924 0.1843
0.8470 1.1815 0.1733
0.8475 1.1730 0.1646
0.8480 1.1832 0.1746
0.8485 1.1752 0.1664
0.8490 1.1712 0.1623
0.8495 1.1855 0.1764
0.8500 1.1897 0.1804
0.8505 1.2183 0.2088
0.8510 1.2384 0.2286
0.8515 1.2092 0.1992
0.8520 1.1876 0.1774
0.8525 1.1857 0.1752
0.8530 1.1719 0.1613
0.8535 1.1598 0.1489
0.8540 1.1718 0.1607
0.8545 1.2159 0.2045
0.8550 1.2166 0.2051
0.8555 1.1838 0.1719
0.8560 1.1835 0.1714
0.8565 1.1831 0.1708
0.8569 1.1828 0.1703
0.8574 1.1825 0.1698
0.8579 1.1708 0.1578
0.8584 1.1785 0.1652
0.8589 1.1964 0.1828
0.8594 1.1875 0.1737
0.8599 1.1765 0.1624
0.8604 1.1712 0.1568
0.8609 1.1749 0.1603
0.8614 1.1803 0.1654
0.8619 1.1807 0.1656
0.8624 1.1880 0.1726
0.8629 1.1807 0.1651
0.8634 1.1674 0.1515
0.8639 1.1584 0.1422
0.8644 1.1435 0.1270
0.8649 1.1583 0.1416
0.8654 1.1689 0.1519
0.8659 1.1630 0.1457
0.8664 1.1903 0.1728
0.8669 1.1958 0.1780
0.8674 1.1773 0.1593
0.8679 1.2033 0.1850
0.8683 1.2031 0.1845
0.8688 1.1767 0.1579
0.8693 1.1765 0.1574
0.8698 1.1763 0.1570
0.8703 1.1574 0.1378
0.8708 1.1478 0.1280
0.8713 1.1649 0.1449
0.8718 1.1721 0.1518
0.8723 1.1822 0.1617
0.8728 1.1838 0.1630
0.8733 1.1560 0.1350
0.8738 1.1562 0.1350
0.8743 1.1746 0.1531
0.8748 1.1661 0.1443
0.8753 1.1611 0.1391
0.8758 1.1645 0.1423
0.8763 1.1848 0.1623
0.8768 1.1996 0.1769
0.8773 1.1839 0.1609
0.8778 1.1736 0.1504
0.8783 1.1544 0.1310
0.8788 1.1543 0.1306
0.8792 1.1733 0.1494
0.8797 1.1671 0.1430
0.8802 1.1827 0.1582
0.8807 1.1913 0.1666
0.8812 1.1680 0.1430
0.8817 1.1662 0.1410
0.8822 1.1543 0.1289
0.8827 1.1533 0.1275
0.8832 1.1576 0.1316
0.8837 1.1569 0.1306
0.8842 1.1957 0.1691
0.8847 1.2199 0.1931
0.8852 1.2169 0.1898
0.8857 1.2210 0.1937
0.8862 1.2118 0.1841
0.8867 1.1839 0.1560
0.8872 1.1518 0.1236
0.8877 1.1517 0.1232
0.8882 1.1720 0.1433
0.8887 1.1517 0.1227
0.8892 1.1517 0.1224
0.8897 1.1720 0.1423
0.8902 1.1705 0.1406
0.8906 1.1604 0.1303
0.8911 1.1618 0.1314
0.8916 1.1719 0.1412
0.8921 1.1719 0.1409
0.8926 1.1719 0.1407
0.8931 1.1720 0.1404
0.8936 1.1711 0.1392
0.8941 1.1787 0.1466
0.8946 1.2040 0.1715
0.8951 1.1983 0.1656
0.8956 1.1739 0.1410
0.8961 1.1721 0.1388
0.8966 1.1567 0.1231
0.8971 1.1567 0.1229
0.8976 1.1722 0.1381
0.8981 1.1722 0.1378
0.8986 1.1723 0.1376
0.8991 1.1724 0.1374
0.8996 1.1769 0.1416
0.9001 1.1950 0.1595
0.9006 1.1734 0.1376
0.9011 1.1554 0.1193
0.9016 1.1727 0.1363
0.9020 1.1727 0.1361
0.9025 1.1728 0.1359
0.9030 1.1729 0.1357
0.9035 1.1730 0.1355
0.9040 1.1731 0.1353
0.9045 1.1732 0.1351
0.9050 1.1733 0.1350
0.9055 1.1549 0.1163
0.9060 1.1550 0.1161
0.9065 1.1736 0.1344
0.9070 1.1737 0.1342
0.9075 1.1738 0.1341
0.9080 1.1739 0.1339
0.9085 1.1561 0.1158
0.9090 1.1399 0.0993
0.9095 1.1682 0.1273
0.9100 1.1926 0.1514
0.9105 1.1710 0.1296
0.9110 1.1633 0.1215
0.9115 1.1748 0.1328
0.9120 1.1749 0.1326
0.9125 1.1751 0.1325
0.9129 1.1752 0.1324
0.9134 1.1753 0.1323
0.9139 1.1712 0.1279
0.9144 1.1804 0.1368
0.9149 1.1684 0.1245
