0.6560 0.74452 0.00274
0.6582 0.74376 0.00263
0.6604 0.74628 0.00260
0.6626 0.75255 0.00255
0.6647 0.74131 0.00247
0.6669 0.74293 0.00242
0.6690 0.75623 0.00245
0.6712 0.74204 0.00235
0.6733 0.75039 0.00231
0.6755 0.75384 0.00227
0.6776 0.75175 0.00224
0.6798 0.75415 0.00218
0.6819 0.75748 0.00218
0.6841 0.75165 0.00214
0.6862 0.75168 0.00214
0.6884 0.75080 0.00212
0.6905 0.75577 0.00203
0.6927 0.75662 0.00196
0.6949 0.76310 0.00194
0.6970 0.76608 0.00187
0.6992 0.76758 0.00187
0.7014 0.77591 0.00184
0.7036 0.77376 0.00180
0.7058 0.77848 0.00177
0.7080 0.76966 0.00170
0.7102 0.77411 0.00168
0.7124 0.77948 0.00165
0.7146 0.78437 0.00163
0.7169 0.77872 0.00161
0.7191 0.78765 0.00160
0.7214 0.78326 0.00155
0.7236 0.78925 0.00157
0.7259 0.78063 0.00150
0.7282 0.78376 0.00151
0.7305 0.78743 0.00147
0.7329 0.78497 0.00143
0.7352 0.78345 0.00142
0.7375 0.78594 0.00142
0.7399 0.78377 0.00139
0.7423 0.78338 0.00138
0.7447 0.78493 0.00135
0.7471 0.77833 0.00133
0.7495 0.77935 0.00132
0.7519 0.78217 0.00131
0.7544 0.77947 0.00130
0.7569 0.77984 0.00137
0.7594 0.77742 0.00141
0.7619 0.76950 0.00141
0.7644 0.77081 0.00135
0.7669 0.77453 0.00127
0.7695 0.76807 0.00121
0.7721 0.76411 0.00118
0.7746 0.75880 0.00116
0.7773 0.75090 0.00115
0.7799 0.74883 0.00113
0.7825 0.74301 0.00112
0.7852 0.74078 0.00112
0.7879 0.73616 0.00110
0.7906 0.73436 0.00109
0.7933 0.73362 0.00109
0.7960 0.72945 0.00107
0.7988 0.72324 0.00106
0.8016 0.71461 0.00104
0.8044 0.70822 0.00104
0.8072 0.70820 0.00103
0.8100 0.70131 0.00102
0.8129 0.69307 0.00101
0.8158 0.68828 0.00100
0.8187 0.68232 0.00099
0.8216 0.68118 0.00099
0.8245 0.67368 0.00097
0.8275 0.66674 0.00096
0.8305 0.66247 0.00095
0.8335 0.65565 0.00094
0.8365 0.65478 0.00094
0.8395 0.64969 0.00092
0.8426 0.64286 0.00092
0.8456 0.64032 0.00092
0.8487 0.63529 0.00091
0.8518 0.62955 0.00091
0.8550 0.62478 0.00089
0.8581 0.61665 0.00088
0.8613 0.61491 0.00087
0.8645 0.61167 0.00087
0.8677 0.60637 0.00086
0.8709 0.60357 0.00085
0.8742 0.60013 0.00084
0.8774 0.59677 0.00083
0.8807 0.59225 0.00083
0.8840 0.58985 0.00082
0.8874 0.58872 0.00081
0.8907 0.58292 0.00080
0.8941 0.58391 0.00081
0.8974 0.58396 0.00080
0.9008 0.57925 0.00079
0.9043 0.58238 0.00080
0.9077 0.57956 0.00078
0.9111 0.57789 0.00078
0.9146 0.57830 0.00078
0.9181 0.57768 0.00078
0.9216 0.57784 0.00078
0.9251 0.57433 0.00077
0.9287 0.57032 0.00077
0.9322 0.57180 0.00078
0.9358 0.57274 0.00078
0.9394 0.57279 0.00077
0.9430 0.57339 0.00077
0.9466 0.57517 0.00076
0.9503 0.57649 0.00076
0.9539 0.57835 0.00076
0.9576 0.58097 0.00075
0.9613 0.58534 0.00075
0.9650 0.58900 0.00075
0.9687 0.58910 0.00075
0.9725 0.59139 0.00075
0.9762 0.59331 0.00075
0.9800 0.59777 0.00075
0.9838 0.60146 0.00075
0.9876 0.60572 0.00074
0.9914 0.61003 0.00075
0.9952 0.61666 0.00075
0.9990 0.61815 0.00075
1.0029 0.62635 0.00076
1.0068 0.62672 0.00076
1.0106 0.63252 0.00076
1.0145 0.63591 0.00076
1.0184 0.64390 0.00076
1.0224 0.64625 0.00076
1.0263 0.64962 0.00076
1.0302 0.65498 0.00077
1.0342 0.65787 0.00077
1.0382 0.65995 0.00077
1.0421 0.66614 0.00077
1.0461 0.67089 0.00078
1.0501 0.67374 0.00077
1.0541 0.67610 0.00078
1.0582 0.68431 0.00078
1.0622 0.68807 0.00078
1.0663 0.69245 0.00079
1.0703 0.69562 0.00079
1.0744 0.70173 0.00079
1.0785 0.70627 0.00080
1.0825 0.71471 0.00080
1.0866 0.71869 0.00081
1.0908 0.72378 0.00081
1.0949 0.72851 0.00081
1.0990 0.73445 0.00081
1.1031 0.73562 0.00081
1.1073 0.74316 0.00082
1.1114 0.74892 0.00082
1.1156 0.75189 0.00083
1.1197 0.75738 0.00084
1.1239 0.76248 0.00085
1.1281 0.76544 0.00085
1.1323 0.77164 0.00085
1.1365 0.77418 0.00085
1.1407 0.78166 0.00086
1.1449 0.78108 0.00085
1.1491 0.78607 0.00085
1.1533 0.78814 0.00085
1.1576 0.79361 0.00085
1.1618 0.79284 0.00084
1.1660 0.79836 0.00084
1.1703 0.79558 0.00084
1.1745 0.80175 0.00084
1.1788 0.80498 0.00085
1.1830 0.80785 0.00085
1.1873 0.81059 0.00085
1.1916 0.81347 0.00085
1.1958 0.81341 0.00085
1.2001 0.81773 0.00086
1.2044 0.81938 0.00086
1.2087 0.82282 0.00086
1.2129 0.82370 0.00086
1.2172 0.82805 0.00086
1.2215 0.82713 0.00086
1.2258 0.83236 0.00086
1.2301 0.83344 0.00086
1.2344 0.83957 0.00087
1.2387 0.84096 0.00087
1.2430 0.84467 0.00087
1.2473 0.84523 0.00088
1.2517 0.84962 0.00088
1.2560 0.85220 0.00089
1.2603 0.85528 0.00091
1.2646 0.85305 0.00091
1.2689 0.85686 0.00092
1.2732 0.85920 0.00092
1.2775 0.86611 0.00092
1.2819 0.87008 0.00092
1.2862 0.87481 0.00091
1.2905 0.87634 0.00091
1.2948 0.88027 0.00091
1.2991 0.88082 0.00092
1.3034 0.88656 0.00092
1.3078 0.88842 0.00092
1.3121 0.89574 0.00093
1.3164 0.89525 0.00093
1.3207 0.90151 0.00093
1.3250 0.90527 0.00094
1.3293 0.91046 0.00096
1.3337 0.91388 0.00095
1.3380 0.91424 0.00097
1.3423 0.91798 0.00097
1.3466 0.92425 0.00099
1.3509 0.92872 0.00102
1.3552 0.93378 0.00111
1.3595 0.92789 0.00113
1.3638 0.92675 0.00117
1.3681 0.93510 0.00117
1.3724 0.94068 0.00112
1.3767 0.94376 0.00114
1.3810 0.94332 0.00114
1.3853 0.94193 0.00113
1.3896 0.95333 0.00113
1.3938 0.95907 0.00115
1.3981 0.95885 0.00113
1.4024 0.95956 0.00112
1.4066 0.96279 0.00111
1.4109 0.96607 0.00110
1.4152 0.97279 0.00109
1.4195 0.97373 0.00108
1.4237 0.98064 0.00107
1.4280 0.98335 0.00108
1.4322 0.98274 0.00109
1.4365 0.98126 0.00109
1.4407 0.98596 0.00108
1.4449 0.98519 0.00108
1.4492 0.99073 0.00108
1.4534 0.98719 0.00107
1.4576 0.99365 0.00107
1.4618 0.99038 0.00107
1.4661 0.99014 0.00107
1.4703 0.99027 0.00108
1.4745 0.99724 0.00108
1.4787 0.99401 0.00108
1.4829 0.99783 0.00109
1.4870 0.99680 0.00108
1.4912 1.00180 0.00107
1.4954 0.99796 0.00107
1.4996 1.00000 0.00108
1.5037 0.99412 0.00108
1.5079 0.99426 0.00108
1.5121 0.99900 0.00108
1.5162 0.99910 0.00108
1.5204 0.99426 0.00108
1.5245 0.99663 0.00108
1.5287 0.98591 0.00108
1.5328 0.99182 0.00108
1.5369 0.98919 0.00108
1.5410 0.98577 0.00107
1.5451 0.98340 0.00107
1.5492 0.98471 0.00108
1.5533 0.98589 0.00108
1.5574 0.98271 0.00108
1.5615 0.98011 0.00109
1.5656 0.98279 0.00109
1.5697 0.97796 0.00110
1.5737 0.97692 0.00110
1.5778 0.97394 0.00111
1.5819 0.97366 0.00112
1.5859 0.97122 0.00111
1.5900 0.97363 0.00111
1.5940 0.96971 0.00110
1.5980 0.96725 0.00111
1.6021 0.96005 0.00110
1.6061 0.95800 0.00111
1.6101 0.94994 0.00110
1.6141 0.95632 0.00110
1.6181 0.95119 0.00110
1.6221 0.94825 0.00109
1.6261 0.93877 0.00108
1.6301 0.94053 0.00108
1.6340 0.93396 0.00108
1.6380 0.93373 0.00109
1.6420 0.92989 0.00109
1.6459 0.92944 0.00109
1.6499 0.92209 0.00108
1.6538 0.92767 0.00111
1.6577 0.91754 0.00107
1.6617 0.91846 0.00108
1.6656 0.90813 0.00108
1.6695 0.90508 0.00109
1.6734 0.90487 0.00109
1.6773 0.90389 0.00107
1.6812 0.90074 0.00108
1.6851 0.89589 0.00107
1.6890 0.89113 0.00108
1.6929 0.88868 0.00108
1.6967 0.89067 0.00108
1.7006 0.89006 0.00108
1.7045 0.88800 0.00108
1.7083 0.88043 0.00108
1.7122 0.87935 0.00109
1.7160 0.87820 0.00108
1.7198 0.87661 0.00108
1.7236 0.87252 0.00108
1.7274 0.86868 0.00108
1.7313 0.86918 0.00109
1.7351 0.86693 0.00109
1.7389 0.86653 0.00109
1.7427 0.86226 0.00109
1.7464 0.86123 0.00108
1.7502 0.85945 0.00108
1.7540 0.85625 0.00108
1.7578 0.85592 0.00108
1.7615 0.85476 0.00110
1.7653 0.85039 0.00111
1.7690 0.85180 0.00111
1.7728 0.85027 0.00111
1.7765 0.84970 0.00110
1.7802 0.84745 0.00111
1.7839 0.84432 0.00112
1.7877 0.83990 0.00112
1.7914 0.84124 0.00113
1.7951 0.83973 0.00115
1.7988 0.84561 0.00117
1.8025 0.83599 0.00118
1.8061 0.83920 0.00119
1.8098 0.83332 0.00121
1.8135 0.82954 0.00123
1.8172 0.83214 0.00126
1.8208 0.83301 0.00127
1.8245 0.82998 0.00128
1.8281 0.83583 0.00131
1.8318 0.82905 0.00138
1.8354 0.83536 0.00147
1.8391 0.82650 0.00149
1.8427 0.82818 0.00153
1.8463 0.83359 0.00151
1.8499 0.82354 0.00148
1.8535 0.81797 0.00145
1.8571 0.82086 0.00142
1.8607 0.81766 0.00140
1.8643 0.82037 0.00144
1.8679 0.83067 0.00160
1.8715 0.81407 0.00173
1.8786 0.81383 0.00147
1.8822 0.82140 0.00135
1.8858 0.81823 0.00133
1.8893 0.81999 0.00134
1.8929 0.82422 0.00137
1.8964 0.82068 0.00143
1.9000 0.82666 0.00151
1.9035 0.81438 0.00151
1.9070 0.81989 0.00150
1.9105 0.82421 0.00147
1.9141 0.82412 0.00144
1.9176 0.82041 0.00144
1.9211 0.82744 0.00141
1.9246 0.82368 0.00140
1.9281 0.82853 0.00138
1.9316 0.82192 0.00133
1.9351 0.83131 0.00133
1.9385 0.82958 0.00132
1.9420 0.82812 0.00134
1.9455 0.83433 0.00136
1.9490 0.83598 0.00140
1.9524 0.83604 0.00146
1.9559 0.82813 0.00147
1.9593 0.83120 0.00147
1.9628 0.83196 0.00144
1.9662 0.83425 0.00141
1.9697 0.83756 0.00138
1.9731 0.83686 0.00134
1.9765 0.84334 0.00131
1.9800 0.84488 0.00129
1.9834 0.84931 0.00129
1.9868 0.84929 0.00129
1.9902 0.85050 0.00130
1.9936 0.85266 0.00136
1.9970 0.85849 0.00152
2.0004 0.85572 0.00174
2.0038 0.84367 0.00186
2.0072 0.83972 0.00184
2.0105 0.84736 0.00177
2.0139 0.85283 0.00173
2.0173 0.85051 0.00162
2.0207 0.85815 0.00152
2.0240 0.86336 0.00145
2.0274 0.86903 0.00141
2.0307 0.86805 0.00138
2.0341 0.86990 0.00138
2.0374 0.87494 0.00140
2.0408 0.87174 0.00140
2.0441 0.87539 0.00143
2.0474 0.87792 0.00146
2.0508 0.88258 0.00153
2.0541 0.87701 0.00156
2.0574 0.88301 0.00155
2.0607 0.88826 0.00156
2.0640 0.89439 0.00155
2.0673 0.89386 0.00155
2.0706 0.89499 0.00153
2.0739 0.88948 0.00149
2.0772 0.89806 0.00146
2.0805 0.90198 0.00146
2.0838 0.90428 0.00146
2.0871 0.90372 0.00146
2.0903 0.90808 0.00147
2.0936 0.91177 0.00146
2.0968 0.91038 0.00145
2.1001 0.91715 0.00147
2.1034 0.92196 0.00149
2.1066 0.90228 0.00148
2.1099 0.92835 0.00152
2.1131 0.93022 0.00152
2.1163 0.93399 0.00154
2.1196 0.93806 0.00153
2.1228 0.94100 0.00155
2.1260 0.93626 0.00153
2.1292 0.93699 0.00153
2.1324 0.93977 0.00153
2.1357 0.94365 0.00153
2.1389 0.94737 0.00155
2.1421 0.94715 0.00155
2.1452 0.94992 0.00157
2.1484 0.94900 0.00159
2.1516 0.95110 0.00160
2.1548 0.95753 0.00161
2.1580 0.95291 0.00160
2.1612 0.96066 0.00161
2.1643 0.95771 0.00162
2.1675 0.95954 0.00164
2.1706 0.95959 0.00164
2.1738 0.96496 0.00163
2.1769 0.96973 0.00165
2.1801 0.97222 0.00166
2.1832 0.96929 0.00165
2.1863 0.97364 0.00166
2.1895 0.97617 0.00167
2.1926 0.97641 0.00168
2.1957 0.97687 0.00168
2.1988 0.97910 0.00171
2.2019 0.97716 0.00169
2.2050 0.98669 0.00171
2.2081 0.98413 0.00171
2.2112 0.98874 0.00172
2.2143 0.99421 0.00174
2.2174 0.99102 0.00173
2.2205 0.98935 0.00171
2.2235 0.99767 0.00175
2.2266 0.99546 0.00178
2.2297 0.99652 0.00176
2.2327 0.99923 0.00177
2.2358 0.99752 0.00176
2.2388 0.99754 0.00177
2.2419 1.00677 0.00180
2.2449 1.00297 0.00179
2.2480 1.01074 0.00182
2.2510 1.00355 0.00181
2.2540 1.00322 0.00181
2.2570 1.00667 0.00183
2.2600 1.00685 0.00183
2.2630 1.02336 0.00189
2.2660 1.00560 0.00186
2.2690 1.00717 0.00186
2.2720 1.01332 0.00188
2.2750 1.01343 0.00188
2.2780 1.01308 0.00188
2.2810 1.01315 0.00190
2.2839 1.01904 0.00190
2.2869 1.01727 0.00191
2.2899 1.01667 0.00192
2.2928 1.01747 0.00194
2.2958 1.02263 0.00196
2.2987 1.02564 0.00197
2.3017 1.02606 0.00197
2.3046 1.02910 0.00197
2.3075 1.02652 0.00203
2.3104 1.03696 0.00197
2.3134 1.02939 0.00198
2.3163 1.02831 0.00201
2.3192 1.03703 0.00205
2.3221 1.02630 0.00202
2.3250 1.02604 0.00201
2.3279 1.02764 0.00201
2.3308 1.03451 0.00202
2.3337 1.03543 0.00204
2.3365 1.03376 0.00206
2.3394 1.04103 0.00209
2.3423 1.03375 0.00207
2.3451 1.03400 0.00208
2.3480 1.03975 0.00213
2.3508 1.03749 0.00215
2.3537 1.03580 0.00213
2.3565 1.03866 0.00215
2.3594 1.04202 0.00214
2.3622 1.04679 0.00214
2.3651 1.04794 0.00214
2.3679 1.04522 0.00218
2.3707 1.05080 0.00226
2.3735 1.04155 0.00225
2.3763 1.04773 0.00230
2.3792 1.04063 0.00242
2.3819 1.04606 0.00239
2.3848 1.05014 0.00231
2.3876 1.05431 0.00226
2.3904 1.05762 0.00224
2.3931 1.06175 0.00224
2.3959 1.05886 0.00223
2.3987 1.05820 0.00221
2.4015 1.06113 0.00223
2.4043 1.05857 0.00224
2.4070 1.05961 0.00224
2.4098 1.06064 0.00225
2.4126 1.06150 0.00227
2.4154 1.05399 0.00228
2.4181 1.05050 0.00229
2.4209 1.05821 0.00228
2.4236 1.06041 0.00229
2.4264 1.06626 0.00230
2.4291 1.06402 0.00230
2.4319 1.06234 0.00235
2.4346 1.07460 0.00240
2.4374 1.06294 0.00236
2.4401 1.07152 0.00237
2.4429 1.07702 0.00240
2.4456 1.06817 0.00243
2.4484 1.06272 0.00246
2.4511 1.06900 0.00248
2.4539 1.07749 0.00256
2.4566 1.08130 0.00260
2.4593 1.09038 0.00279
2.4621 1.09116 0.00272
2.4648 1.08229 0.00257
2.4676 1.08598 0.00255
2.4703 1.08582 0.00259
2.4731 1.08303 0.00258
2.4758 1.08565 0.00258
2.4786 1.09223 0.00261
2.4813 1.08880 0.00269
2.4841 1.10200 0.00282
2.4869 1.10158 0.00281
2.4896 1.08930 0.00280
2.4924 1.09343 0.00282
2.4951 1.09131 0.00275
2.4979 1.09068 0.00270
2.5007 1.09923 0.00272
