0.40018 0.85627
0.40044 0.81105
0.40070 0.79289
0.40096 0.81073
0.40122 0.81243
0.40148 0.80284
0.40174 0.83077
0.40200 0.85583
0.40226 0.84101
0.40252 0.85154
0.40278 0.88282
0.40304 0.87090
0.40330 0.85347
0.40356 0.81857
0.40382 0.86419
0.40408 0.87024
0.40434 0.83037
0.40460 0.81144
0.40486 0.71237
0.40512 0.68300
0.40538 0.79466
0.40564 0.80785
0.40590 0.80697
0.40616 0.80752
0.40642 0.81371
0.40668 0.76417
0.40694 0.80966
0.40720 0.87300
0.40746 0.87082
0.40772 0.85810
0.40798 0.86244
0.40824 0.86793
0.40850 0.84415
0.40876 0.87122
0.40902 0.86347
0.40928 0.85381
0.40954 0.84634
0.40980 0.84283
0.41006 0.86901
0.41032 0.86251
0.41058 0.83712
0.41084 0.86254
0.41110 0.89031
0.41136 0.88558
0.41162 0.86822
0.41188 0.86063
0.41214 0.86045
0.41240 0.85357
0.41266 0.85236
0.41292 0.84901
0.41318 0.83537
0.41344 0.83190
0.41370 0.84263
0.41396 0.85713
0.41422 0.86631
0.41448 0.85062
0.41474 0.83277
0.41500 0.82596
0.41526 0.86175
0.41551 0.88718
0.41577 0.84291
0.41603 0.84814
0.41629 0.88995
0.41655 0.86621
0.41681 0.83013
0.41707 0.83405
0.41733 0.82906
0.41759 0.81091
0.41785 0.88788
0.41811 0.91213
0.41837 0.86704
0.41863 0.82382
0.41889 0.85686
0.41915 0.81565
0.41941 0.82519
0.41967 0.82995
0.41993 0.81709
0.42019 0.83825
0.42045 0.84577
0.42071 0.84299
0.42097 0.86674
0.42123 0.85785
0.42149 0.86129
0.42175 0.84694
0.42201 0.85208
0.42227 0.86624
0.42253 0.88614
0.42279 0.84006
0.42305 0.80533
0.42331 0.83131
0.42357 0.85655
0.42383 0.85887
0.42409 0.85608
0.42435 0.88373
0.42461 0.88302
0.42487 0.87391
0.42513 0.88638
0.42539 0.89359
0.42565 0.86841
0.42591 0.83746
0.42617 0.80616
0.42643 0.80908
0.42669 0.82912
0.42695 0.84863
0.42721 0.85883
0.42747 0.84930
0.42773 0.87693
0.42799 0.89261
0.42825 0.86598
0.42851 0.84096
0.42877 0.86716
0.42903 0.88646
0.42929 0.85534
0.42955 0.80916
0.42981 0.82049
0.43007 0.85109
0.43033 0.82931
0.43059 0.82598
0.43085 0.87192
0.43111 0.87081
0.43137 0.85291
0.43163 0.87481
0.43189 0.91063
0.43214 0.90121
0.43240 0.89206
0.43266 0.91835
0.43292 0.92431
0.43318 0.92983
0.43344 0.92859
0.43370 0.91403
0.43396 0.89271
0.43422 0.88016
0.43448 0.89150
0.43474 0.91075
0.43500 0.90585
0.43526 0.88269
0.43552 0.87075
0.43578 0.87727
0.43604 0.87311
0.43630 0.88867
0.43656 0.89567
0.43682 0.90297
0.43708 0.89764
0.43734 0.86055
0.43760 0.85834
0.43786 0.91219
0.43812 0.92752
0.43838 0.89326
0.43864 0.87119
0.43890 0.86382
0.43916 0.86901
0.43942 0.87607
0.43968 0.88894
0.43994 0.92582
0.44020 0.92569
0.44046 0.91887
0.44072 0.86458
0.44098 0.86079
0.44124 0.90788
0.44150 0.94569
0.44176 0.92747
0.44202 0.91697
0.44228 0.92154
0.44254 0.91304
0.44280 0.90612
0.44306 0.93311
0.44332 0.91188
0.44358 0.91905
0.44384 0.90128
0.44410 0.93159
0.44436 0.94724
0.44462 0.95432
0.44488 0.93843
0.44514 0.93723
0.44540 0.94404
0.44566 0.91467
0.44592 0.89436
0.44618 0.89736
0.44644 0.92927
0.44670 0.93687
0.44696 0.91536
0.44722 0.92727
0.44748 0.93742
0.44774 0.90781
0.44800 0.86738
0.44826 0.88784
0.44852 0.92933
0.44877 0.93812
0.44903 0.92991
0.44929 0.93925
0.44955 0.95262
0.44981 0.95029
0.45007 0.93051
0.45033 0.92123
0.45059 0.93318
0.45085 0.93588
0.45111 0.92830
0.45137 0.91808
0.45163 0.91113
0.45189 0.90916
0.45215 0.91862
0.45241 0.94096
0.45267 0.96827
0.45293 0.97402
0.45319 0.94952
0.45345 0.89250
0.45371 0.86633
0.45397 0.90596
0.45423 0.93084
0.45449 0.92968
0.45475 0.91920
0.45501 0.90288
0.45527 0.91135
0.45553 0.92882
0.45579 0.93857
0.45605 0.95302
0.45631 0.94789
0.45657 0.93564
0.45683 0.93936
0.45709 0.93116
0.45735 0.92563
0.45761 0.95796
0.45787 0.96164
0.45813 0.93868
0.45839 0.91882
0.45865 0.91585
0.45891 0.94348
0.45917 0.95202
0.45943 0.96059
0.45969 0.96012
0.45995 0.94762
0.46021 0.94492
0.46047 0.93363
0.46073 0.94088
0.46099 0.95981
0.46125 0.96226
0.46151 0.95929
0.46177 0.93795
0.46203 0.94703
0.46229 0.96503
0.46255 0.95820
0.46281 0.97313
0.46307 0.95428
0.46333 0.93567
0.46359 0.93629
0.46385 0.93562
0.46411 0.93092
0.46437 0.92661
0.46463 0.91488
0.46489 0.94242
0.46515 0.94981
0.46540 0.96157
0.46566 0.96265
0.46592 0.93101
0.46618 0.94368
0.46644 0.94285
0.46670 0.93305
0.46696 0.95454
0.46722 0.95573
0.46748 0.94800
0.46774 0.92547
0.46800 0.90002
0.46826 0.90699
0.46852 0.94456
0.46878 0.93460
0.46904 0.93214
0.46930 0.95413
0.46956 0.94873
0.46982 0.93611
0.47008 0.95435
0.47034 0.94319
0.47060 0.96024
0.47086 0.96607
0.47112 0.94363
0.47138 0.94563
0.47164 0.96773
0.47190 0.97082
0.47216 0.95579
0.47242 0.95476
0.47268 0.93075
0.47294 0.92725
0.47320 0.95356
0.47346 0.95837
0.47372 0.94820
0.47398 0.94173
0.47424 0.93516
0.47450 0.93233
0.47476 0.93772
0.47502 0.94798
0.47528 0.96127
0.47554 0.94889
0.47580 0.92723
0.47606 0.92342
0.47632 0.93867
0.47658 0.97145
0.47684 0.98212
0.47710 0.96147
0.47736 0.94120
0.47762 0.95347
0.47788 0.95863
0.47814 0.95027
0.47840 0.93233
0.47866 0.93000
0.47892 0.96023
0.47918 0.95653
0.47944 0.93668
0.47970 0.94839
0.47996 0.96480
0.48022 0.97325
0.48048 0.98117
0.48074 0.98262
0.48100 0.97198
0.48126 0.95598
0.48152 0.94398
0.48178 0.95070
0.48203 0.97798
0.48229 0.98817
0.48255 0.97539
0.48281 0.97655
0.48307 0.98946
0.48333 0.98772
0.48359 0.99566
0.48385 1.01772
0.48411 1.00598
0.48437 0.98685
0.48463 0.98801
0.48489 0.97890
0.48515 0.96864
0.48541 0.97764
0.48567 1.00789
0.48593 1.01817
0.48619 1.01422
0.48645 1.01076
0.48671 1.00533
0.48697 0.97615
0.48723 0.94880
0.48749 0.94670
0.48775 0.96299
0.48801 0.96153
0.48827 0.95434
0.48853 0.96269
0.48879 0.97674
0.48905 0.96698
0.48931 0.96418
0.48957 0.97746
0.48983 0.97354
0.49009 0.96438
0.49035 0.96553
0.49061 0.95429
0.49087 0.94899
0.49113 0.96169
0.49139 0.98646
0.49165 0.98207
0.49191 0.95667
0.49217 0.95230
0.49243 0.94055
0.49269 0.96927
0.49295 0.98149
0.49321 0.96475
0.49347 0.94842
0.49373 0.93891
0.49399 0.94295
0.49425 0.93790
0.49451 0.94716
0.49477 0.95324
0.49503 0.97551
0.49529 0.99525
0.49555 0.98891
0.49581 0.95661
0.49607 0.92951
0.49633 0.95000
0.49659 0.94635
0.49685 0.95457
0.49711 0.97748
0.49737 0.97268
0.49763 0.96851
0.49789 0.97826
0.49815 0.97083
0.49840 0.93476
0.49866 0.94335
0.49892 0.96201
0.49918 0.95180
0.49944 0.95832
0.49970 0.97234
0.49996 0.97453
0.50022 0.96211
0.50048 0.93831
0.50074 0.94990
0.50100 0.97985
0.50126 0.98702
0.50152 0.98851
0.50178 0.96611
0.50204 0.95242
0.50230 0.94880
0.50256 0.94785
0.50282 0.96145
0.50308 0.97232
0.50334 0.98088
0.50360 1.00174
0.50386 1.01970
0.50412 1.01071
0.50438 1.00967
0.50464 0.98518
0.50490 0.95274
0.50516 0.96351
0.50542 0.98994
0.50568 0.99744
0.50594 0.97677
0.50620 0.96937
0.50646 0.98886
0.50672 0.98862
0.50698 0.99171
0.50724 0.99607
0.50750 0.99129
0.50776 0.97231
0.50802 0.96659
0.50828 0.98762
0.50854 0.99014
0.50880 0.98901
0.50906 0.99445
0.50932 0.99810
0.50958 1.00616
0.50984 0.99935
0.51010 0.97640
0.51036 0.96752
0.51062 0.98551
0.51088 0.98770
0.51114 0.97278
0.51140 0.98066
0.51166 0.98695
0.51192 0.97674
0.51218 0.96971
0.51244 0.98499
0.51270 1.00384
0.51296 0.98936
0.51322 0.96844
0.51348 0.96582
0.51374 0.96529
0.51400 0.96382
0.51426 0.96729
0.51452 0.97819
0.51478 0.99593
0.51503 1.00665
0.51529 0.99693
0.51555 0.97506
0.51581 0.96931
0.51607 0.97044
0.51633 0.96863
0.51659 0.97524
0.51685 0.98179
0.51711 0.98313
0.51737 0.97542
0.51763 0.95248
0.51789 0.93326
0.51815 0.95114
0.51841 0.96661
0.51867 0.97711
0.51893 0.97955
0.51919 0.96853
0.51945 0.97079
0.51971 0.97735
0.51997 0.98897
0.52023 0.98607
0.52049 0.99147
0.52075 1.00360
0.52101 0.99676
0.52127 0.98829
0.52153 0.97969
0.52179 0.98348
0.52205 0.99338
0.52231 0.99408
0.52257 0.98617
0.52283 0.98575
0.52309 0.99881
0.52335 0.99232
0.52361 0.99491
0.52387 0.98926
0.52413 0.97122
0.52439 0.98797
0.52465 1.00111
0.52491 0.98456
0.52517 0.98229
0.52543 0.99985
0.52569 1.00261
0.52595 0.99864
0.52621 1.00343
0.52647 1.00199
0.52673 0.99860
0.52699 0.99264
0.52725 0.97894
0.52751 0.97023
0.52777 0.98044
0.52803 0.97864
0.52829 0.97653
0.52855 0.99446
0.52881 1.00267
0.52907 0.99025
0.52933 0.99053
0.52959 0.99138
0.52985 0.99107
0.53011 0.99490
0.53037 0.98425
0.53063 0.97449
0.53089 0.99147
0.53115 0.99651
0.53141 0.99071
0.53166 0.99382
0.53192 0.99895
0.53218 1.01709
0.53244 1.00639
0.53270 0.98753
0.53296 0.97812
0.53322 0.98272
0.53348 0.99664
0.53374 0.98781
0.53400 0.96624
0.53426 0.98497
0.53452 0.99466
0.53478 0.98035
0.53504 0.98368
0.53530 1.00630
0.53556 0.99154
0.53582 0.96652
0.53608 0.96219
0.53634 0.98575
0.53660 1.00899
0.53686 1.00503
0.53712 0.99178
0.53738 0.99082
0.53764 0.99738
0.53790 1.02064
0.53816 1.01627
0.53842 0.98896
0.53868 0.99862
0.53894 1.01086
0.53920 1.00059
0.53946 0.98986
0.53972 0.98073
0.53998 0.98184
0.54024 0.99950
0.54050 1.00700
0.54076 0.98677
0.54102 0.98101
0.54128 1.01202
0.54154 0.99263
0.54180 0.97591
0.54206 0.99139
0.54232 0.97799
0.54258 0.97411
0.54284 0.98317
0.54310 1.00159
0.54336 1.00780
0.54362 1.01308
0.54388 1.01719
0.54414 1.00218
0.54440 0.99639
0.54466 0.99670
0.54492 0.99727
0.54518 0.99770
0.54544 0.99357
0.54570 1.00339
0.54596 1.00727
0.54622 0.98991
0.54648 1.00232
0.54674 1.01378
0.54700 1.00476
0.54726 0.99226
0.54752 0.99094
0.54778 0.99865
0.54804 0.99707
0.54829 0.99109
0.54855 0.99654
0.54881 0.99721
0.54907 0.99799
0.54933 1.01481
0.54959 1.02273
0.54985 1.01095
0.55011 0.99197
0.55037 0.98971
0.55063 0.99168
0.55089 0.99268
0.55115 1.01361
0.55141 1.01739
0.55167 1.01646
0.55193 1.02152
0.55219 1.01325
0.55245 1.00521
0.55271 0.99564
0.55297 0.98958
0.55323 0.98878
0.55349 0.97068
0.55375 0.96694
0.55401 0.99783
0.55427 1.00922
0.55453 1.00071
0.55479 0.99878
0.55505 0.99292
0.55531 0.97680
0.55557 0.96189
0.55583 0.96538
0.55609 0.98732
0.55635 0.98846
0.55661 0.95130
0.55687 0.90165
0.55713 0.94051
0.55739 0.97790
0.55765 0.89897
0.55791 0.84650
0.55817 0.90713
0.55843 0.99216
0.55869 1.01360
0.55895 0.99856
0.55921 0.99947
0.55947 1.00976
0.55973 0.99791
0.55999 0.97475
0.56025 0.97734
0.56051 0.97937
0.56077 0.96858
0.56103 0.98405
0.56129 0.99937
0.56155 1.00332
0.56181 1.00573
0.56207 1.00134
0.56233 0.99439
0.56259 0.97212
0.56285 0.96098
0.56311 0.97998
0.56337 0.99832
0.56363 0.98778
0.56389 0.98019
0.56415 0.99792
0.56441 1.00449
0.56467 1.00444
0.56492 0.99951
0.56518 0.98843
0.56544 0.98361
0.56570 0.98495
0.56596 1.00050
0.56622 1.00079
0.56648 0.98864
0.56674 0.99352
0.56700 0.99450
0.56726 0.97389
0.56752 0.97194
0.56778 0.99264
0.56804 0.99980
0.56830 0.99758
0.56856 0.99429
0.56882 0.98551
0.56908 0.98006
0.56934 0.99545
0.56960 1.00137
0.56986 0.98515
0.57012 0.99398
0.57038 1.00552
0.57064 1.00338
0.57090 0.99233
0.57116 0.98123
0.57142 0.98668
0.57168 1.00640
0.57194 1.01554
0.57220 1.00362
0.57246 0.99068
0.57272 0.97994
0.57298 0.97781
0.57324 0.98728
0.57350 0.99404
0.57376 1.00657
0.57402 1.01445
0.57428 1.01174
0.57454 1.00999
0.57480 1.00644
0.57506 0.98282
0.57532 0.96662
0.57558 0.98253
0.57584 0.99335
0.57610 0.98645
0.57636 0.99037
0.57662 0.99182
0.57688 0.97950
0.57714 0.97807
0.57740 0.99049
0.57766 0.99789
0.57792 0.99884
0.57818 1.00247
0.57844 1.00214
0.57870 1.01317
0.57896 1.02738
0.57922 1.02222
0.57948 1.02749
0.57974 1.03367
0.58000 1.02192
0.58026 1.00245
0.58052 1.00099
0.58078 1.00098
0.58104 0.99279
0.58129 0.99061
0.58155 0.98623
0.58181 0.98197
0.58207 0.98809
0.58233 1.00515
0.58259 0.99816
0.58285 0.99410
0.58311 1.00728
0.58337 1.00259
0.58363 0.98521
0.58389 0.97797
0.58415 0.98245
0.58441 0.98560
0.58467 1.00540
0.58493 1.02157
0.58519 1.00987
0.58545 0.99127
0.58571 1.00030
0.58597 1.01441
0.58623 1.00401
0.58649 0.98768
0.58675 0.98796
0.58701 0.99374
0.58727 1.01008
0.58753 1.03240
0.58779 1.02511
0.58805 1.00923
0.58831 1.00806
0.58857 1.01194
0.58883 1.01958
0.58909 1.02431
0.58935 1.00933
0.58961 1.01528
0.58987 1.01806
0.59013 1.01337
0.59039 1.01779
0.59065 0.99253
0.59091 0.99747
0.59117 1.02620
0.59143 1.01806
0.59169 0.99032
0.59195 0.97980
0.59221 0.99102
0.59247 1.00312
0.59273 0.99793
0.59299 0.98656
0.59325 0.99167
0.59351 0.99578
0.59377 1.01723
0.59403 1.03687
0.59429 1.02842
0.59455 1.00765
0.59481 1.00607
0.59507 1.00877
0.59533 1.00543
0.59559 1.00720
0.59585 1.00316
0.59611 0.99773
0.59637 0.98894
0.59663 0.99933
0.59689 0.99660
0.59715 0.98899
0.59741 0.99639
0.59767 1.01131
0.59792 0.99804
0.59818 0.98506
0.59844 0.99270
0.59870 0.98907
0.59896 0.99428
0.59922 1.00779
0.59948 1.01499
0.59974 1.01212
0.60000 0.99625
0.60026 0.99126
0.60052 0.99787
0.60078 0.98682
0.60104 0.99413
0.60130 0.99616
0.60156 0.98785
0.60182 0.97514
0.60208 0.95952
0.60234 0.96458
0.60260 0.97510
0.60286 1.00462
0.60312 1.01726
0.60338 1.01614
0.60364 1.01137
0.60390 1.00394
0.60416 0.98376
0.60442 0.98822
0.60468 1.00187
0.60494 1.00579
0.60520 0.99327
0.60546 0.99644
0.60572 0.98651
0.60598 0.99028
0.60624 0.99691
0.60650 0.99113
0.60676 0.99091
0.60702 0.99888
0.60728 1.00105
0.60754 0.99324
0.60780 0.97294
0.60806 0.97980
0.60832 0.98872
0.60858 0.97770
0.60884 0.95776
0.60910 0.96859
0.60936 0.99306
0.60962 0.99802
0.60988 0.99548
0.61014 0.98524
0.61040 0.97697
0.61066 0.98192
0.61092 0.98987
0.61118 0.99189
0.61144 1.00206
0.61170 1.00484
0.61196 1.00712
0.61222 1.00018
0.61248 1.00277
0.61274 0.98699
0.61300 0.99829
0.61326 1.00594
0.61352 0.99736
0.61378 0.98600
0.61404 0.98500
0.61430 1.01091
0.61455 0.99762
0.61481 0.96268
0.61507 0.96425
0.61533 0.97654
0.61559 0.97472
0.61585 0.99478
0.61611 0.98611
0.61637 0.96381
0.61663 0.96438
0.61689 0.98203
0.61715 0.98927
0.61741 0.98745
0.61767 0.98647
0.61793 0.98687
0.61819 0.98794
0.61845 0.97846
0.61871 0.96508
0.61897 0.96707
0.61923 0.98337
0.61949 0.99044
0.61975 0.98764
0.62001 0.98912
0.62027 0.99481
0.62053 0.99839
0.62079 1.00663
0.62105 1.01251
0.62131 1.01480
0.62157 1.01866
0.62183 0.99495
0.62209 0.98150
0.62235 0.97528
0.62261 0.99308
0.62287 1.02063
0.62313 1.01742
0.62339 0.98766
0.62365 0.98884
0.62391 0.99580
0.62417 0.99418
0.62443 0.98895
0.62469 0.98163
0.62495 0.98956
0.62521 1.01152
0.62547 1.00778
0.62573 1.02033
0.62599 1.02928
0.62625 1.02607
0.62651 1.01162
0.62677 0.99533
0.62703 0.99563
0.62729 1.00795
0.62755 1.00850
0.62781 0.99584
0.62807 0.99725
0.62833 0.99562
0.62859 1.01921
0.62885 1.05815
0.62911 1.08960
0.62937 1.04831
0.62963 1.05408
0.62989 1.07818
0.63015 1.07752
0.63041 1.07203
0.63067 1.04189
0.63093 1.01509
0.63118 1.01773
0.63144 1.01278
0.63170 0.99602
0.63196 0.99843
0.63222 1.00820
0.63248 1.00610
0.63274 1.00414
0.63300 1.01231
0.63326 1.00679
0.63352 1.00634
0.63378 1.01054
0.63404 1.01325
0.63430 0.99520
0.63456 1.00213
0.63482 1.00762
0.63508 1.00360
0.63534 1.03167
0.63560 1.01965
0.63586 1.01437
0.63612 1.02546
0.63638 1.03540
0.63664 1.03116
0.63690 1.00837
0.63716 0.99654
0.63742 1.00430
0.63768 1.00665
0.63794 0.99784
0.63820 0.98751
0.63846 0.99531
0.63872 0.99195
0.63898 1.00267
0.63924 0.99687
0.63950 0.99362
0.63976 0.99849
0.64002 0.99271
0.64028 0.99634
0.64054 1.01262
0.64080 1.01358
0.64106 1.00125
0.64132 0.98460
0.64158 0.98825
0.64184 0.98950
0.64210 0.98936
0.64236 0.99049
0.64262 0.99665
0.64288 0.99957
0.64314 0.99610
0.64340 1.00267
0.64366 0.99367
0.64392 0.98400
0.64418 0.99244
0.64444 0.99478
0.64470 0.97452
0.64496 0.99278
0.64522 0.99603
0.64548 0.97658
0.64574 0.98062
0.64600 0.98745
0.64626 0.99955
0.64652 0.99908
0.64678 0.99901
0.64704 0.99720
0.64730 0.99361
0.64756 1.00032
0.64781 0.98604
0.64807 0.98342
0.64833 1.00072
0.64859 1.01096
0.64885 0.99112
0.64911 0.96938
0.64937 0.97257
0.64963 0.97674
0.64989 0.98027
0.65015 0.99959
0.65041 1.01275
0.65067 1.00727
0.65093 0.99695
0.65119 0.99292
0.65145 1.00686
0.65171 0.99948
0.65197 0.97046
0.65223 0.96136
0.65249 0.97689
0.65275 0.99018
0.65301 0.99702
0.65327 0.99374
0.65353 0.98172
0.65379 0.99214
0.65405 0.99243
0.65431 0.99107
0.65457 0.99216
0.65483 0.99200
0.65509 0.98804
0.65535 0.97823
0.65561 0.96500
0.65587 1.00073
0.65613 1.01673
0.65639 1.01548
0.65665 1.02189
0.65691 1.01527
0.65717 1.00061
0.65743 0.98705
0.65769 0.99881
0.65795 0.99150
0.65821 0.97547
0.65847 0.98344
0.65873 0.98632
0.65899 0.98685
0.65925 0.98606
0.65951 0.98490
0.65977 0.97954
0.66003 0.98237
0.66029 0.98529
0.66055 0.99383
0.66081 0.99787
0.66107 0.98924
0.66133 0.97905
0.66159 0.97838
0.66185 0.98193
0.66211 0.99136
0.66237 0.98574
0.66263 0.97602
0.66289 0.98164
0.66315 0.98111
0.66341 0.96775
0.66367 0.96721
0.66393 0.97371
0.66418 0.98642
0.66444 1.00089
0.66470 1.00388
0.66496 0.98515
0.66522 0.97488
0.66548 0.98381
0.66574 0.98818
0.66600 0.99955
0.66626 1.00122
0.66652 0.98906
0.66678 0.98026
0.66704 0.98455
0.66730 1.00149
0.66756 1.00221
0.66782 0.98431
0.66808 0.96976
0.66834 0.98348
0.66860 1.00889
0.66886 1.00302
0.66912 0.98251
0.66938 0.98479
0.66964 1.00270
0.66990 1.00169
0.67016 0.98319
0.67042 0.96933
0.67068 0.97000
0.67094 0.97308
0.67120 0.98545
0.67146 1.01556
0.67172 1.02559
0.67198 1.01804
0.67224 1.00376
0.67250 0.98559
0.67276 0.97041
0.67302 0.97816
0.67328 0.98813
0.67354 0.97502
0.67380 0.97878
0.67406 0.99626
0.67432 0.99864
0.67458 1.00151
0.67484 1.00110
0.67510 0.98616
0.67536 0.97648
0.67562 0.96616
0.67588 0.95086
0.67614 0.96027
0.67640 0.97563
0.67666 0.98883
0.67692 1.00247
0.67718 0.99640
0.67744 0.99025
0.67770 1.00372
0.67796 1.00618
0.67822 1.00669
0.67848 1.00998
0.67874 1.00705
0.67900 1.00325
0.67926 1.00255
0.67952 0.99635
0.67978 0.98966
0.68004 0.99389
0.68030 0.99639
0.68056 0.99201
0.68081 0.99094
0.68107 0.99638
0.68133 1.00783
0.68159 1.00888
0.68185 1.00457
0.68211 0.99817
0.68237 0.99024
0.68263 0.98595
0.68289 0.97438
0.68315 0.99935
0.68341 1.01572
0.68367 1.00515
0.68393 1.00237
0.68419 0.99166
0.68445 0.96686
0.68471 0.98031
0.68497 0.99830
0.68523 0.99181
0.68549 0.97132
0.68575 0.95660
0.68601 0.96184
0.68627 0.96932
0.68653 0.97476
0.68679 0.96652
0.68705 0.96729
0.68731 0.98456
0.68757 0.99589
0.68783 1.00203
0.68809 1.00968
0.68835 0.98986
0.68861 0.98302
0.68887 0.98910
0.68913 0.99342
0.68939 0.99794
0.68965 0.99949
0.68991 1.01079
0.69017 1.02520
0.69043 1.00835
0.69069 0.99791
0.69095 0.99594
0.69121 1.00036
0.69147 0.99162
0.69173 0.98032
0.69199 0.97636
0.69225 0.97884
0.69251 1.00672
0.69277 1.02337
0.69303 1.01254
0.69329 0.99704
0.69355 0.98838
0.69381 0.97102
0.69407 0.95883
0.69433 0.95902
0.69459 0.96003
0.69485 0.96623
0.69511 0.97126
0.69537 0.97573
0.69563 0.98125
0.69589 1.01714
0.69615 1.00566
0.69641 0.98433
0.69667 0.98881
0.69693 0.99122
0.69719 0.97961
0.69744 0.97983
0.69770 0.99288
0.69796 0.98748
0.69822 0.96557
0.69848 0.99371
0.69874 0.98032
0.69900 0.98515
0.69926 1.01136
0.69952 0.99609
0.69978 0.97705
0.70004 0.97283
0.70030 0.96855
0.70056 0.97563
0.70082 0.97273
0.70108 0.98641
0.70134 0.97590
0.70160 0.98084
0.70186 0.97594
0.70212 0.99151
0.70238 1.03361
0.70264 1.03493
0.70290 1.02280
0.70316 1.01010
0.70342 0.97729
0.70368 0.95894
0.70394 0.97580
0.70420 0.97120
0.70446 0.97253
0.70472 0.97650
0.70498 0.98832
0.70524 1.00980
0.70550 1.03111
0.70576 1.02575
0.70602 1.00659
0.70628 0.98515
0.70654 0.95768
0.70680 0.96663
0.70706 0.96069
0.70732 0.97964
0.70758 0.96554
0.70784 0.96778
0.70810 0.99852
0.70836 1.01952
0.70862 1.00902
0.70888 1.00952
0.70914 1.01656
0.70940 1.00074
0.70966 0.99244
0.70992 0.99031
0.71018 0.99462
0.71044 0.98642
0.71070 0.97768
0.71096 0.98466
0.71122 0.97569
0.71148 0.97632
0.71174 0.97636
0.71200 0.97482
0.71226 0.99291
0.71252 0.99980
0.71278 0.98980
0.71304 0.98886
0.71330 0.98880
0.71356 0.97175
0.71382 0.96807
0.71407 0.97855
0.71433 0.99221
0.71459 0.99366
0.71485 0.97579
0.71511 0.97584
0.71537 0.98358
0.71563 0.97151
0.71589 0.97252
0.71615 0.98445
0.71641 0.98271
0.71667 0.97651
0.71693 0.98530
0.71719 0.98905
0.71745 0.98133
0.71771 0.98490
0.71797 0.98751
0.71823 0.98461
0.71849 0.98443
0.71875 0.98406
0.71901 0.97852
0.71927 0.98414
0.71953 0.99911
0.71979 0.99789
0.72005 0.99609
0.72031 0.98744
0.72057 0.96573
0.72083 0.95780
0.72109 0.96075
0.72135 0.98232
0.72161 0.99923
0.72187 0.99615
0.72213 1.01244
0.72239 1.00528
0.72265 0.98150
0.72291 0.98376
0.72317 0.99081
0.72343 0.99021
0.72369 0.98451
0.72395 0.96713
0.72421 0.94962
0.72447 0.95984
0.72473 0.98430
0.72499 1.00028
0.72525 0.99626
0.72551 0.99558
0.72577 1.00758
0.72603 1.01172
0.72629 0.98689
0.72655 0.98225
0.72681 0.98848
0.72707 0.98450
0.72733 0.98516
0.72759 0.97201
0.72785 0.96742
0.72811 0.97578
0.72837 0.98232
0.72863 0.98790
0.72889 1.00379
0.72915 1.01772
0.72941 1.01018
0.72967 0.99876
0.72993 1.00110
0.73019 0.99059
0.73045 0.97817
0.73070 0.98850
0.73096 0.99897
0.73122 0.99540
0.73148 0.99928
0.73174 0.99774
0.73200 1.01284
0.73226 1.03718
0.73252 1.01809
0.73278 0.99337
0.73304 0.97261
0.73330 1.00863
0.73356 1.01111
0.73382 0.99839
0.73408 0.99905
0.73434 1.00317
0.73460 0.99994
0.73486 0.99938
0.73512 1.00400
0.73538 0.97125
0.73564 0.98577
0.73590 1.01880
0.73616 1.03236
0.73642 1.00032
0.73668 0.99938
0.73694 0.99523
0.73720 0.98038
0.73746 0.98586
0.73772 0.98593
0.73798 0.97402
0.73824 0.98335
0.73850 0.98648
0.73876 1.00064
0.73902 0.99301
0.73928 1.00903
0.73954 1.04425
0.73980 1.04104
0.74006 1.00967
0.74032 0.98901
0.74058 1.01145
0.74084 1.01475
0.74110 0.99903
0.74136 1.01067
0.74162 1.02527
0.74188 1.02079
0.74214 1.01052
0.74240 1.02544
0.74266 1.02067
0.74292 0.99177
0.74318 0.99311
0.74344 0.98340
0.74370 0.97349
0.74396 0.97519
0.74422 0.98347
0.74448 1.00317
0.74474 1.01887
0.74500 1.03349
0.74526 1.03309
0.74552 1.00510
0.74578 1.00262
0.74604 0.97927
0.74630 0.98678
0.74656 0.99935
0.74682 1.00187
0.74707 0.99093
0.74733 0.96495
0.74759 0.96555
0.74785 0.99228
0.74811 1.01371
0.74837 1.01614
0.74863 1.02026
0.74889 1.01644
0.74915 1.00729
0.74941 0.99523
0.74967 0.99258
0.74993 0.98492
0.75019 0.96646
0.75045 0.96914
0.75071 0.99260
0.75097 1.00776
0.75123 1.00190
0.75149 0.99468
0.75175 1.01338
0.75201 1.04071
0.75227 1.02950
0.75253 0.99966
0.75279 0.99024
0.75305 0.98895
0.75331 0.99091
0.75357 0.98244
0.75383 0.97567
0.75409 0.99051
0.75435 1.00053
0.75461 1.00849
0.75487 1.01693
0.75513 1.01829
0.75539 1.01599
0.75565 1.01929
0.75591 1.02761
0.75617 1.04817
0.75643 1.03989
0.75669 1.03149
0.75695 1.02108
0.75721 1.02372
0.75747 1.03202
0.75773 1.04082
0.75799 1.04624
0.75825 1.04271
0.75851 0.99840
0.75877 1.00049
0.75903 1.00925
0.75929 0.99082
0.75955 0.96034
0.75981 0.92261
0.76007 0.92795
0.76033 0.93895
0.76059 0.93212
0.76085 0.95539
0.76111 0.97496
0.76137 0.98629
0.76163 0.96615
0.76189 0.95680
0.76215 1.00666
0.76241 0.97758
0.76267 0.95998
0.76293 0.96506
0.76319 0.98220
0.76345 0.97668
0.76370 0.93904
0.76396 0.92600
0.76422 0.97021
0.76448 0.99625
0.76474 0.99926
0.76500 0.97052
0.76526 0.99499
0.76552 0.97915
0.76578 0.99226
0.76604 0.97906
0.76630 0.99223
0.76656 1.00171
0.76682 0.99410
0.76708 0.98166
0.76734 0.97303
0.76760 0.97323
0.76786 0.98244
0.76812 0.98980
0.76838 0.99984
0.76864 0.97096
0.76890 0.94822
0.76916 0.98751
0.76942 0.99014
0.76968 0.98560
0.76994 0.96928
0.77020 1.00406
0.77046 1.04286
0.77072 1.06243
0.77098 1.05866
0.77124 1.00895
0.77150 0.96344
0.77176 0.96991
0.77202 1.00990
0.77228 1.01843
0.77254 1.01418
0.77280 1.02687
0.77306 1.03616
0.77332 1.02485
0.77358 1.01016
0.77384 1.00646
0.77410 1.00083
0.77436 0.99237
0.77462 1.00617
0.77488 1.01233
0.77514 1.01267
0.77540 1.02321
0.77566 1.06317
0.77592 1.07654
0.77618 1.05665
0.77644 1.05932
0.77670 1.08951
0.77696 1.09538
0.77722 1.04198
0.77748 0.95989
0.77774 0.91909
0.77800 0.93624
0.77826 0.94709
0.77852 0.92091
0.77878 0.91617
0.77904 0.95845
0.77930 0.99343
0.77956 0.99774
0.77982 0.99441
0.78008 1.00016
0.78033 0.96255
0.78059 0.91875
0.78085 0.95630
0.78111 0.96985
0.78137 0.94908
0.78163 0.93120
0.78189 0.93309
0.78215 0.96065
0.78241 1.00353
0.78267 1.04088
0.78293 1.02817
0.78319 0.99097
0.78345 0.96847
0.78371 0.97191
0.78397 1.00007
0.78423 0.97739
0.78449 0.92608
0.78475 0.93096
0.78501 0.96809
0.78527 0.93845
0.78553 0.94903
0.78579 0.98301
0.78605 0.99147
0.78631 0.99865
0.78657 1.01261
0.78683 1.02304
0.78709 1.05214
0.78735 1.03676
0.78761 1.02202
0.78787 1.03616
0.78813 0.97003
0.78839 0.93926
0.78865 0.93816
0.78891 0.98141
0.78917 1.00146
0.78943 1.05172
0.78969 1.09624
0.78995 1.04939
0.79021 0.96988
0.79047 1.01256
0.79073 1.04930
0.79099 1.03764
0.79125 1.02096
0.79151 1.00322
0.79177 0.99680
0.79203 0.97607
0.79229 0.97497
0.79255 0.97973
0.79281 0.97181
0.79307 1.00343
0.79333 0.99472
0.79359 0.99583
0.79385 0.98232
0.79411 0.98745
0.79437 0.95445
0.79463 0.98541
0.79489 1.00278
0.79515 0.97877
0.79541 0.95757
0.79567 0.98152
0.79593 1.02368
0.79619 1.00133
0.79645 0.97150
0.79671 0.98301
0.79696 0.97597
0.79722 0.98970
0.79748 1.01506
0.79774 1.03367
0.79800 1.04724
0.79826 1.03895
0.79852 1.02715
0.79878 1.01427
0.79904 0.99692
0.79930 0.98473
0.79956 0.97445
0.79982 0.96499
0.80008 0.97373
0.80034 0.98163
0.80060 0.99253
0.80086 1.02298
0.80112 1.02090
0.80138 0.99636
0.80164 0.98901
0.80190 0.98338
0.80216 0.99254
0.80242 1.01221
0.80268 1.02406
0.80294 1.00298
0.80320 0.97949
0.80346 0.96832
0.80372 0.97737
0.80398 1.00825
0.80424 1.01490
0.80450 1.01859
0.80476 1.01042
0.80502 0.98795
0.80528 0.98950
0.80554 0.96956
0.80580 0.98672
0.80606 1.03238
0.80632 1.02263
0.80658 1.02384
0.80684 1.02493
0.80710 0.99828
0.80736 0.98175
0.80762 0.96774
0.80788 0.97872
0.80814 0.97804
0.80840 0.97186
0.80866 0.98246
0.80892 0.99748
0.80918 0.99691
0.80944 0.98205
0.80970 0.99628
0.80996 1.00728
0.81022 1.01512
0.81048 1.02937
0.81074 1.01081
0.81100 0.98124
0.81126 0.97205
0.81152 0.96444
0.81178 0.95841
0.81204 0.95703
0.81230 0.96083
0.81256 0.99208
0.81282 1.00981
0.81308 0.98016
0.81334 0.99803
0.81359 1.04318
0.81385 1.06357
0.81411 1.03631
0.81437 1.05412
0.81463 1.02884
0.81489 1.01683
0.81515 1.01007
0.81541 0.99252
0.81567 0.99256
0.81593 1.00046
0.81619 0.99935
0.81645 0.99132
0.81671 0.98008
0.81697 0.99424
0.81723 1.03529
0.81749 1.04471
0.81775 1.03523
0.81801 1.02229
0.81827 1.02508
0.81853 1.02549
0.81879 1.00309
0.81905 0.99553
0.81931 1.00191
0.81957 0.99894
0.81983 1.00061
0.82009 0.99306
0.82035 0.97430
0.82061 0.96926
0.82087 0.98542
0.82113 0.99880
0.82139 1.01457
0.82165 1.04544
0.82191 1.04997
0.82217 1.03870
0.82243 1.02249
0.82269 1.00374
0.82295 0.98198
0.82321 0.96040
0.82347 1.00279
0.82373 1.01457
0.82399 0.99196
0.82425 1.00025
0.82451 1.02603
0.82477 1.04269
0.82503 1.04717
0.82529 1.05408
0.82555 1.06623
0.82581 1.03473
0.82607 1.01557
0.82633 0.99750
0.82659 1.00115
0.82685 1.00355
0.82711 1.00910
0.82737 1.04354
0.82763 1.00960
0.82789 0.94843
0.82815 0.96375
0.82841 0.94191
0.82867 0.92839
0.82893 0.98972
0.82919 1.01976
0.82945 1.03767
0.82971 1.02665
0.82996 1.01643
0.83022 1.05267
0.83048 1.06498
0.83074 1.05448
0.83100 1.05648
0.83126 1.00407
0.83152 0.96544
0.83178 0.99884
0.83204 1.04559
0.83230 1.13024
0.83256 1.12632
0.83282 1.07806
0.83308 1.09778
0.83334 1.09282
0.83360 1.03244
0.83386 1.08542
0.83412 1.08997
0.83438 1.07615
0.83464 1.04621
0.83490 1.03229
0.83516 1.02931
0.83542 1.02385
0.83568 1.05456
0.83594 1.10379
0.83620 1.09376
0.83646 1.08696
0.83672 1.06682
0.83698 1.04719
0.83724 1.00678
0.83750 0.97415
0.83776 0.93239
0.83802 0.94850
0.83828 0.99650
0.83854 1.00270
0.83880 1.01793
0.83906 1.03398
0.83932 1.01138
0.83958 0.99104
0.83984 1.01179
0.84010 1.03862
0.84036 1.05481
0.84062 1.07496
0.84088 1.06131
0.84114 1.04392
0.84140 1.06286
0.84166 1.10185
0.84192 1.09864
0.84218 1.04816
0.84244 1.01473
0.84270 1.01623
0.84296 1.04671
0.84322 1.03409
0.84348 1.01927
0.84374 1.03446
0.84400 1.06864
0.84426 1.10007
0.84452 1.11589
0.84478 1.07618
0.84504 0.99074
0.84530 1.01406
0.84556 1.04867
0.84582 1.01221
0.84608 0.99796
0.84634 1.00845
0.84659 1.02280
0.84685 1.04480
0.84711 1.03036
0.84737 1.04846
0.84763 1.03064
0.84789 1.06374
0.84815 1.07220
0.84841 0.98919
0.84867 0.98418
0.84893 1.01266
0.84919 1.03311
0.84945 1.06061
0.84971 1.08819
0.84997 1.09193
0.85023 1.05063
0.85049 1.04857
0.85075 1.07172
0.85101 1.07827
0.85127 1.04954
0.85153 1.02442
0.85179 0.99126
0.85205 0.98799
0.85231 0.96967
0.85257 1.02520
0.85283 1.04751
0.85309 1.01998
0.85335 1.03223
0.85361 1.05031
0.85387 1.03205
0.85413 1.05934
0.85439 1.02857
0.85465 0.99827
0.85491 1.00169
0.85517 1.00808
0.85543 0.98607
0.85569 0.96911
0.85595 0.99617
0.85621 0.99371
0.85647 0.97994
0.85673 0.99207
0.85699 1.01248
0.85725 1.04610
0.85751 1.06388
0.85777 1.05853
0.85803 1.01791
0.85829 0.95711
0.85855 0.94680
0.85881 0.95948
0.85907 0.98427
0.85933 0.98408
0.85959 0.94968
0.85985 0.89420
0.86011 0.92297
0.86037 0.99829
0.86063 1.02171
0.86089 0.94124
0.86115 0.91846
0.86141 1.02323
0.86167 1.00553
0.86193 0.90004
0.86219 0.95392
0.86245 0.97414
0.86271 0.98174
0.86297 0.99110
0.86322 0.92506
0.86348 0.93447
0.86374 1.00693
0.86400 0.98122
0.86426 0.91706
0.86452 1.06442
0.86478 1.04745
0.86504 0.90476
0.86530 0.95300
0.86556 0.99324
0.86582 0.95307
0.86608 0.94075
0.86634 0.96395
0.86660 0.98119
0.86686 1.02442
0.86712 1.06476
0.86738 1.07870
0.86764 1.03523
0.86790 0.96831
0.86816 0.99868
0.86842 0.96702
0.86868 0.94051
0.86894 0.92845
0.86920 0.91079
0.86946 0.92474
0.86972 0.99901
