    0.6500   -1.0000   -1.0000         0
    0.6550   -1.0000   -1.0000         0
    0.6600   -1.0000   -1.0000         0
    0.6650   -1.0000   -1.0000         0
    0.6700   -1.0000   -1.0000         0
    0.6750   -1.0000   -1.0000         0
    0.6800   -1.0000   -1.0000         0
    0.6850   -1.0000   -1.0000         0
    0.6900   -1.0000   -1.0000         0
    0.6950   -1.0000   -1.0000         0
    0.7000   -1.0000   -1.0000         0
    0.7050   -1.0000   -1.0000         0
    0.7100   -1.0000   -1.0000         0
    0.7150   -1.0000   -1.0000         0
    0.7200   -1.0000   -1.0000         0
    0.7250   -1.0000   -1.0000         0
    0.7300   -1.0000   -1.0000         0
    0.7350   -1.0000   -1.0000         0
    0.7400   -1.0000   -1.0000         0
    0.7450   -1.0000   -1.0000         0
    0.7500   -1.0000   -1.0000         0
    0.7550   -1.0000   -1.0000         0
    0.7600   -1.0000   -1.0000         0
    0.7650   -1.0000   -1.0000         0
    0.7700    1.0756    0.0246         5
    0.7750    1.1048    0.0239         5
    0.7800    1.0780    0.0217         5
    0.7850    1.1042    0.0201         5
    0.7900    1.0705    0.0202         5
    0.7950    1.0617    0.0209         5
    0.8000    1.0482    0.0211         5
    0.8050    1.0632    0.0200         5
    0.8100    1.1131    0.0221         5
    0.8150    1.0184    0.0194         5
    0.8200    1.0527    0.0195         5
    0.8250    1.0458    0.0208         5
    0.8300    1.0379    0.0206         5
    0.8350    1.0378    0.0191         5
    0.8400    1.0512    0.0189         5
    0.8450    1.0322    0.0209         5
    0.8500    0.9987    0.0190         5
    0.8550    0.9784    0.0192         5
    0.8600    0.9776    0.0178         5
    0.8650    0.9790    0.0187         5
    0.8700    0.9874    0.0167         5
    0.8750    0.9977    0.0188         5
    0.8800    1.0038    0.0167         5
    0.8850    1.0077    0.0173         5
    0.8900    0.9863    0.0163         5
    0.8950    0.9739    0.0169         5
    0.9000    0.9925    0.0187         5
    0.9050    0.9739    0.0195         5
    0.9100    0.9441    0.0170         5
    0.9150    0.9358    0.0159         5
    0.9200    0.9205    0.0173         5
    0.9250    0.9219    0.0156         5
    0.9300    0.9432    0.0171         5
    0.9350    0.9167    0.0173         5
    0.9400    0.9087    0.0178         5
    0.9450    0.9155    0.0169         5
    0.9500    0.9051    0.0158         5
    0.9550    0.9294    0.0157         5
    0.9600    0.9473    0.0150         5
    0.9650    0.9294    0.0158         5
    0.9700    0.9300    0.0147         5
    0.9750    0.9411    0.0140         5
    0.9800    0.9697    0.0149         5
    0.9850    0.9679    0.0139         5
    0.9900    0.9363    0.0150         5
    0.9950    0.9335    0.0148         5
    1.0000    0.9546    0.0150         5
    1.0050    0.9609    0.0141         5
    1.0100    0.9580    0.0147         5
    1.0150    0.9590    0.0151         5
    1.0200    0.9715    0.0140         5
    1.0250    0.9848    0.0151         5
    1.0300    1.0029    0.0149         5
    1.0350    1.0272    0.0164         5
    1.0400    1.0246    0.0152         5
    1.0450    1.0084    0.0139         5
    1.0500    0.9862    0.0136         5
    1.0550    0.9937    0.0140         5
    1.0600    1.0031    0.0157         5
    1.0650    1.0036    0.0165         5
    1.0700    0.9875    0.0159         5
    1.0750    0.9733    0.0154         5
    1.0800    1.0202    0.0154         5
    1.0850    1.0484    0.0165         5
    1.0900    1.0327    0.0168         5
    1.0950    1.0217    0.0171         5
    1.1000    1.0282    0.0162         5
    1.1050    1.0413    0.0163         5
    1.1100    1.0506    0.0166         5
    1.1150    1.0714    0.0175         5
    1.1200    1.0840    0.0184         5
    1.1250    1.0752    0.0186         5
    1.1300    1.0691    0.0205         5
    1.1350    1.0692    0.0170         5
    1.1400    1.0641    0.0183         5
    1.1450    1.0512    0.0172         5
    1.1500    1.0868    0.0182         5
    1.1550    1.0931    0.0191         5
    1.1600    1.0823    0.0204         5
    1.1650    1.0914    0.0180         5
    1.1700    1.0965    0.0175         5
    1.1750    1.1148    0.0166         5
    1.1800    1.1414    0.0164         5
    1.1850    1.1701    0.0165         5
    1.1900    1.1677    0.0184         5
    1.1950    1.1672    0.0186         5
    1.2000    1.1443    0.0174         4
    1.2050    1.1321    0.0175         5
    1.2100    1.1617    0.0165         5
    1.2150    1.1546    0.0174         5
    1.2200    1.1267    0.0177         5
    1.2250    1.1181    0.0175         5
    1.2300    1.1062    0.0176         5
    1.2350    1.0826    0.0174         5
    1.2400    1.0877    0.0176         2
    1.2450    1.1179    0.0152         4
    1.2500    1.1549    0.0191         5
    1.2550    1.1403    0.0198         5
    1.2600    1.1092    0.0203         5
    1.2650    1.1253    0.0187         5
    1.2700    1.1610    0.0183         5
    1.2750    1.1463    0.0179         5
    1.2800    1.1521    0.0187         5
    1.2850    1.1799    0.0177         5
    1.2900    1.1644    0.0176         5
    1.2950    1.1537    0.0185         5
    1.3000    1.1565    0.0175         5
    1.3050    1.1533    0.0175         5
    1.3100    1.1805    0.0189         5
    1.3150    1.1875    0.0191         5
    1.3200    1.1758    0.0212         5
    1.3250    1.2127    0.0194         5
    1.3300    1.2367    0.0194         5
    1.3350    1.2130    0.0211         5
    1.3400    1.2083    0.0227         2
    1.3450    1.1977    0.0302         4
    1.3500    1.2447    0.0387         3
    1.3550    1.1780    0.0633         1
    1.3600    1.2466    0.0798         3
    1.3650    1.2220    0.0662         5
    1.3700    1.2191    0.0625         5
    1.3750    1.1935    0.0594         5
    1.3800    1.2086    0.0499         5
    1.3850    1.2101    0.0458         5
    1.3900    1.2191    0.0466         1
    1.3950    1.2316    0.0452         5
    1.4000    1.2768    0.0473         4
    1.4050    1.2904    0.0397         3
    1.4100    1.2604    0.0327         3
    1.4150    1.2893    0.0330         5
    1.4200    1.2955    0.0286         4
    1.4250    1.2645    0.0313         5
    1.4300    1.2252    0.0275         5
    1.4350    1.2298    0.0289         5
    1.4400    1.3085    0.0287         5
    1.4450    1.3187    0.0241         5
    1.4500    1.2398    0.0258         5
    1.4550    1.2354    0.0225         5
    1.4600    1.3027    0.0238         5
    1.4650    1.3087    0.0247         5
    1.4700    1.2765    0.0255         5
    1.4750    1.3236    0.0275         5
    1.4800    1.3598    0.0269         5
    1.4850    1.3397    0.0230         5
    1.4900    1.3277    0.0217         5
    1.4950    1.3139    0.0236         2
    1.5000   -1.0000   -1.0000         0
    1.5050    1.2821    0.0207         4
    1.5100    1.2927    0.0199         5
    1.5150    1.2934    0.0197         5
    1.5200    1.3354    0.0197         5
    1.5250    1.4111    0.0208         5
    1.5300    1.4356    0.0207         5
    1.5350    1.3887    0.0246         5
    1.5400    1.3883    0.0215         5
    1.5450    1.4373    0.0203         5
    1.5500    1.3912    0.0227         5
    1.5550    1.3316    0.0236         5
    1.5600    1.3616    0.0236         5
    1.5650    1.3530    0.0223         5
    1.5700    1.3622    0.0195         5
    1.5750    1.3879    0.0219         5
    1.5800    1.3656    0.0229         5
    1.5850    1.3312    0.0213         5
    1.5900    1.3314    0.0229         5
    1.5950    1.3360    0.0281         5
    1.6000    1.4029    0.0221         5
    1.6050    1.4313    0.0247         5
    1.6100    1.3916    0.0244         5
    1.6150    1.3966    0.0224         5
    1.6200    1.4395    0.0221         5
    1.6250    1.4413    0.0214         5
    1.6300    1.4120    0.0243         5
    1.6350    1.4208    0.0251         5
    1.6400    1.4487    0.0255         5
    1.6450    1.4037    0.0255         5
    1.6500    1.3192    0.0265         5
    1.6550    1.3728    0.0245         5
    1.6600    1.4098    0.0243         5
    1.6650    1.4066    0.0271         5
    1.6700    1.4256    0.0246         5
    1.6750    1.3638    0.0254         5
    1.6800    1.2955    0.0264         5
    1.6850    1.2973    0.0272         5
    1.6900    1.3667    0.0249         5
    1.6950    1.3910    0.0258         5
    1.7000    1.4123    0.0261         5
    1.7050    1.3991    0.0253         5
    1.7100    1.3072    0.0259         5
    1.7150    1.2370    0.0269         5
    1.7200    1.2633    0.0224         5
    1.7250    1.3451    0.0268         5
    1.7300    1.3566    0.0290         5
    1.7350    1.3340    0.0273         5
    1.7400    1.4100    0.0292         5
    1.7450   -1.0000   -1.0000         0
    1.7500    1.4401    0.0278         5
    1.7550    1.3328    0.0278         5
    1.7600    1.3261    0.0278         5
    1.7650    1.3678    0.0250         5
    1.7700    1.2672    0.0282         5
    1.7750    1.2551    0.0292         5
    1.7800    1.3869    0.0309         5
    1.7850    1.2532    0.0308         5
    1.7900    1.1697    0.0349         5
    1.7950    1.3298    0.0388         5
    1.8000    1.2674    0.0376         5
    1.8050    1.1802    0.0403         5
    1.8100    1.3417    0.0464         5
    1.8150    1.3688    0.0543         5
    1.8200    1.2468    0.0646         5
    1.8250    1.2805    0.0727         5
    1.8300    1.2542    0.0947         5
    1.8350    1.1859    0.1381         5
    1.8400    1.1353    0.1273         5
    1.8450    1.2777    0.1216         5
    1.8500    1.3944    0.1229         1
    1.8550    1.3025    0.1242         4
    1.8600    1.1545    0.1025         2
    1.8650   -1.0000   -1.0000         0
    1.8700    1.1015    0.1435         5
    1.8750    1.0776    0.1295         5
    1.8800    1.2544    0.0843         4
    1.8850    1.3559    0.0609         5
    1.8900    1.3457    0.0874         5
    1.8950    1.2928    0.0948         5
    1.9000    1.1076    0.1303         4
    1.9050    1.1183    0.1082         5
    1.9100    1.1601    0.0909         1
    1.9150    1.3063    0.0804         5
    1.9200    1.3459    0.0774         5
    1.9250    1.4331    0.0659         2
    1.9300    1.2337    0.0687         5
    1.9350    1.1231    0.0576         5
    1.9400    1.0734    0.0521         5
    1.9450    1.2180    0.0450         5
    1.9500    1.4346    0.0475         2
    1.9550    1.4161    0.0547         4
    1.9600    1.2652    0.0528         5
    1.9650    1.2279    0.0420         5
    1.9700    1.2883    0.0392         5
    1.9750    1.2777    0.0331         5
    1.9800    1.2422    0.0335         5
    1.9850    1.2484    0.0366         5
    1.9900    1.2768    0.0383         5
    1.9950    1.2608    0.0408         5
    2.0000    1.1826    0.0594         5
    2.0050    1.1210    0.0623         5
    2.0100    1.1326    0.0551         5
    2.0150    1.3500    0.0514         5
    2.0200    1.3463    0.0464         5
    2.0250    1.2924    0.0371         5
    2.0300    1.2270    0.0368         5
    2.0350    1.2149    0.0355         5
    2.0400    1.3601    0.0349         5
    2.0450    1.4285    0.0454         5
    2.0500    1.3235    0.0450         5
    2.0550    1.1439    0.0463         5
    2.0600    1.1567    0.0453         5
    2.0650    1.3962    0.0422         5
    2.0700    1.4288    0.0461         5
    2.0750    1.2865    0.0476         5
    2.0800    1.4277    0.0395         5
    2.0850    1.4023    0.0390         5
    2.0900    1.2636    0.0442         5
    2.0950    1.3185    0.0401         5
    2.1000    1.4026    0.0402         5
    2.1050    1.4288    0.0391         5
    2.1100    1.3253    0.0407         5
    2.1150    1.3084    0.0421         5
    2.1200    1.4591    0.0390         5
    2.1250    1.4884    0.0415         5
    2.1300    1.3695    0.0430         5
    2.1350    1.2748    0.0430         5
    2.1400    1.3901    0.0407         5
    2.1450    1.4934    0.0427         5
    2.1500    1.4082    0.0449         5
    2.1550    1.2909    0.0454         5
    2.1600    1.2111    0.0464         5
    2.1650    1.2590    0.0426         5
    2.1700    1.3035    0.0431         5
    2.1750    1.2095    0.0410         5
    2.1800    1.2134    0.0409         5
    2.1850    1.3307    0.0448         5
    2.1900    1.4224    0.0433         5
    2.1950    1.4985    0.0428         5
    2.2000    1.2671    0.0470         5
    2.2050   -1.0000   -1.0000         0
    2.2100    1.3005    0.0413         5
    2.2150    1.4467    0.0439         5
    2.2200    1.3249    0.0443         5
    2.2250    1.1977    0.0461         5
    2.2300    1.3251    0.0427         5
    2.2350    1.3908    0.0466         5
    2.2400    1.2377    0.0487         5
    2.2450    1.2418    0.0468         5
    2.2500    1.3296    0.0485         5
    2.2550    1.2979    0.0456         5
    2.2600    1.2958    0.0452         5
    2.2650    1.2872    0.0443         5
    2.2700    1.2800    0.0471         5
    2.2750    1.2167    0.0469         5
    2.2800    1.2185    0.0473         5
    2.2850    1.3591    0.0453         5
    2.2900   -1.0000   -1.0000         0
    2.2950   -1.0000   -1.0000         0
    2.3000   -1.0000   -1.0000         0
    2.3050   -1.0000   -1.0000         0
    2.3100   -1.0000   -1.0000         0
    2.3150   -1.0000   -1.0000         0
    2.3200   -1.0000   -1.0000         0
    2.3250   -1.0000   -1.0000         0
    2.3300   -1.0000   -1.0000         0
    2.3350   -1.0000   -1.0000         0
    2.3400   -1.0000   -1.0000         0
    2.3450   -1.0000   -1.0000         0
    2.3500   -1.0000   -1.0000         0
    2.3550   -1.0000   -1.0000         0
    2.3600   -1.0000   -1.0000         0
    2.3650   -1.0000   -1.0000         0
    2.3700   -1.0000   -1.0000         0
    2.3750   -1.0000   -1.0000         0
    2.3800   -1.0000   -1.0000         0
    2.3850   -1.0000   -1.0000         0
    2.3900   -1.0000   -1.0000         0
    2.3950   -1.0000   -1.0000         0
    2.4000   -1.0000   -1.0000         0
    2.4050   -1.0000   -1.0000         0
    2.4100   -1.0000   -1.0000         0
    2.4150   -1.0000   -1.0000         0
    2.4200   -1.0000   -1.0000         0
    2.4250   -1.0000   -1.0000         0
    2.4300   -1.0000   -1.0000         0
    2.4350   -1.0000   -1.0000         0
    2.4400   -1.0000   -1.0000         0
    2.4450   -1.0000   -1.0000         0
    2.4500   -1.0000   -1.0000         0
    2.4550   -1.0000   -1.0000         0
    2.4600   -1.0000   -1.0000         0
    2.4650   -1.0000   -1.0000         0
    2.4700   -1.0000   -1.0000         0
    2.4750   -1.0000   -1.0000         0
    2.4800   -1.0000   -1.0000         0
    2.4850   -1.0000   -1.0000         0
    2.4900   -1.0000   -1.0000         0
