    0.6500   -1.0000   -1.0000         0
    0.6550   -1.0000   -1.0000         0
    0.6600   -1.0000   -1.0000         0
    0.6650   -1.0000   -1.0000         0
    0.6700   -1.0000   -1.0000         0
    0.6750   -1.0000   -1.0000         0
    0.6800   -1.0000   -1.0000         0
    0.6850   -1.0000   -1.0000         0
    0.6900   -1.0000   -1.0000         0
    0.6950    1.1122    0.1187         4
    0.7000    1.1644    0.1071         4
    0.7050    1.0706    0.1020         4
    0.7100    1.2056    0.0917         4
    0.7150    1.1108    0.0788         4
    0.7200    1.0327    0.0688         4
    0.7250    0.9925    0.0586         4
    0.7300    1.1558    0.0654         4
    0.7350    1.0353    0.0602         4
    0.7400    1.0292    0.0526         4
    0.7450    1.0359    0.0538         4
    0.7500    1.1279    0.0547         4
    0.7550    1.0515    0.0552         4
    0.7600    1.1039    0.0521         4
    0.7650    0.9604    0.0443         4
    0.7700    1.0827    0.0454         4
    0.7750    1.0384    0.0455         4
    0.7800    1.0505    0.0447         4
    0.7850    0.9490    0.0450         4
    0.7900    0.9661    0.0441         4
    0.7950    1.0491    0.0405         4
    0.8000    1.0038    0.0428         4
    0.8050    1.1183    0.0481         4
    0.8100    1.0568    0.0450         4
    0.8150    1.0376    0.0413         4
    0.8200    1.0416    0.0394         4
    0.8250    1.0541    0.0411         4
    0.8300    1.0299    0.0410         4
    0.8350    0.9893    0.0381         4
    0.8400    0.9587    0.0404         4
    0.8450    0.9743    0.0418         4
    0.8500    1.0006    0.0373         4
    0.8550    1.0320    0.0363         4
    0.8600    0.9960    0.0397         4
    0.8650    0.9175    0.0357         4
    0.8700    0.9325    0.0343         4
    0.8750    0.9550    0.0367         4
    0.8800    0.9548    0.0349         4
    0.8850    0.8810    0.0387         4
    0.8900    0.8677    0.0338         4
    0.8950    0.9438    0.0345         4
    0.9000    0.9555    0.0401         4
    0.9050    0.9706    0.0347         4
    0.9100    0.9702    0.0389         4
    0.9150    0.8938    0.0371         4
    0.9200    0.8695    0.0327         4
    0.9250    0.9280    0.0338         4
    0.9300    0.9425    0.0390         4
    0.9350    0.8548    0.0379         4
    0.9400    0.8013    0.0345         4
    0.9450    0.8372    0.0355         4
    0.9500    0.8841    0.0355         4
    0.9550    0.8679    0.0346         4
    0.9600    0.8621    0.0325         4
    0.9650    0.9014    0.0314         4
    0.9700    0.9350    0.0326         4
    0.9750    0.9376    0.0300         4
    0.9800    0.9196    0.0321         4
    0.9850    0.9412    0.0303         4
    0.9900    0.9507    0.0290         4
    0.9950    0.9076    0.0288         4
    1.0000    0.8923    0.0281         4
    1.0050    0.9164    0.0276         4
    1.0100    0.9665    0.0265         4
    1.0150    0.9746    0.0304         4
    1.0200    0.9552    0.0284         4
    1.0250    0.9709    0.0300         4
    1.0300    0.9609    0.0308         4
    1.0350    0.9852    0.0294         4
    1.0400    0.9737    0.0280         4
    1.0450    0.9629    0.0291         4
    1.0500    1.0167    0.0296         4
    1.0550    1.0193    0.0288         4
    1.0600    0.9839    0.0286         4
    1.0650    0.9786    0.0288         4
    1.0700    1.0175    0.0325         4
    1.0750    1.0538    0.0297         4
    1.0800    1.0380    0.0302         4
    1.0850    0.9886    0.0330         4
    1.0900    0.9566    0.0296         4
    1.0950    0.9024    0.0315         4
    1.1000    0.8579    0.0317         2
    1.1050   -1.0000   -1.0000         0
    1.1100    0.9645    0.0345         1
    1.1150    0.9954    0.0385         4
    1.1200    1.0225    0.0412         4
    1.1250    0.9137    0.0438         3
    1.1300   -1.0000   -1.0000         0
    1.1350    0.8899    0.0359         2
    1.1400    0.9394    0.0369         4
    1.1450    0.9623    0.0382         4
    1.1500    0.9395    0.0377         4
    1.1550    0.9727    0.0393         4
    1.1600    1.0095    0.0411         4
    1.1650    1.0447    0.0354         4
    1.1700    1.0777    0.0346         4
    1.1750    1.0409    0.0341         4
    1.1800    1.0152    0.0345         4
    1.1850    1.0113    0.0355         4
    1.1900    0.9988    0.0344         4
    1.1950    0.9970    0.0324         4
    1.2000    1.0233    0.0326         4
    1.2050    1.0530    0.0370         4
    1.2100    1.0404    0.0367         4
    1.2150    1.0353    0.0350         4
    1.2200    1.0107    0.0307         4
    1.2250    1.0037    0.0317         4
    1.2300    0.9738    0.0350         4
    1.2350    0.9584    0.0344         4
    1.2400    1.0556    0.0351         4
    1.2450    1.0658    0.0332         4
    1.2500    1.0806    0.0333         4
    1.2550    1.0681    0.0371         4
    1.2600    1.0177    0.0371         4
    1.2650    1.0980    0.0357         4
    1.2700    1.1411    0.0366         4
    1.2750    1.0891    0.0363         4
    1.2800    1.0287    0.0350         4
    1.2850    1.1160    0.0354         4
    1.2900    1.1324    0.0388         4
    1.2950    1.0513    0.0357         4
    1.3000    1.0572    0.0347         4
    1.3050    1.0302    0.0340         4
    1.3100    1.0224    0.0386         4
    1.3150    1.0349    0.0375         4
    1.3200    1.0355    0.0378         4
    1.3250    1.0563    0.0380         4
    1.3300    1.0593    0.0389         4
    1.3350    0.9879    0.0427         4
    1.3400    0.9647    0.0546         4
    1.3450    1.0251    0.0516         1
    1.3500    1.0770    0.0780         2
    1.3550    1.0138    0.0797         1
    1.3600    1.0292    0.1838         2
    1.3650   -1.0000   -1.0000         0
    1.3700    0.9660    0.3471         3
    1.3750    1.0024    0.2941         2
    1.3800    0.9932    0.2261         3
    1.3850    1.0081    0.1736         4
    1.3900    0.9917    0.1790         3
    1.3950   -1.0000   -1.0000         0
    1.4000   -1.0000   -1.0000         0
    1.4050   -1.0000   -1.0000         0
    1.4100    0.9595    0.1002         2
    1.4150    1.0489    0.0926         4
    1.4200    1.0141    0.0765         4
    1.4250    0.9714    0.0743         1
    1.4300    0.9449    0.0622         4
    1.4350    1.1680    0.0746         4
    1.4400    0.9769    0.0604         4
    1.4450    1.1024    0.0552         4
    1.4500    1.1767    0.0587         4
    1.4550    1.0940    0.0501         4
    1.4600    1.1994    0.0559         4
    1.4650    1.0952    0.0574         4
    1.4700    1.0004    0.0506         4
    1.4750    1.0074    0.0475         4
    1.4800    1.2372    0.0505         4
    1.4850    1.2650    0.0548         4
    1.4900    1.1432    0.0477         4
    1.4950    1.0823    0.0430         4
    1.5000    0.9806    0.0433         4
    1.5050    0.9541    0.0451         4
    1.5100    1.2664    0.0394         4
    1.5150    1.2320    0.0405         1
    1.5200    1.1167    0.0371         4
    1.5250    0.9173    0.0337         4
    1.5300    0.9584    0.0351         4
    1.5350    1.0796    0.0374         4
    1.5400    1.2409    0.0423         4
    1.5450    1.2309    0.0391         4
    1.5500    1.1155    0.0400         4
    1.5550    1.1070    0.0406         4
    1.5600    1.2074    0.0429         4
    1.5650    1.1729    0.0382         4
    1.5700    1.0592    0.0442         4
    1.5750    0.8941    0.0351         4
    1.5800    0.8922    0.0373         4
    1.5850    1.0498    0.0388         4
    1.5900    1.1547    0.0427         4
    1.5950    1.1500    0.0447         4
    1.6000    1.0867    0.0367         4
    1.6050    1.0653    0.0400         4
    1.6100    1.0986    0.0384         4
    1.6150    1.0459    0.0382         4
    1.6200    0.9615    0.0358         4
    1.6250    0.9188    0.0415         4
    1.6300    1.0229    0.0374         4
    1.6350    1.1298    0.0430         4
    1.6400    1.0422    0.0346         4
    1.6450    1.1020    0.0407         4
    1.6500    1.1810    0.0471         4
    1.6550    1.1058    0.0374         4
    1.6600    0.9327    0.0325         4
    1.6650    0.8975    0.0390         4
    1.6700    0.9469    0.0359         4
    1.6750    0.9012    0.0346         4
    1.6800    0.9398    0.0396         4
    1.6850    0.9880    0.0359         4
    1.6900    1.1356    0.0406         4
    1.6950   -1.0000   -1.0000         0
    1.7000   -1.0000   -1.0000         0
    1.7050    1.1857    0.0447         4
    1.7100    1.0526    0.0441         4
    1.7150    1.0679    0.0495         4
    1.7200    1.0529    0.0486         4
    1.7250    1.0143    0.0385         4
    1.7300    1.0889    0.0468         4
    1.7350    1.1867    0.0503         4
    1.7400    1.0297    0.0472         4
    1.7450    0.9795    0.0455         4
    1.7500    1.0502    0.0482         4
    1.7550    1.0194    0.0462         4
    1.7600    0.8741    0.0482         4
    1.7650    0.9017    0.0446         4
    1.7700    0.9553    0.0513         4
    1.7750    1.0825    0.0458         4
    1.7800    1.0780    0.0514         4
    1.7850    1.0929    0.0581         4
    1.7900    1.0701    0.0579         4
    1.7950    1.2635    0.0664         4
    1.8000    1.2235    0.0626         4
    1.8050    1.1155    0.0830         4
    1.8100   -1.0000   -1.0000         0
    1.8150    1.2111    0.1083         4
    1.8200    0.8346    0.1103         4
    1.8250   -1.0000   -1.0000         0
    1.8300   -1.0000   -1.0000         0
    1.8350   -1.0000   -1.0000         0
    1.8400    0.8017    0.4184         4
    1.8450   -1.0000   -1.0000         0
    1.8500    0.6732    0.4996         4
    1.8550   -1.0000   -1.0000         0
    1.8600   -1.0000   -1.0000         0
    1.8650    1.1224    0.8519         4
    1.8700    1.2419    0.5551         2
    1.8750    1.2201    0.9041         4
    1.8800    1.2585    0.3484         2
    1.8850    0.6547    0.2469         4
    1.8900   -1.0000   -1.0000         0
    1.8950    0.8857    0.2977         4
    1.9000    0.7952    0.2921         4
    1.9050    0.8039    0.4178         4
    1.9100    0.9992    0.4273         4
    1.9150   -1.0000   -1.0000         0
    1.9200    0.7778    0.3441         4
    1.9250    0.7404    0.1449         4
    1.9300   -1.0000   -1.0000         0
    1.9350    0.7141    0.1244         4
    1.9400   -1.0000   -1.0000         0
    1.9450   -1.0000   -1.0000         0
    1.9500    0.7051    0.0910         4
    1.9550    0.7332    0.0872         4
    1.9600    0.8342    0.1097         4
    1.9650    0.8552    0.0955         4
    1.9700    0.7561    0.0819         4
    1.9750    0.7375    0.0702         4
    1.9800    0.7301    0.0611         4
    1.9850    0.8690    0.0697         4
    1.9900    0.9618    0.0617         4
    1.9950    1.1220    0.0760         4
    2.0000    1.3148    0.0802         1
    2.0050    1.2682    0.0862         1
    2.0100    1.1216    0.1217         4
    2.0150    0.9677    0.0988         4
    2.0200    0.9535    0.0912         4
    2.0250    0.7783    0.0744         4
    2.0300    0.7757    0.0636         4
    2.0350    0.9088    0.0588         4
    2.0400    0.7707    0.0627         4
    2.0450    0.8228    0.0636         4
    2.0500    0.7460    0.0652         4
    2.0550    0.6935    0.0810         4
    2.0600    0.9159    0.0714         4
    2.0650    0.9189    0.0680         4
    2.0700    0.9619    0.0729         4
    2.0750    1.1398    0.0769         4
    2.0800    1.0591    0.0689         4
    2.0850    0.9244    0.0648         4
    2.0900    0.9898    0.0649         4
    2.0950    0.9164    0.0739         4
    2.1000    0.8378    0.0620         4
    2.1050    1.0306    0.0669         4
    2.1100    1.1820    0.0656         4
    2.1150    1.1490    0.0702         4
    2.1200    0.9956    0.0631         4
    2.1250    0.8430    0.0627         4
    2.1300    0.7507    0.0660         4
    2.1350    0.9820    0.0740         4
    2.1400    1.1727    0.0728         4
    2.1450    0.9791    0.0665         4
    2.1500    1.1226    0.0779         4
    2.1550    1.2799    0.0757         4
    2.1600    1.2000    0.0738         4
    2.1650    1.0628    0.0777         4
    2.1700    1.1418    0.0808         4
    2.1750    0.9283    0.0664         4
    2.1800    0.9806    0.0804         4
    2.1850    1.2878    0.0749         4
    2.1900    1.1411    0.0790         4
    2.1950    1.1407    0.0778         4
    2.2000    1.0877    0.0739         4
    2.2050    0.9696    0.0718         4
    2.2100    1.0871    0.0757         4
    2.2150    1.2372    0.0824         4
    2.2200    1.2360    0.0791         4
    2.2250    1.0811    0.0770         4
    2.2300    0.9837    0.0740         4
    2.2350    0.9681    0.0803         4
    2.2400    0.8087    0.0684         4
    2.2450    1.0233    0.0826         4
    2.2500    1.1494    0.0866         4
    2.2550    1.1355    0.0835         4
    2.2600    0.9970    0.0792         4
    2.2650    0.9294    0.0886         4
    2.2700    1.0062    0.0761         4
    2.2750    0.7625    0.0700         4
    2.2800    0.6483    0.0731         4
    2.2850   -1.0000   -1.0000         0
    2.2900    0.7362    0.0888         4
    2.2950    0.9250    0.0847         4
    2.3000    1.0764    0.0979         4
    2.3050    1.2598    0.0960         4
    2.3100    1.0904    0.0902         4
    2.3150    0.7880    0.0748         4
    2.3200    0.9270    0.0942         4
    2.3250   -1.0000   -1.0000         0
    2.3300    1.2291    0.0827         4
    2.3350    1.2427    0.0996         4
    2.3400   -1.0000   -1.0000         0
    2.3450    0.9224    0.0943         4
    2.3500    0.7056    0.0997         4
    2.3550    0.9936    0.1170         4
    2.3600    0.9954    0.0891         4
    2.3650    0.6121    0.0908         4
    2.3700    0.8980    0.1145         4
    2.3750    1.0314    0.0963         4
    2.3800    1.0294    0.1303         4
    2.3850   -1.0000   -1.0000         0
    2.3900    0.6975    0.1001         4
    2.3950    0.8591    0.1221         4
    2.4000   -1.0000   -1.0000         0
    2.4050   -1.0000   -1.0000         0
    2.4100    0.9961    0.1028         4
    2.4150    0.9973    0.1167         4
    2.4200    0.9068    0.0942         4
    2.4250    0.5885    0.1123         4
    2.4300    0.9454    0.1069         4
    2.4350   -1.0000   -1.0000         0
    2.4400   -1.0000   -1.0000         0
    2.4450   -1.0000   -1.0000         0
    2.4500   -1.0000   -1.0000         0
    2.4550    0.8607    0.1070         4
    2.4600    0.6225    0.1119         4
    2.4650    0.8129    0.0957         4
    2.4700   -1.0000   -1.0000         0
    2.4750   -1.0000   -1.0000         0
    2.4800    0.9797    0.1678         4
    2.4850    0.7362    0.1495         4
    2.4900   -1.0000   -1.0000         0
