    0.6500   -1.0000   -1.0000         0
    0.6550   -1.0000   -1.0000         0
    0.6600   -1.0000   -1.0000         0
    0.6650   -1.0000   -1.0000         0
    0.6700   -1.0000   -1.0000         0
    0.6750   -1.0000   -1.0000         0
    0.6800   -1.0000   -1.0000         0
    0.6850   -1.0000   -1.0000         0
    0.6900   -1.0000   -1.0000         0
    0.6950   -1.0000   -1.0000         0
    0.7000   -1.0000   -1.0000         0
    0.7050   -1.0000   -1.0000         0
    0.7100   -1.0000   -1.0000         0
    0.7150   -1.0000   -1.0000         0
    0.7200   -1.0000   -1.0000         0
    0.7250   -1.0000   -1.0000         0
    0.7300   -1.0000   -1.0000         0
    0.7350   -1.0000   -1.0000         0
    0.7400   -1.0000   -1.0000         0
    0.7450   -1.0000   -1.0000         0
    0.7500   -1.0000   -1.0000         0
    0.7550   -1.0000   -1.0000         0
    0.7600   -1.0000   -1.0000         0
    0.7650   -1.0000   -1.0000         0
    0.7700   -1.0000   -1.0000         0
    0.7750    0.9958    0.0094         3
    0.7800    0.9959    0.0092         3
    0.7850    1.0040    0.0092         3
    0.7900    0.9910    0.0093         3
    0.7950    0.9952    0.0089         3
    0.8000    0.9836    0.0088         3
    0.8050    0.9874    0.0089         3
    0.8100    0.9982    0.0088         3
    0.8150    0.9977    0.0088         3
    0.8200    0.9784    0.0086         3
    0.8250    0.9878    0.0086         3
    0.8300    0.9796    0.0086         3
    0.8350    0.9655    0.0083         3
    0.8400    0.9683    0.0082         3
    0.8450    0.9724    0.0083         3
    0.8500    0.9632    0.0084         3
    0.8550   -1.0000   -1.0000         0
    0.8600    0.9580    0.0081         2
    0.8650    0.9608    0.0079         3
    0.8700    0.9709    0.0080         3
    0.8750    0.9735    0.0079         3
    0.8800    0.9746    0.0076         3
    0.8850    0.9638    0.0082         3
    0.8900    0.9504    0.0078         3
    0.8950    0.9640    0.0074         3
    0.9000    0.9686    0.0075         3
    0.9050    0.9574    0.0074         3
    0.9100    0.9556    0.0072         3
    0.9150    0.9693    0.0072         3
    0.9200    0.9634    0.0072         3
    0.9250    0.9573    0.0071         3
    0.9300    0.9604    0.0074         3
    0.9350    0.9654    0.0074         3
    0.9400    0.9648    0.0074         3
    0.9450    0.9544    0.0074         3
    0.9500    0.9609    0.0072         3
    0.9550    0.9637    0.0072         3
    0.9600    0.9661    0.0071         3
    0.9650    0.9669    0.0070         3
    0.9700    0.9685    0.0068         3
    0.9750    0.9668    0.0068         3
    0.9800    0.9646    0.0069         3
    0.9850    0.9600    0.0071         3
    0.9900    0.9652    0.0068         3
    0.9950    0.9674    0.0066         3
    1.0000    0.9676    0.0067         3
    1.0050    0.9795    0.0067         3
    1.0100    0.9819    0.0067         3
    1.0150    0.9809    0.0066         3
    1.0200    0.9736    0.0064         3
    1.0250    0.9897    0.0067         3
    1.0300    0.9987    0.0068         2
    1.0350    1.0033    0.0067         3
    1.0400    0.9983    0.0066         3
    1.0450    1.0050    0.0067         3
    1.0500    0.9941    0.0067         3
    1.0550    0.9931    0.0064         3
    1.0600    1.0084    0.0065         3
    1.0650    1.0084    0.0066         3
    1.0700    1.0165    0.0071         3
    1.0750    1.0156    0.0068         3
    1.0800    1.0151    0.0071         3
    1.0850    1.0165    0.0071         3
    1.0900    1.0230    0.0070         3
    1.0950    1.0181    0.0072         3
    1.1000    1.0231    0.0074         3
    1.1050    1.0315    0.0072         3
    1.1100    1.0381    0.0072         3
    1.1150    1.0362    0.0074         3
    1.1200    1.0405    0.0077         3
    1.1250    1.0474    0.0079         3
    1.1300    1.0558    0.0081         3
    1.1350    1.0588    0.0084         3
    1.1400    1.0665    0.0083         3
    1.1450    1.0738    0.0085         3
    1.1500    1.0751    0.0080         3
    1.1550    1.0764    0.0085         3
    1.1600    1.0898    0.0082         3
    1.1650    1.1006    0.0078         3
    1.1700    1.0908    0.0078         3
    1.1750    1.0928    0.0076         3
    1.1800    1.0965    0.0078         3
    1.1850    1.0955    0.0077         3
    1.1900    1.0983    0.0083         3
    1.1950    1.1098    0.0078         3
    1.2000    1.1235    0.0083         3
    1.2050    1.1130    0.0090         3
    1.2100    1.1075    0.0089         3
    1.2150    1.1233    0.0085         3
    1.2200    1.1281    0.0089         3
    1.2250    1.1226    0.0080         3
    1.2300    1.1423    0.0085         3
    1.2350    1.1368    0.0084         3
    1.2400    1.1355    0.0086         3
    1.2450    1.1475    0.0087         3
    1.2500    1.1447    0.0085         3
    1.2550    1.1489    0.0081         3
    1.2600    1.1496    0.0084         3
    1.2650    1.1546    0.0088         3
    1.2700    1.1557    0.0093         3
    1.2750    1.1395    0.0087         3
    1.2800    1.1500    0.0092         3
    1.2850    1.1556    0.0087         3
    1.2900    1.1601    0.0089         3
    1.2950    1.1508    0.0086         3
    1.3000    1.1475    0.0088         3
    1.3050    1.1604    0.0085         3
    1.3100    1.1627    0.0087         3
    1.3150    1.1890    0.0089         3
    1.3200    1.1982    0.0087         2
    1.3250    1.2007    0.0087         2
    1.3300    1.1841    0.0089         3
    1.3350    1.1795    0.0089         3
    1.3400    1.1826    0.0094         3
    1.3450    1.1881    0.0118         2
    1.3500    1.1952    0.0120         1
    1.3550    1.2136    0.0153         1
    1.3600   -1.0000   -1.0000         0
    1.3650   -1.0000   -1.0000         0
    1.3700    1.2172    0.0195         2
    1.3750    1.1995    0.0194         2
    1.3800    1.1969    0.0168         2
    1.3850   -1.0000   -1.0000         0
    1.3900    1.2324    0.0176         3
    1.3950    1.2222    0.0160         3
    1.4000   -1.0000   -1.0000         0
    1.4050    1.2334    0.0162         2
    1.4100   -1.0000   -1.0000         0
    1.4150    1.2242    0.0136         3
    1.4200    1.2321    0.0131         3
    1.4250    1.2580    0.0125         3
    1.4300    1.2625    0.0128         2
    1.4350    1.2575    0.0130         3
    1.4400    1.2476    0.0119         3
    1.4450    1.2660    0.0120         3
    1.4500    1.2767    0.0117         3
    1.4550    1.2617    0.0117         3
    1.4600    1.2533    0.0116         3
    1.4650    1.2868    0.0116         2
    1.4700    1.2974    0.0122         1
    1.4750    1.2626    0.0108         3
    1.4800   -1.0000   -1.0000         0
    1.4850    1.2582    0.0111         3
    1.4900    1.3031    0.0113         3
    1.4950    1.2891    0.0109         3
    1.5000    1.2780    0.0106         3
    1.5050    1.2792    0.0108         3
    1.5100    1.2749    0.0103         3
    1.5150    1.2819    0.0102         3
    1.5200    1.2761    0.0110         3
    1.5250   -1.0000   -1.0000         0
    1.5300    1.2826    0.0100         3
    1.5350   -1.0000   -1.0000         0
    1.5400   -1.0000   -1.0000         0
    1.5450    1.3043    0.0102         3
    1.5500    1.3009    0.0103         3
    1.5550    1.2970    0.0101         3
    1.5600    1.3089    0.0103         3
    1.5650    1.3052    0.0106         3
    1.5700    1.2991    0.0108         3
    1.5750    1.2995    0.0110         3
    1.5800    1.2950    0.0115         3
    1.5850    1.2969    0.0105         3
    1.5900    1.3041    0.0113         3
    1.5950   -1.0000   -1.0000         0
    1.6000    1.2824    0.0108         3
    1.6050    1.2901    0.0115         3
    1.6100    1.3019    0.0116         3
    1.6150    1.2888    0.0116         3
    1.6200    1.2831    0.0111         3
    1.6250   -1.0000   -1.0000         0
    1.6300    1.2878    0.0107         3
    1.6350    1.2849    0.0109         3
    1.6400    1.2946    0.0106         3
    1.6450   -1.0000   -1.0000         0
    1.6500   -1.0000   -1.0000         0
    1.6550    1.2879    0.0114         3
    1.6600    1.2764    0.0115         3
    1.6650    1.2633    0.0112         3
    1.6700    1.2768    0.0111         3
    1.6750    1.2806    0.0120         3
    1.6800    1.2919    0.0112         3
    1.6850    1.2805    0.0121         3
    1.6900    1.2572    0.0110         3
    1.6950   -1.0000   -1.0000         0
    1.7000    1.2605    0.0113         3
    1.7050    1.2776    0.0125         3
    1.7100    1.2769    0.0125         3
    1.7150    1.2734    0.0115         3
    1.7200    1.2431    0.0112         3
    1.7250    1.2748    0.0118         3
    1.7300   -1.0000   -1.0000         0
    1.7350    1.2605    0.0130         3
    1.7400    1.2519    0.0122         3
    1.7450   -1.0000   -1.0000         0
    1.7500    1.2661    0.0123         3
    1.7550    1.2330    0.0134         3
    1.7600    1.2336    0.0131         3
    1.7650    1.2672    0.0130         3
    1.7700    1.2654    0.0128         3
    1.7750    1.2530    0.0131         3
    1.7800    1.2586    0.0129         3
    1.7850    1.2479    0.0136         3
    1.7900    1.2272    0.0132         3
    1.7950    1.2418    0.0136         3
    1.8000    1.2718    0.0148         3
    1.8050    1.2494    0.0173         3
    1.8100    1.2637    0.0165         3
    1.8150    1.2454    0.0176         3
    1.8200    1.2532    0.0181         3
    1.8250    1.2636    0.0209         3
    1.8300    1.2294    0.0236         3
    1.8350    1.2484    0.0270         2
    1.8400    1.2612    0.0310         3
    1.8450    1.2561    0.0333         3
    1.8500   -1.0000   -1.0000         0
    1.8550    1.2686    0.0379         3
    1.8600   -1.0000   -1.0000         0
    1.8650   -1.0000   -1.0000         0
    1.8700   -1.0000   -1.0000         0
    1.8750    1.2915    0.0436         2
    1.8800   -1.0000   -1.0000         0
    1.8850    1.2391    0.0218         2
    1.8900    1.2654    0.0223         3
    1.8950    1.2125    0.0235         3
    1.9000    1.2213    0.0258         3
    1.9050    1.2953    0.0316         2
    1.9100   -1.0000   -1.0000         0
    1.9150    1.2696    0.0237         2
    1.9200    1.2457    0.0240         3
    1.9250    1.2403    0.0235         3
    1.9300    1.2777    0.0224         3
    1.9350    1.2834    0.0217         3
    1.9400    1.2766    0.0203         3
    1.9450    1.2587    0.0200         3
    1.9500    1.2034    0.0197         3
    1.9550    1.1950    0.0205         3
    1.9600    1.2555    0.0219         3
    1.9650    1.2662    0.0208         3
    1.9700    1.2587    0.0191         3
    1.9750   -1.0000   -1.0000         0
    1.9800    1.2373    0.0169         3
    1.9850    1.2316    0.0172         3
    1.9900    1.2335    0.0151         3
    1.9950    1.2298    0.0177         3
    2.0000    1.2223    0.0242         2
    2.0050    1.2447    0.0279         3
    2.0100    1.2494    0.0300         3
    2.0150    1.2015    0.0269         3
    2.0200    1.2692    0.0231         3
    2.0250   -1.0000   -1.0000         0
    2.0300    1.2232    0.0176         3
    2.0350    1.1899    0.0177         3
    2.0400    1.2232    0.0175         3
    2.0450    1.2509    0.0177         3
    2.0500    1.1885    0.0189         3
    2.0550    1.2102    0.0200         2
    2.0600    1.2181    0.0204         3
    2.0650    1.1992    0.0201         3
    2.0700    1.2449    0.0199         3
    2.0750   -1.0000   -1.0000         0
    2.0800    1.2388    0.0182         3
    2.0850    1.2270    0.0176         3
    2.0900    1.2496    0.0178         3
    2.0950    1.2523    0.0174         3
    2.1000    1.2149    0.0186         3
    2.1050    1.1948    0.0209         3
    2.1100    1.2542    0.0191         3
    2.1150    1.2203    0.0175         3
    2.1200    1.2472    0.0186         3
    2.1250    1.2572    0.0193         3
    2.1300    1.2072    0.0183         3
    2.1350    1.2352    0.0198         3
    2.1400    1.2388    0.0174         3
    2.1450    1.2464    0.0181         3
    2.1500    1.2312    0.0199         3
    2.1550    1.2011    0.0184         3
    2.1600    1.2271    0.0204         3
    2.1650    1.2268    0.0200         3
    2.1700   -1.0000   -1.0000         0
    2.1750    1.2468    0.0192         3
    2.1800    1.2189    0.0198         3
    2.1850    1.2094    0.0186         3
    2.1900    1.2646    0.0199         3
    2.1950    1.2574    0.0208         3
    2.2000    1.2364    0.0202         3
    2.2050    1.2175    0.0214         3
    2.2100    1.2258    0.0207         3
    2.2150    1.2547    0.0210         3
    2.2200    1.2235    0.0213         3
    2.2250    1.2328    0.0211         3
    2.2300   -1.0000   -1.0000         0
    2.2350    1.2618    0.0217         3
    2.2400    1.2744    0.0243         3
    2.2450    1.2558    0.0209         3
    2.2500    1.2594    0.0228         3
    2.2550    1.2514    0.0212         3
    2.2600    1.2294    0.0221         3
    2.2650    1.2603    0.0232         3
    2.2700   -1.0000   -1.0000         0
    2.2750    1.2725    0.0242         3
    2.2800   -1.0000   -1.0000         0
    2.2850    1.2237    0.0243         3
    2.2900    1.2839    0.0235         3
    2.2950    1.2644    0.0243         3
    2.3000    1.2667    0.0229         3
    2.3050    1.2745    0.0247         3
    2.3100   -1.0000   -1.0000         0
    2.3150    1.2572    0.0251         3
    2.3200    1.2978    0.0247         3
    2.3250    1.2629    0.0247         3
    2.3300    1.2868    0.0252         3
    2.3350    1.3046    0.0255         3
    2.3400    1.2702    0.0263         3
    2.3450   -1.0000   -1.0000         0
    2.3500   -1.0000   -1.0000         0
    2.3550    1.2338    0.0262         3
    2.3600   -1.0000   -1.0000         0
    2.3650    1.2753    0.0268         3
    2.3700   -1.0000   -1.0000         0
    2.3750   -1.0000   -1.0000         0
    2.3800    1.2428    0.0289         3
    2.3850    1.3062    0.0286         3
    2.3900    1.2348    0.0264         3
    2.3950   -1.0000   -1.0000         0
    2.4000   -1.0000   -1.0000         0
    2.4050   -1.0000   -1.0000         0
    2.4100   -1.0000   -1.0000         0
    2.4150    1.2454    0.0283         3
    2.4200   -1.0000   -1.0000         0
    2.4250    1.2872    0.0270         3
    2.4300    1.2972    0.0340         3
    2.4350    1.3307    0.0313         3
    2.4400    1.3330    0.0297         3
    2.4450    1.2791    0.0370         3
    2.4500   -1.0000   -1.0000         0
    2.4550    1.2838    0.0349         3
    2.4600    1.3277    0.0346         3
    2.4650   -1.0000   -1.0000         0
    2.4700   -1.0000   -1.0000         0
    2.4750   -1.0000   -1.0000         0
    2.4800    1.3040    0.0408         3
    2.4850   -1.0000   -1.0000         0
    2.4900    1.3081    0.0417         3
