    0.6500   -1.0000   -1.0000         0
    0.6550   -1.0000   -1.0000         0
    0.6600   -1.0000   -1.0000         0
    0.6650   -1.0000   -1.0000         0
    0.6700   -1.0000   -1.0000         0
    0.6750   -1.0000   -1.0000         0
    0.6800   -1.0000   -1.0000         0
    0.6850   -1.0000   -1.0000         0
    0.6900   -1.0000   -1.0000         0
    0.6950   -1.0000   -1.0000         0
    0.7000    0.9875    0.0127         3
    0.7050    0.9997    0.0121         3
    0.7100    0.9980    0.0107         3
    0.7150    0.9972    0.0104         3
    0.7200    0.9836    0.0106         3
    0.7250    0.9976    0.0097         3
    0.7300    1.0254    0.0096         3
    0.7350    1.0218    0.0091         3
    0.7400    1.0286    0.0094         3
    0.7450    1.0655    0.0103         3
    0.7500    1.0497    0.0108         3
    0.7550    1.0156    0.0096         3
    0.7600   -1.0000   -1.0000         0
    0.7650    0.9995    0.0081         3
    0.7700    1.0384    0.0078         3
    0.7750    1.0452    0.0079         3
    0.7800    1.0395    0.0075         3
    0.7850    1.0311    0.0073         3
    0.7900    1.0247    0.0072         3
    0.7950    1.0318    0.0067         3
    0.8000    1.0361    0.0073         3
    0.8050    1.0249    0.0071         3
    0.8100    1.0196    0.0069         3
    0.8150    1.0152    0.0073         3
    0.8200    1.0151    0.0068         3
    0.8250    1.0130    0.0080         3
    0.8300    1.0100    0.0075         3
    0.8350    1.0032    0.0070         3
    0.8400    0.9940    0.0069         3
    0.8450    0.9878    0.0074         3
    0.8500    0.9797    0.0069         3
    0.8550    0.9714    0.0076         3
    0.8600    0.9693    0.0073         3
    0.8650    0.9663    0.0068         3
    0.8700    0.9665    0.0069         3
    0.8750    0.9729    0.0067         3
    0.8800    0.9642    0.0065         3
    0.8850    0.9611    0.0071         3
    0.8900    0.9562    0.0068         3
    0.8950    0.9538    0.0067         3
    0.9000    0.9517    0.0066         3
    0.9050    0.9488    0.0060         3
    0.9100    0.9516    0.0058         3
    0.9150    0.9587    0.0062         3
    0.9200    0.9593    0.0070         3
    0.9250    0.9471    0.0064         3
    0.9300    0.9707    0.0067         2
    0.9350    0.9559    0.0076         2
    0.9400    0.9304    0.0068         2
    0.9450    0.9528    0.0061         3
    0.9500    0.9555    0.0064         3
    0.9550    0.9518    0.0060         3
    0.9600    0.9505    0.0057         3
    0.9650    0.9530    0.0060         3
    0.9700    0.9602    0.0060         3
    0.9750    0.9688    0.0058         3
    0.9800    0.9657    0.0056         3
    0.9850    0.9719    0.0056         3
    0.9900    0.9718    0.0058         3
    0.9950    0.9693    0.0054         3
    1.0000    0.9814    0.0061         3
    1.0050    0.9897    0.0062         3
    1.0100    0.9881    0.0060         3
    1.0150    0.9857    0.0056         3
    1.0200    0.9909    0.0058         3
    1.0250    1.0065    0.0061         3
    1.0300    1.0031    0.0064         3
    1.0350    1.0018    0.0063         3
    1.0400    0.9977    0.0059         3
    1.0450    0.9926    0.0059         3
    1.0500    0.9876    0.0058         3
    1.0550    0.9994    0.0062         3
    1.0600    1.0076    0.0054         3
    1.0650    1.0075    0.0055         3
    1.0700    1.0103    0.0055         3
    1.0750    1.0111    0.0058         3
    1.0800    1.0154    0.0063         3
    1.0850    1.0219    0.0061         3
    1.0900    1.0257    0.0062         3
    1.0950    1.0267    0.0059         3
    1.1000    1.0390    0.0065         3
    1.1050    1.0489    0.0070         3
    1.1100    1.0484    0.0062         2
    1.1150    1.0557    0.0061         1
    1.1200   -1.0000   -1.0000         0
    1.1250    1.0597    0.0086         3
    1.1300    1.0577    0.0079         3
    1.1350    1.0617    0.0069         3
    1.1400    1.0587    0.0068         3
    1.1450    1.0655    0.0071         3
    1.1500    1.0692    0.0071         3
    1.1550    1.0771    0.0068         3
    1.1600    1.0881    0.0076         3
    1.1650    1.0743    0.0070         3
    1.1700    1.0771    0.0070         3
    1.1750    1.0916    0.0066         3
    1.1800    1.1065    0.0073         3
    1.1850    1.0985    0.0080         2
    1.1900    1.1005    0.0071         3
    1.1950    1.1042    0.0080         3
    1.2000    1.1140    0.0078         3
    1.2050    1.1258    0.0077         3
    1.2100    1.0993    0.0071         2
    1.2150    1.0944    0.0062         1
    1.2200    1.1120    0.0074         3
    1.2250    1.1188    0.0070         3
    1.2300    1.1299    0.0072         3
    1.2350    1.1414    0.0074         3
    1.2400    1.1353    0.0071         3
    1.2450    1.1252    0.0071         3
    1.2500    1.1350    0.0069         3
    1.2550    1.1356    0.0067         3
    1.2600    1.1333    0.0076         3
    1.2650    1.1311    0.0077         3
    1.2700    1.1285    0.0075         3
    1.2750    1.1237    0.0073         3
    1.2800    1.1092    0.0066         1
    1.2850    1.1323    0.0088         2
    1.2900    1.1357    0.0067         2
    1.2950    1.1479    0.0065         2
    1.3000    1.1447    0.0069         3
    1.3050    1.1329    0.0074         3
    1.3100    1.1321    0.0081         3
    1.3150    1.1416    0.0076         3
    1.3200    1.1370    0.0077         3
    1.3250    1.1502    0.0081         3
    1.3300    1.1572    0.0082         3
    1.3350    1.1655    0.0081         3
    1.3400    1.1647    0.0100         3
    1.3450    1.1843    0.0123         1
    1.3500   -1.0000   -1.0000         0
    1.3550   -1.0000   -1.0000         0
    1.3600    1.1734    0.0308         2
    1.3650    1.1816    0.0187         1
    1.3700   -1.0000   -1.0000         0
    1.3750    1.2018    0.0204         2
    1.3800    1.2154    0.0207         2
    1.3850    1.1943    0.0149         2
    1.3900    1.2095    0.0201         2
    1.3950    1.2091    0.0191         3
    1.4000    1.1971    0.0145         2
    1.4050    1.1891    0.0157         3
    1.4100    1.2040    0.0120         1
    1.4150    1.2115    0.0122         2
    1.4200    1.2129    0.0124         3
    1.4250    1.2129    0.0105         3
    1.4300    1.2123    0.0102         3
    1.4350    1.2161    0.0104         3
    1.4400    1.2141    0.0103         3
    1.4450    1.2178    0.0096         3
    1.4500    1.2203    0.0099         3
    1.4550    1.2142    0.0089         3
    1.4600    1.2143    0.0091         3
    1.4650    1.2130    0.0106         3
    1.4700    1.2046    0.0104         3
    1.4750    1.2297    0.0092         3
    1.4800    1.2330    0.0094         3
    1.4850    1.2288    0.0081         3
    1.4900    1.2329    0.0086         3
    1.4950    1.2407    0.0087         3
    1.5000    1.2500    0.0088         3
    1.5050    1.2283    0.0075         3
    1.5100    1.2325    0.0079         3
    1.5150    1.2344    0.0079         3
    1.5200    1.2024    0.0094         3
    1.5250    1.2082    0.0081         3
    1.5300    1.2341    0.0079         3
    1.5350    1.2424    0.0082         3
    1.5400    1.2371    0.0087         3
    1.5450    1.2310    0.0083         3
    1.5500    1.2338    0.0085         3
    1.5550    1.2327    0.0079         3
    1.5600    1.2348    0.0084         3
    1.5650    1.2151    0.0084         3
    1.5700    1.2212    0.0088         3
    1.5750    1.2368    0.0086         3
    1.5800    1.2242    0.0089         3
    1.5850    1.2143    0.0086         3
    1.5900    1.2085    0.0077         3
    1.5950    1.2098    0.0080         3
    1.6000    1.2174    0.0085         3
    1.6050    1.2077    0.0089         3
    1.6100    1.2131    0.0083         3
    1.6150    1.2425    0.0079         3
    1.6200    1.2443    0.0082         3
    1.6250    1.2466    0.0099         3
    1.6300    1.2204    0.0088         3
    1.6350    1.1917    0.0087         3
    1.6400    1.1972    0.0083         3
    1.6450    1.2253    0.0085         3
    1.6500    1.2072    0.0086         3
    1.6550    1.1986    0.0088         3
    1.6600    1.2212    0.0082         3
    1.6650    1.2205    0.0083         3
    1.6700    1.2118    0.0088         3
    1.6750    1.2044    0.0088         3
    1.6800    1.2266    0.0085         3
    1.6850    1.1968    0.0086         3
    1.6900    1.1839    0.0085         3
    1.6950    1.1876    0.0082         3
    1.7000    1.1716    0.0084         3
    1.7050    1.1794    0.0092         3
    1.7100    1.1835    0.0089         3
    1.7150    1.1786    0.0095         3
    1.7200    1.1675    0.0096         3
    1.7250    1.1804    0.0093         3
    1.7300    1.1926    0.0101         3
    1.7350    1.1880    0.0097         3
    1.7400    1.2021    0.0100         3
    1.7450    1.1775    0.0102         3
    1.7500    1.1808    0.0100         3
    1.7550    1.1883    0.0097         3
    1.7600    1.1748    0.0094         3
    1.7650    1.1690    0.0094         3
    1.7700    1.1715    0.0093         3
    1.7750    1.1646    0.0100         3
    1.7800    1.1608    0.0094         3
    1.7850    1.1705    0.0105         3
    1.7900    1.1785    0.0088         2
    1.7950    1.2058    0.0124         3
    1.8000    1.1509    0.0124         3
    1.8050    1.1667    0.0149         3
    1.8100    1.1639    0.0150         3
    1.8150    1.1917    0.0176         3
    1.8200    1.1786    0.0184         3
    1.8250    1.1354    0.0166         2
    1.8300    1.1684    0.0327         2
    1.8350    1.1406    0.0420         3
    1.8400    1.1714    0.0331         2
    1.8450   -1.0000   -1.0000         0
    1.8500   -1.0000   -1.0000         0
    1.8550    1.2004    0.0406         1
    1.8600    1.1231    0.0326         2
    1.8650   -1.0000   -1.0000         0
    1.8700   -1.0000   -1.0000         0
    1.8750   -1.0000   -1.0000         0
    1.8800    1.1683    0.0293         1
    1.8850    1.1910    0.0235         2
    1.8900    1.1626    0.0226         3
    1.8950    1.0985    0.0214         1
    1.9000    1.1588    0.0395         1
    1.9050    1.0875    0.0284         2
    1.9100    1.1183    0.0240         1
    1.9150   -1.0000   -1.0000         0
    1.9200   -1.0000   -1.0000         0
    1.9250   -1.0000   -1.0000         0
    1.9300   -1.0000   -1.0000         0
    1.9350    1.1664    0.0183         3
    1.9400    1.1575    0.0152         3
    1.9450    1.1857    0.0169         3
    1.9500    1.1417    0.0141         3
    1.9550    1.1379    0.0155         3
    1.9600    1.1378    0.0134         3
    1.9650    1.1546    0.0136         3
    1.9700    1.1217    0.0138         3
    1.9750    1.1278    0.0121         3
    1.9800    1.1539    0.0120         3
    1.9850    1.1787    0.0114         3
    1.9900    1.1668    0.0126         3
    1.9950    1.1450    0.0138         3
    2.0000    1.1140    0.0191         2
    2.0050   -1.0000   -1.0000         0
    2.0100   -1.0000   -1.0000         0
    2.0150    1.1224    0.0159         2
    2.0200    1.1673    0.0139         3
    2.0250    1.1654    0.0132         3
    2.0300    1.1586    0.0130         3
    2.0350    1.1543    0.0123         3
    2.0400    1.1373    0.0121         3
    2.0450    1.1302    0.0126         3
    2.0500    1.1487    0.0139         3
    2.0550    1.1615    0.0136         3
    2.0600    1.1498    0.0137         3
    2.0650    1.1518    0.0134         3
    2.0700    1.1592    0.0137         3
    2.0750    1.1816    0.0135         3
    2.0800    1.2049    0.0126         3
    2.0850    1.2058    0.0134         3
    2.0900    1.1739    0.0137         3
    2.0950    1.1594    0.0117         3
    2.1000    1.1718    0.0121         3
    2.1050    1.1793    0.0121         3
    2.1100    1.1745    0.0128         3
    2.1150    1.1914    0.0138         3
    2.1200    1.2044    0.0132         3
    2.1250    1.1920    0.0124         3
    2.1300    1.2224    0.0132         3
    2.1350    1.1954    0.0131         3
    2.1400    1.1687    0.0130         3
    2.1450    1.1698    0.0130         3
    2.1500    1.1677    0.0136         3
    2.1550    1.1672    0.0145         3
    2.1600    1.1621    0.0142         3
    2.1650    1.1686    0.0133         3
    2.1700    1.1917    0.0148         3
    2.1750    1.1956    0.0146         3
    2.1800    1.1650    0.0156         3
    2.1850    1.1701    0.0141         3
    2.1900    1.1661    0.0141         3
    2.1950    1.1842    0.0143         3
    2.2000    1.1814    0.0142         3
    2.2050    1.1554    0.0142         3
    2.2100    1.1756    0.0141         3
    2.2150    1.1816    0.0135         3
    2.2200    1.1976    0.0139         3
    2.2250    1.1982    0.0143         3
    2.2300    1.1923    0.0147         3
    2.2350    1.2132    0.0137         3
    2.2400    1.1900    0.0144         3
    2.2450    1.1721    0.0149         3
    2.2500    1.1707    0.0151         3
    2.2550    1.2090    0.0154         3
    2.2600    1.2069    0.0121         2
    2.2650    1.2140    0.0170         3
    2.2700    1.1814    0.0160         3
    2.2750    1.2000    0.0156         3
    2.2800    1.2025    0.0136         2
    2.2850    1.1824    0.0162         3
    2.2900    1.2012    0.0159         3
    2.2950    1.1831    0.0166         3
    2.3000    1.1988    0.0176         3
    2.3050    1.1926    0.0171         3
    2.3100    1.2112    0.0162         3
    2.3150    1.2026    0.0158         3
    2.3200    1.1760    0.0177         3
    2.3250    1.1478    0.0137         2
    2.3300    1.2154    0.0162         3
    2.3350    1.2220    0.0171         3
    2.3400    1.1629    0.0166         3
    2.3450    1.1697    0.0164         3
    2.3500    1.1795    0.0172         3
    2.3550    1.1997    0.0170         3
    2.3600    1.2001    0.0170         3
    2.3650    1.1831    0.0194         3
    2.3700    1.1700    0.0165         3
    2.3750    1.1650    0.0150         2
    2.3800    1.1760    0.0162         3
    2.3850    1.2010    0.0181         3
    2.3900    1.2484    0.0158         2
    2.3950    1.2149    0.0161         3
    2.4000    1.2572    0.0183         2
    2.4050    1.2536    0.0203         3
    2.4100    1.1840    0.0186         3
    2.4150    1.1361    0.0203         2
    2.4200    1.1506    0.0219         1
    2.4250    1.2432    0.0164         2
    2.4300    1.2163    0.0212         2
    2.4350   -1.0000   -1.0000         0
    2.4400    1.2397    0.0171         2
    2.4450    1.1930    0.0231         2
    2.4500    1.2524    0.0184         2
    2.4550    1.2108    0.0230         1
    2.4600    1.2953    0.0206         2
    2.4650    1.2871    0.0221         3
    2.4700    1.2889    0.0298         1
    2.4750    1.2525    0.0187         1
    2.4800    1.3011    0.0223         2
    2.4850   -1.0000   -1.0000         0
    2.4900   -1.0000   -1.0000         0
