    0.8200    0.9585    0.0200         8
    0.8250    0.9531    0.0170         8
    0.8300    0.9506    0.0180         8
    0.8350    0.9458    0.0180         8
    0.8400    0.9318    0.0180         8
    0.8450    0.9280    0.0180         8
    0.8500    0.9132    0.0180         7
    0.8550    0.9045    0.0190         8
    0.8600    0.9123    0.0180         8
    0.8650    0.8919    0.0180         8
    0.8700    0.8972    0.0180         8
    0.8750    0.8933    0.0180         8
    0.8800    0.8987    0.0170         8
    0.8850    0.8909    0.0160         8
    0.8900    0.8897    0.0150         8
    0.8950    0.8892    0.0140         8
    0.9000    0.8893    0.0140         8
    0.9050    0.8997    0.0140         8
    0.9100    0.8957    0.0140         8
    0.9150    0.8948    0.0140         8
    0.9200    0.8949    0.0160         8
    0.9250    0.8897    0.0140         8
    0.9300    0.8957    0.0170         8
    0.9350    0.8923    0.0150         8
    0.9400    0.8751    0.0180         5
    0.9450    0.8833    0.0140         2
    0.9500    0.8916    0.0140         8
    0.9550    0.8983    0.0130         8
    0.9600    0.8956    0.0140         8
    0.9650    0.9026    0.0130         8
    0.9700    0.9006    0.0140         8
    0.9750    0.8924    0.0130         8
    0.9800    0.8906    0.0120         8
    0.9850    0.8862    0.0140         8
    0.9900    0.8831    0.0120         8
    0.9950    0.8905    0.0120         8
    1.0000    0.8915    0.0120         8
    1.0050    0.8981    0.0130         8
    1.0100    0.8934    0.0120         8
    1.0150    0.8984    0.0110         8
    1.0200    0.9069    0.0130         8
    1.0250    0.9154    0.0120         8
    1.0300    0.9008    0.0120         8
    1.0350    0.9068    0.0140         8
    1.0400    0.9037    0.0120         8
    1.0450    0.9013    0.0150         8
    1.0500    0.9121    0.0110         8
    1.0550    0.9046    0.0120         8
    1.0600    0.9137    0.0110         8
    1.0650    0.9182    0.0130         8
    1.0700    0.9261    0.0110         8
    1.0750    0.9310    0.0110         8
    1.0800    0.9298    0.0120         8
    1.0850    0.9306    0.0120         8
    1.0900    0.9360    0.0110         8
    1.0950    0.9483    0.0120         8
    1.1000    0.9568    0.0120         2
    1.1050    0.9489    0.0120         7
    1.1100    0.9376    0.0130         8
    1.1150    0.9470    0.0130         8
    1.1200    0.9655    0.0120         4
    1.1250    0.9666    0.0120         1
    1.1300    0.9578    0.0130         8
    1.1350    0.9586    0.0120         8
    1.1400    0.9553    0.0120         8
    1.1450    0.9651    0.0120         8
    1.1500    0.9759    0.0120         8
    1.1550    0.9664    0.0110         8
    1.1600    0.9748    0.0120         8
    1.1650    0.9823    0.0120         8
    1.1700    0.9883    0.0130         8
    1.1750    0.9891    0.0110         8
    1.1800    0.9850    0.0100         8
    1.1850    0.9886    0.0100         8
    1.1900    0.9874    0.0140         8
    1.1950    1.0015    0.0110         8
    1.2000    1.0018    0.0110         8
    1.2050    0.9999    0.0100         8
    1.2100    0.9913    0.0110         8
    1.2150    0.9876    0.0120         6
    1.2200    1.0077    0.0100         8
    1.2250    1.0035    0.0110         8
    1.2300    0.9992    0.0110         8
    1.2350    1.0067    0.0110         8
    1.2400    1.0072    0.0110         8
    1.2450    1.0151    0.0110         8
    1.2500    1.0175    0.0110         8
    1.2550    1.0077    0.0110         8
    1.2600    1.0034    0.0110         8
    1.2650    1.0129    0.0110         8
    1.2700    1.0278    0.0120         6
    1.2750    1.0024    0.0120         8
    1.2800    1.0008    0.0110         8
    1.2850    1.0093    0.0120         8
    1.2900    1.0160    0.0110         8
    1.2950    1.0216    0.0110         8
    1.3000    1.0114    0.0120         8
    1.3050    1.0050    0.0130         8
    1.3100    0.9987    0.0120         7
    1.3150    1.0038    0.0120         8
    1.3200    1.0146    0.0120         8
    1.3250    1.0190    0.0110         8
    1.3300    1.0325    0.0110         8
    1.3350    1.0240    0.0130         8
    1.3400    1.0364    0.0140         8
    1.3450    1.0250    0.0130         8
    1.3500    1.0453    0.0180         8
    1.3550    1.0247    0.0190         7
    1.3600    1.0251    0.0220         6
    1.3650   -1.0000   -1.0000         0
    1.3700    1.0387    0.0190         3
    1.3750    1.0218    0.0170         1
    1.3800    1.0292    0.0180         7
    1.3850    1.0469    0.0210         6
    1.3900    1.0305    0.0170         8
    1.3950    1.0220    0.0170         8
    1.4000    1.0335    0.0170         8
    1.4050    1.0277    0.0160         8
    1.4100    1.0391    0.0170         8
    1.4150    1.0426    0.0160         8
    1.4200    1.0380    0.0150         7
    1.4250    1.0161    0.0170         3
    1.4300    1.0249    0.0140         6
    1.4350    1.0540    0.0150         4
    1.4400    1.0388    0.0140         8
    1.4450    1.0314    0.0140         8
    1.4500    1.0563    0.0130         8
    1.4550    1.0528    0.0140         7
    1.4600    1.0457    0.0130         8
    1.4650    1.0529    0.0140         7
    1.4700    1.0481    0.0130         8
    1.4750    1.0553    0.0150         8
    1.4800    1.0495    0.0140         8
    1.4850    1.0529    0.0130         8
    1.4900    1.0424    0.0130         8
    1.4950    1.0307    0.0140         5
    1.5000    1.0430    0.0140         7
    1.5050    1.0636    0.0140         3
    1.5100    1.0504    0.0150         8
    1.5150    1.0299    0.0120         8
    1.5200    1.0445    0.0140         8
    1.5250    1.0675    0.0140         8
    1.5300    1.0514    0.0140         8
    1.5350    1.0415    0.0140         8
    1.5400    1.0371    0.0130         8
    1.5450    1.0111    0.0130         8
    1.5500    1.0423    0.0130         8
    1.5550    1.0485    0.0140         8
    1.5600    1.0285    0.0140         8
    1.5650    1.0200    0.0150         8
    1.5700    1.0354    0.0140         8
    1.5750    1.0569    0.0150         8
    1.5800    1.0383    0.0160         8
    1.5850    1.0225    0.0150         8
    1.5900    1.0452    0.0140         8
    1.5950    1.0691    0.0150         8
    1.6000    1.0496    0.0150         8
    1.6050    1.0327    0.0150         8
    1.6100    1.0119    0.0150         8
    1.6150    1.0248    0.0150         8
    1.6200    1.0369    0.0160         8
    1.6250    1.0256    0.0130         8
    1.6300    1.0320    0.0140         8
    1.6350    1.0402    0.0150         8
    1.6400    1.0490    0.0150         8
    1.6450    1.0404    0.0170         8
    1.6500    1.0318    0.0150         8
    1.6550    1.0350    0.0130         8
    1.6600    1.0518    0.0150         8
    1.6650    1.0410    0.0160         8
    1.6700    1.0076    0.0170         8
    1.6750    0.9896    0.0160         8
    1.6800    1.0009    0.0160         8
    1.6850    1.0221    0.0160         8
    1.6900    1.0156    0.0150         8
    1.6950    0.9995    0.0150         8
    1.7000    1.0255    0.0150         8
    1.7050    1.0336    0.0150         8
    1.7100    1.0233    0.0170         8
    1.7150    1.0102    0.0170         8
    1.7200    1.0126    0.0170         8
    1.7250    1.0189    0.0170         8
    1.7300    1.0440    0.0170         8
    1.7350    1.0357    0.0190         8
    1.7400    1.0214    0.0170         8
    1.7450    1.0013    0.0180         8
    1.7500    1.0001    0.0170         8
    1.7550    1.0328    0.0170         8
    1.7600    1.0349    0.0180         8
    1.7650    1.0118    0.0180         8
    1.7700    1.0242    0.0150         8
    1.7750    1.0454    0.0190         3
    1.7800    1.0150    0.0210         8
    1.7850    1.0019    0.0190         8
    1.7900    1.0051    0.0180         8
    1.7950    1.0065    0.0210         8
    1.8000    1.0100    0.0210         8
    1.8050    0.9653    0.0210         8
    1.8100    0.9799    0.0200         8
    1.8150    1.0094    0.0210         8
    1.8200    1.0358    0.0220         8
    1.8250    1.0252    0.0330         3
    1.8300    1.0365    0.0320         7
    1.8350    1.0326    0.0310         6
    1.8400    0.9770    0.0310         7
    1.8450    0.9517    0.0370         1
    1.8500    0.9653    0.0340         8
    1.8550    0.9797    0.0300         8
    1.8600    0.9429    0.0310         8
    1.8650    0.9716    0.0360         8
    1.8700    1.0215    0.0380         8
    1.8750    1.0008    0.0350         8
    1.8800    0.9804    0.0340         8
    1.8850    0.9915    0.0290         7
    1.8900    0.9866    0.0300         8
    1.8950    0.9659    0.0280         8
    1.9000    1.0045    0.0340         8
    1.9050    0.9915    0.0330         8
    1.9100    0.9981    0.0340         7
    1.9150    0.9805    0.0330         8
    1.9200    0.9711    0.0360         7
    1.9250    1.0110    0.0300         7
    1.9300    0.9570    0.0280         8
    1.9350    0.9649    0.0280         1
    1.9400    0.9460    0.0280         8
    1.9450    0.9890    0.0250         8
    1.9500    0.9736    0.0290         8
    1.9550    0.9693    0.0280         8
    1.9600    0.9985    0.0280         7
    1.9650    1.0150    0.0250         8
    1.9700    0.9989    0.0240         8
    1.9750    0.9714    0.0270         8
    1.9800    0.9727    0.0240         8
    1.9850    1.0013    0.0250         8
    1.9900    0.9702    0.0270         8
    1.9950    0.9334    0.0260         6
    2.0000    0.9605    0.0310         8
    2.0050    0.9562    0.0340         8
    2.0100    0.9722    0.0340         8
    2.0150    1.0120    0.0330         7
    2.0200    1.0028    0.0300         8
    2.0250    0.9580    0.0250         8
    2.0300    0.9262    0.0240         6
    2.0350    0.9318    0.0210         8
    2.0400    0.9299    0.0220         8
    2.0450    0.9385    0.0230         8
    2.0500    0.9504    0.0250         8
    2.0550    0.9259    0.0300         7
    2.0600    0.9543    0.0280         8
    2.0650    0.9926    0.0260         8
    2.0700    1.0097    0.0260         8
    2.0750    0.9926    0.0250         8
    2.0800    0.9609    0.0240         8
    2.0850    0.9631    0.0240         8
    2.0900    0.9917    0.0240         8
    2.0950    0.9882    0.0230         8
    2.1000    0.9828    0.0240         8
    2.1050    0.9800    0.0240         8
    2.1100    0.9833    0.0220         8
    2.1150    0.9825    0.0240         8
    2.1200    0.9614    0.0260         8
    2.1250    0.9732    0.0250         8
    2.1300    0.9864    0.0220         8
    2.1350    0.9790    0.0240         8
    2.1400    0.9763    0.0260         8
    2.1450    0.9931    0.0240         8
    2.1500    1.0052    0.0250         8
    2.1550    0.9944    0.0230         8
    2.1600    0.9945    0.0290         8
    2.1650    0.9794    0.0320         8
    2.1700    0.9836    0.0260         8
    2.1750    0.9903    0.0300         8
    2.1800    0.9819    0.0290         8
    2.1850    1.0061    0.0260         8
    2.1900    1.0147    0.0270         8
    2.1950    0.9979    0.0270         8
    2.2000    1.0047    0.0280         8
    2.2050    0.9379    0.0270         5
    2.2100    0.9758    0.0310         1
    2.2150    0.9944    0.0310         8
    2.2200    1.0240    0.0330         8
    2.2250    1.0140    0.0290         8
    2.2300    1.0238    0.0320         8
    2.2350    1.0032    0.0290         8
    2.2400    0.9892    0.0310         8
    2.2450    0.9960    0.0300         8
    2.2500    0.9902    0.0300         8
    2.2550    0.9926    0.0350         8
    2.2600    0.9535    0.0310         6
    2.2650    0.9736    0.0300         8
    2.2700    1.0104    0.0310         8
    2.2750    1.0350    0.0320         8
    2.2800    1.0514    0.0350         7
    2.2850    1.0477    0.0370         8
    2.2900    1.0502    0.0350         8
    2.2950    1.0166    0.0360         8
    2.3000    0.9878    0.0380         8
    2.3050    1.0403    0.0320         8
    2.3100    1.0253    0.0340         8
    2.3150    1.0215    0.0370         8
    2.3200    1.0616    0.0350         7
    2.3250    1.0624    0.0360         1
    2.3300    1.0319    0.0400         8
    2.3350    0.9916    0.0410         8
    2.3400    1.0070    0.0360         8
    2.3450    1.0016    0.0400         8
    2.3500    1.0371    0.0340         8
    2.3550    1.0749    0.0370         8
    2.3600    1.0452    0.0360         8
    2.3650    1.0094    0.0400         7
    2.3700   -1.0000   -1.0000         0
    2.3750    1.0039    0.0430         1
    2.3800    1.0174    0.0370         8
    2.3850    1.0685    0.0420         8
    2.3900    1.0220    0.0400         7
    2.3950   -1.0000   -1.0000         0
    2.4000    0.9910    0.0370         3
    2.4050    1.0338    0.0360         8
    2.4100    1.0484    0.0370         8
    2.4150    1.0925    0.0410         5
    2.4200    1.1306    0.0440         3
    2.4250    1.0791    0.0390         8
    2.4300    1.0412    0.0440         6
    2.4350    0.9998    0.0400         3
    2.4400    0.9841    0.0410         1
    2.4450   -1.0000   -1.0000         0
    2.4500    1.0420    0.0430         2
    2.4550    1.0566    0.0470         5
    2.4600    1.0214    0.0360         2
    2.4650    1.0718    0.0410         7
    2.4700   -1.0000   -1.0000         0
    2.4750   -1.0000   -1.0000         0
    2.4800   -1.0000   -1.0000         0
    2.4850   -1.0000   -1.0000         0
    2.4900   -1.0000   -1.0000         0
