    0.8200    0.7710    0.0157         7
    0.8250    0.7362    0.0169         8
    0.8300    0.7308    0.0158         8
    0.8350    0.7127    0.0164         8
    0.8400    0.7039    0.0151         8
    0.8450    0.7024    0.0144         8
    0.8500    0.6927    0.0154         8
    0.8550    0.6858    0.0135         8
    0.8600    0.6651    0.0141         8
    0.8650    0.6371    0.0157         8
    0.8700    0.6387    0.0150         8
    0.8750    0.6315    0.0146         8
    0.8800    0.6143    0.0151         8
    0.8850    0.6308    0.0134         8
    0.8900    0.6347    0.0127         8
    0.8950    0.6135    0.0114         8
    0.9000    0.5920    0.0117         8
    0.9050    0.6098    0.0147         8
    0.9100    0.6236    0.0113         8
    0.9150    0.6098    0.0132         8
    0.9200    0.6170    0.0141         8
    0.9250    0.6057    0.0142         8
    0.9300    0.6086    0.0133         8
    0.9350    0.6154    0.0126         8
    0.9400    0.6077    0.0123         8
    0.9450    0.6266    0.0127         8
    0.9500    0.6326    0.0129         8
    0.9550    0.6193    0.0135         8
    0.9600    0.6252    0.0110         8
    0.9650    0.6370    0.0112         8
    0.9700    0.6438    0.0118         8
    0.9750    0.6336    0.0107         8
    0.9800    0.6456    0.0109         8
    0.9850    0.6414    0.0120         8
    0.9900    0.6334    0.0119         7
    0.9950    0.6451    0.0101         1
    1.0000    0.6524    0.0108         8
    1.0050    0.6704    0.0124         8
    1.0100    0.7022    0.0109         8
    1.0150    0.7120    0.0099         8
    1.0200    0.7193    0.0111         8
    1.0250    0.7277    0.0105         8
    1.0300    0.7205    0.0109         8
    1.0350    0.7410    0.0107         8
    1.0400    0.7371    0.0113         8
    1.0450    0.7812    0.0116         8
    1.0500    0.7828    0.0111         8
    1.0550    0.7772    0.0102         8
    1.0600    0.7920    0.0110         8
    1.0650    0.8051    0.0102         8
    1.0700    0.8198    0.0105         8
    1.0750    0.8306    0.0116         8
    1.0800    0.8638    0.0120         8
    1.0850    0.8785    0.0104         8
    1.0900    0.8769    0.0108         8
    1.0950    0.8939    0.0108         8
    1.1000    0.8990    0.0106         8
    1.1050    0.9027    0.0107         8
    1.1100    0.9075    0.0104         8
    1.1150    0.9109    0.0110         8
    1.1200    0.9092    0.0120         8
    1.1250    0.9068    0.0114         8
    1.1300    0.9105    0.0140         8
    1.1350    0.9271    0.0129         8
    1.1400    0.9478    0.0129         8
    1.1450    0.9540    0.0113         8
    1.1500    0.9483    0.0115         8
    1.1550    0.9510    0.0105         8
    1.1600    0.9785    0.0105         8
    1.1650    1.0031    0.0116         8
    1.1700    1.0041    0.0105         7
    1.1750    0.9826    0.0114         8
    1.1800    0.9812    0.0106         8
    1.1850    0.9902    0.0103         8
    1.1900    0.9941    0.0099         8
    1.1950    1.0217    0.0110         8
    1.2000    0.9983    0.0094         8
    1.2050    0.9864    0.0109         8
    1.2100    0.9852    0.0114         8
    1.2150    0.9775    0.0098         7
    1.2200    0.9891    0.0095         8
    1.2250    1.0090    0.0099         8
    1.2300    1.0098    0.0102         8
    1.2350    1.0213    0.0110         8
    1.2400    1.0297    0.0113         8
    1.2450    1.0406    0.0108         8
    1.2500    1.0296    0.0103         8
    1.2550    1.0348    0.0093         8
    1.2600    1.0232    0.0103         8
    1.2650    1.0221    0.0110         8
    1.2700    1.0196    0.0118         8
    1.2750    1.0202    0.0106         8
    1.2800    1.0215    0.0114         8
    1.2850    1.0190    0.0103         8
    1.2900    1.0255    0.0119         8
    1.2950    1.0513    0.0108         8
    1.3000    1.0596    0.0104         8
    1.3050    1.0394    0.0114         8
    1.3100    1.0347    0.0112         8
    1.3150    1.0562    0.0123         8
    1.3200    1.0551    0.0106         8
    1.3250    1.0699    0.0113         8
    1.3300    1.0791    0.0125         8
    1.3350    1.0734    0.0115         7
    1.3400    1.0654    0.0110         8
    1.3450    1.0661    0.0116         8
    1.3500    1.0793    0.0122         8
    1.3550    1.0579    0.0155         7
    1.3600    1.0642    0.0205         8
    1.3650    1.0865    0.0212         8
    1.3700    1.0802    0.0227         2
    1.3750    1.0569    0.0224         6
    1.3800    1.0414    0.0226         5
    1.3850    1.0403    0.0214         4
    1.3900    1.0549    0.0202         8
    1.3950    1.0735    0.0181         7
    1.4000    1.0596    0.0160         8
    1.4050    1.0680    0.0193         7
    1.4100   -1.0000   -1.0000         0
    1.4150    1.0428    0.0174         5
    1.4200    1.0830    0.0142         7
    1.4250    1.0644    0.0141         8
    1.4300    1.0529    0.0137         8
    1.4350    1.0791    0.0145         8
    1.4400    1.0613    0.0139         8
    1.4450    1.0579    0.0138         8
    1.4500    1.0620    0.0137         8
    1.4550    1.0634    0.0117         8
    1.4600    1.0414    0.0133         8
    1.4650    1.0515    0.0145         8
    1.4700    1.0711    0.0139         8
    1.4750    1.0758    0.0147         4
    1.4800    1.0678    0.0144         1
    1.4850    1.0553    0.0122         7
    1.4900    1.0505    0.0118         8
    1.4950    1.0478    0.0115         8
    1.5000    1.0414    0.0127         8
    1.5050    1.0113    0.0120         8
    1.5100    1.0199    0.0111         8
    1.5150    1.0378    0.0133         8
    1.5200    1.0333    0.0144         8
    1.5250    1.0516    0.0123         8
    1.5300    1.0208    0.0117         8
    1.5350    1.0093    0.0119         8
    1.5400    1.0054    0.0119         8
    1.5450    0.9942    0.0128         8
    1.5500    0.9865    0.0140         8
    1.5550    0.9939    0.0125         8
    1.5600    0.9763    0.0130         8
    1.5650    0.9711    0.0126         8
    1.5700    0.9502    0.0109         8
    1.5750    0.9569    0.0120         8
    1.5800    0.9851    0.0136         8
    1.5850    0.9726    0.0130         8
    1.5900    0.9425    0.0135         8
    1.5950    0.9441    0.0125         8
    1.6000    0.9578    0.0122         8
    1.6050    0.9429    0.0127         8
    1.6100    0.9285    0.0121         8
    1.6150    0.9299    0.0138         8
    1.6200    0.9446    0.0139         8
    1.6250    0.9207    0.0131         8
    1.6300    0.9238    0.0127         8
    1.6350    0.9138    0.0122         8
    1.6400    0.9317    0.0122         8
    1.6450    0.9156    0.0115         8
    1.6500    0.9032    0.0132         8
    1.6550    0.9056    0.0138         8
    1.6600    0.8948    0.0143         8
    1.6650    0.8974    0.0126         8
    1.6700    0.8829    0.0122         8
    1.6750    0.8990    0.0144         8
    1.6800    0.8821    0.0175         8
    1.6850    0.8345    0.0141         8
    1.6900    0.8427    0.0138         8
    1.6950    0.8637    0.0129         8
    1.7000    0.8430    0.0135         8
    1.7050    0.8623    0.0143         8
    1.7100    0.8600    0.0140         8
    1.7150    0.8639    0.0138         8
    1.7200    0.8329    0.0142         8
    1.7250    0.8156    0.0136         8
    1.7300    0.8428    0.0130         8
    1.7350    0.8580    0.0165         8
    1.7400    0.8415    0.0136         8
    1.7450    0.8511    0.0163         8
    1.7500    0.8362    0.0160         7
    1.7550    0.8767    0.0177         2
    1.7600    0.8621    0.0154         6
    1.7650    0.8509    0.0205         8
    1.7700    0.8150    0.0143         8
    1.7750    0.8075    0.0148         8
    1.7800    0.7950    0.0138         8
    1.7850    0.7849    0.0147         8
    1.7900    0.7604    0.0146         8
    1.7950    0.7730    0.0178         8
    1.8000    0.7984    0.0153         8
    1.8050    0.7931    0.0168         8
    1.8100    0.7898    0.0190         8
    1.8150    0.8039    0.0186         8
    1.8200    0.7789    0.0209         8
    1.8250    0.7547    0.0254         8
    1.8300    0.7701    0.0293         8
    1.8350    0.7677    0.0302         8
    1.8400    0.7801    0.0367         8
    1.8450    0.7283    0.0395         8
    1.8500    0.7174    0.0328         6
    1.8550    0.7373    0.0341         6
    1.8600    0.7318    0.0346         8
    1.8650    0.7708    0.0353         4
    1.8700    0.8100    0.0438         5
    1.8750    0.7550    0.0547         2
    1.8800    0.7831    0.0403         6
    1.8850    0.7525    0.0287         8
    1.8900    0.7372    0.0314         8
    1.8950    0.7283    0.0305         8
    1.9000    0.7575    0.0324         8
    1.9050    0.7611    0.0320         8
    1.9100    0.7655    0.0379         8
    1.9150    0.7439    0.0316         7
    1.9200    0.7744    0.0304         6
    1.9250    0.7543    0.0261         2
    1.9300    0.7746    0.0228         2
    1.9350    0.7560    0.0255         8
    1.9400    0.7544    0.0221         8
    1.9450    0.7449    0.0233         3
    1.9500    0.7423    0.0278         5
    1.9550    0.7083    0.0291         3
    1.9600    0.7134    0.0252         6
    1.9650    0.7276    0.0234         8
    1.9700    0.6847    0.0237         8
    1.9750    0.6866    0.0249         6
    1.9800    0.7184    0.0224         8
    1.9850    0.7248    0.0239         7
    1.9900    0.6757    0.0182         6
    1.9950    0.6775    0.0223         7
    2.0000    0.7414    0.0256         8
    2.0050    0.7633    0.0332         6
    2.0100    0.7365    0.0310         5
    2.0150    0.7542    0.0301         7
    2.0200    0.7555    0.0237         8
    2.0250    0.7195    0.0239         8
    2.0300    0.7069    0.0240         8
    2.0350    0.7248    0.0238         8
    2.0400    0.7117    0.0196         8
    2.0450    0.6961    0.0260         8
    2.0500    0.7414    0.0250         8
    2.0550    0.7475    0.0291         6
    2.0600    0.7086    0.0246         8
    2.0650    0.7066    0.0231         8
    2.0700    0.7214    0.0248         7
    2.0750    0.7575    0.0231         8
    2.0800    0.7282    0.0218         8
    2.0850    0.6846    0.0226         8
    2.0900    0.6992    0.0196         8
    2.0950    0.7244    0.0209         8
    2.1000    0.7307    0.0249         8
    2.1050    0.7541    0.0200         8
    2.1100    0.7293    0.0229         8
    2.1150    0.7152    0.0278         8
    2.1200    0.7208    0.0211         8
    2.1250    0.7037    0.0229         8
    2.1300    0.7275    0.0203         8
    2.1350    0.7528    0.0216         8
    2.1400    0.7440    0.0212         8
    2.1450    0.7232    0.0221         8
    2.1500    0.6988    0.0281         8
    2.1550    0.7270    0.0262         8
    2.1600    0.7817    0.0271         8
    2.1650    0.7754    0.0227         8
    2.1700    0.7535    0.0256         8
    2.1750    0.7207    0.0310         8
    2.1800    0.7471    0.0271         8
    2.1850    0.7706    0.0251         8
    2.1900    0.7914    0.0238         3
    2.1950    0.7825    0.0286         6
    2.2000    0.7712    0.0236         8
    2.2050    0.7930    0.0234         8
    2.2100    0.7908    0.0306         8
    2.2150    0.7629    0.0268         8
    2.2200    0.7533    0.0269         8
    2.2250    0.7699    0.0284         8
    2.2300    0.7560    0.0294         8
    2.2350    0.7699    0.0297         8
    2.2400    0.7994    0.0301         8
    2.2450    0.8018    0.0288         8
    2.2500    0.7719    0.0262         8
    2.2550    0.8332    0.0331         8
    2.2600    0.8262    0.0285         8
    2.2650    0.8421    0.0330         7
    2.2700    0.8714    0.0274         2
    2.2750    0.8751    0.0312         6
    2.2800    0.8693    0.0293         2
    2.2850    0.8688    0.0370         8
    2.2900    0.8680    0.0338         8
    2.2950    0.8381    0.0357         8
    2.3000    0.7909    0.0341         8
    2.3050    0.8089    0.0385         7
    2.3100    0.8357    0.0335         8
    2.3150    0.8417    0.0334         7
    2.3200    0.8776    0.0318         3
    2.3250    0.8855    0.0391         6
    2.3300    0.8283    0.0454         8
    2.3350    0.8554    0.0341         8
    2.3400    0.8948    0.0380         8
    2.3450    0.8539    0.0355         8
    2.3500    0.8205    0.0331         7
    2.3550    0.8132    0.0325         1
    2.3600    0.8438    0.0282         1
    2.3650    0.8560    0.0409         6
    2.3700    0.9014    0.0411         8
    2.3750    0.9433    0.0355         8
    2.3800    0.9080    0.0446         8
    2.3850    0.9264    0.0351         8
    2.3900    0.9449    0.0390         7
    2.3950    0.9599    0.0356         7
    2.4000    0.9156    0.0353         8
    2.4050    0.8799    0.0397         8
    2.4100    0.9005    0.0416         8
    2.4150    0.8873    0.0367         4
    2.4200    0.9327    0.0415         8
    2.4250    0.9045    0.0367         5
    2.4300    0.9409    0.0398         7
    2.4350    0.9203    0.0378         4
    2.4400    0.9431    0.0335         1
    2.4450    0.9330    0.0489         7
    2.4500    0.9696    0.0411         8
    2.4550    0.9687    0.0435         8
    2.4600    0.9453    0.0427         5
    2.4650    0.9327    0.0471         2
    2.4700    0.9390    0.0396         1
    2.4750    0.9379    0.0450         2
    2.4800    1.0459    0.0511         6
    2.4850    1.0526    0.0613         4
    2.4900    1.1010    0.0508         4
