    0.6500   -1.0000   -1.0000         0
    0.6550   -1.0000   -1.0000         0
    0.6600   -1.0000   -1.0000         0
    0.6650   -1.0000   -1.0000         0
    0.6700   -1.0000   -1.0000         0
    0.6750   -1.0000   -1.0000         0
    0.6800   -1.0000   -1.0000         0
    0.6850   -1.0000   -1.0000         0
    0.6900   -1.0000   -1.0000         0
    0.6950   -1.0000   -1.0000         0
    0.7000   -1.0000   -1.0000         0
    0.7050   -1.0000   -1.0000         0
    0.7100   -1.0000   -1.0000         0
    0.7150   -1.0000   -1.0000         0
    0.7200   -1.0000   -1.0000         0
    0.7250   -1.0000   -1.0000         0
    0.7300   -1.0000   -1.0000         0
    0.7350   -1.0000   -1.0000         0
    0.7400   -1.0000   -1.0000         0
    0.7450   -1.0000   -1.0000         0
    0.7500   -1.0000   -1.0000         0
    0.7550   -1.0000   -1.0000         0
    0.7600   -1.0000   -1.0000         0
    0.7650   -1.0000   -1.0000         0
    0.7700   -1.0000   -1.0000         0
    0.7750   -1.0000   -1.0000         0
    0.7800    1.1069    0.0111         4
    0.7850    1.1169    0.0108         4
    0.7900    1.0951    0.0105         4
    0.7950    1.0950    0.0105         4
    0.8000    1.0671    0.0104         4
    0.8050    1.0571    0.0111         4
    0.8100    1.0542    0.0100         4
    0.8150    1.0572    0.0106         4
    0.8200    1.0456    0.0108         4
    0.8250    1.0210    0.0098         4
    0.8300    1.0032    0.0092         4
    0.8350    0.9914    0.0095         4
    0.8400    0.9787    0.0098         4
    0.8450    0.9848    0.0093         4
    0.8500    0.9671    0.0088         4
    0.8550    0.9618    0.0090         4
    0.8600    0.9579    0.0088         3
    0.8650    0.9447    0.0092         4
    0.8700    0.9373    0.0086         3
    0.8750    0.9158    0.0085         4
    0.8800    0.9086    0.0077         4
    0.8850    0.8869    0.0080         4
    0.8900    0.8866    0.0085         4
    0.8950    0.8807    0.0081         4
    0.9000    0.8800    0.0092         4
    0.9050    0.8872    0.0085         4
    0.9100    0.8825    0.0085         4
    0.9150    0.8866    0.0080         4
    0.9200    0.8827    0.0077         4
    0.9250    0.8763    0.0078         4
    0.9300    0.8694    0.0081         4
    0.9350    0.8653    0.0082         4
    0.9400    0.8757    0.0091         4
    0.9450    0.8739    0.0084         4
    0.9500    0.8841    0.0085         4
    0.9550    0.9030    0.0083         4
    0.9600    0.8993    0.0082         4
    0.9650    0.9034    0.0074         4
    0.9700    0.9049    0.0076         4
    0.9750    0.9042    0.0075         4
    0.9800    0.9240    0.0070         4
    0.9850    0.9347    0.0072         4
    0.9900    0.9303    0.0067         4
    0.9950    0.9275    0.0068         4
    1.0000    0.9422    0.0072         4
    1.0050    0.9528    0.0071         4
    1.0100    0.9502    0.0072         4
    1.0150    0.9582    0.0072         4
    1.0200    0.9680    0.0067         4
    1.0250    0.9713    0.0068         4
    1.0300    0.9678    0.0074         4
    1.0350    0.9812    0.0075         4
    1.0400    0.9966    0.0074         4
    1.0450    1.0099    0.0072         4
    1.0500    1.0085    0.0070         4
    1.0550    1.0097    0.0069         4
    1.0600    1.0198    0.0066         4
    1.0650    1.0308    0.0070         4
    1.0700    1.0280    0.0069         4
    1.0750    1.0263    0.0075         4
    1.0800    1.0363    0.0069         4
    1.0850    1.0558    0.0075         4
    1.0900    1.0587    0.0079         4
    1.0950    1.0425    0.0073         4
    1.1000    1.0380    0.0074         4
    1.1050    1.0647    0.0076         4
    1.1100    1.0658    0.0084         4
    1.1150    1.0662    0.0096         4
    1.1200    1.0890    0.0100         4
    1.1250    1.0896    0.0099         4
    1.1300    1.0805    0.0083         4
    1.1350    1.0905    0.0094         4
    1.1400    1.0824    0.0085         4
    1.1450    1.0870    0.0084         4
    1.1500    1.0914    0.0079         4
    1.1550    1.0902    0.0083         4
    1.1600    1.1006    0.0082         4
    1.1650    1.1130    0.0078         4
    1.1700    1.1169    0.0065         4
    1.1750    1.1150    0.0069         4
    1.1800    1.1179    0.0072         4
    1.1850    1.1341    0.0071         4
    1.1900    1.1287    0.0066         4
    1.1950    1.1176    0.0070         4
    1.2000    1.1221    0.0073         4
    1.2050    1.1336    0.0072         4
    1.2100    1.1502    0.0069         4
    1.2150    1.1359    0.0068         4
    1.2200    1.1316    0.0071         4
    1.2250    1.1207    0.0068         4
    1.2300    1.1356    0.0070         4
    1.2350    1.1496    0.0069         4
    1.2400    1.1400    0.0074         4
    1.2450    1.1466    0.0067         4
    1.2500    1.1508    0.0066         4
    1.2550    1.1448    0.0077         4
    1.2600    1.1277    0.0073         4
    1.2650    1.1337    0.0080         2
    1.2700    1.1646    0.0073         4
    1.2750    1.1631    0.0068         4
    1.2800    1.1619    0.0067         4
    1.2850    1.1500    0.0071         4
    1.2900    1.1417    0.0069         4
    1.2950    1.1587    0.0074         4
    1.3000    1.1556    0.0071         4
    1.3050    1.1479    0.0074         4
    1.3100    1.1578    0.0069         4
    1.3150    1.1607    0.0072         4
    1.3200    1.1830    0.0079         4
    1.3250    1.1873    0.0074         4
    1.3300    1.1752    0.0077         4
    1.3350    1.1684    0.0092         4
    1.3400    1.1789    0.0101         3
    1.3450   -1.0000   -1.0000         0
    1.3500    1.1796    0.0175         3
    1.3550   -1.0000   -1.0000         0
    1.3600   -1.0000   -1.0000         0
    1.3650    1.1710    0.0298         3
    1.3700    1.1924    0.0313         3
    1.3750    1.1715    0.0266         2
    1.3800    1.1736    0.0244         4
    1.3850    1.1703    0.0236         3
    1.3900    1.2057    0.0216         4
    1.3950    1.2091    0.0190         1
    1.4000   -1.0000   -1.0000         0
    1.4050   -1.0000   -1.0000         0
    1.4100   -1.0000   -1.0000         0
    1.4150    1.2215    0.0141         3
    1.4200    1.1905    0.0130         4
    1.4250    1.2112    0.0115         4
    1.4300    1.2239    0.0104         4
    1.4350    1.2249    0.0117         4
    1.4400    1.2114    0.0107         4
    1.4450    1.2038    0.0115         4
    1.4500    1.2041    0.0098         4
    1.4550    1.2117    0.0089         4
    1.4600    1.2254    0.0099         4
    1.4650    1.2149    0.0094         4
    1.4700    1.2055    0.0099         4
    1.4750    1.2227    0.0104         4
    1.4800    1.2222    0.0090         4
    1.4850    1.2120    0.0086         4
    1.4900    1.1819    0.0088         1
    1.4950    1.1917    0.0091         2
    1.5000    1.2180    0.0079         4
    1.5050    1.2204    0.0078         4
    1.5100    1.2064    0.0082         4
    1.5150    1.2012    0.0083         4
    1.5200    1.2135    0.0076         4
    1.5250    1.2091    0.0081         4
    1.5300    1.1912    0.0081         4
    1.5350    1.1779    0.0077         4
    1.5400    1.1899    0.0079         4
    1.5450    1.2136    0.0081         4
    1.5500    1.2063    0.0077         4
    1.5550    1.1997    0.0078         4
    1.5600    1.1911    0.0079         4
    1.5650    1.1853    0.0081         4
    1.5700    1.1800    0.0081         4
    1.5750    1.1756    0.0085         4
    1.5800    1.1704    0.0083         4
    1.5850    1.1666    0.0086         4
    1.5900    1.1752    0.0081         4
    1.5950    1.1645    0.0080         4
    1.6000    1.1731    0.0087         4
    1.6050    1.1613    0.0099         4
    1.6100    1.1267    0.0075         4
    1.6150    1.1435    0.0079         4
    1.6200    1.1527    0.0075         4
    1.6250    1.1515    0.0077         4
    1.6300    1.1467    0.0082         4
    1.6350    1.1188    0.0083         4
    1.6400    1.1153    0.0086         4
    1.6450    1.1310    0.0082         4
    1.6500    1.1310    0.0081         4
    1.6550    1.1317    0.0078         4
    1.6600    1.1181    0.0082         4
    1.6650    1.1029    0.0086         4
    1.6700    1.1070    0.0082         4
    1.6750    1.1056    0.0090         4
    1.6800    1.0956    0.0087         4
    1.6850    1.0916    0.0095         4
    1.6900    1.1027    0.0093         4
    1.6950    1.1072    0.0080         4
    1.7000    1.0878    0.0086         4
    1.7050    1.1043    0.0090         4
    1.7100    1.0841    0.0085         4
    1.7150   -1.0000   -1.0000         0
    1.7200    1.0768    0.0090         4
    1.7250    1.0893    0.0097         4
    1.7300    1.0827    0.0091         4
    1.7350    1.0758    0.0094         4
    1.7400    1.0773    0.0090         4
    1.7450    1.0927    0.0090         4
    1.7500    1.0690    0.0085         4
    1.7550    1.0630    0.0094         4
    1.7600    1.0573    0.0094         4
    1.7650    1.0517    0.0094         4
    1.7700    1.0479    0.0089         4
    1.7750    1.0646    0.0103         4
    1.7800    1.0373    0.0100         4
    1.7850    1.0473    0.0105         4
    1.7900    1.0566    0.0107         4
    1.7950    1.0067    0.0133         4
    1.8000    1.0313    0.0123         4
    1.8050    1.0167    0.0129         4
    1.8100    1.0564    0.0152         4
    1.8150    1.0589    0.0159         4
    1.8200    1.0343    0.0193         4
    1.8250    1.0057    0.0236         4
    1.8300   -1.0000   -1.0000         0
    1.8350   -1.0000   -1.0000         0
    1.8400   -1.0000   -1.0000         0
    1.8450   -1.0000   -1.0000         0
    1.8500   -1.0000   -1.0000         0
    1.8550   -1.0000   -1.0000         0
    1.8600   -1.0000   -1.0000         0
    1.8650   -1.0000   -1.0000         0
    1.8700   -1.0000   -1.0000         0
    1.8750   -1.0000   -1.0000         0
    1.8800   -1.0000   -1.0000         0
    1.8850   -1.0000   -1.0000         0
    1.8900   -1.0000   -1.0000         0
    1.8950    1.0140    0.0329         4
    1.9000    1.0313    0.0356         1
    1.9050    1.0259    0.0381         2
    1.9100   -1.0000   -1.0000         0
    1.9150    1.0246    0.0280         4
    1.9200    1.0350    0.0273         4
    1.9250    1.0159    0.0201         4
    1.9300    1.0384    0.0198         4
    1.9350    1.0155    0.0182         4
    1.9400    1.0411    0.0182         4
    1.9450    1.0123    0.0179         4
    1.9500    1.0022    0.0171         4
    1.9550    0.9822    0.0145         4
    1.9600    1.0120    0.0145         4
    1.9650    1.0098    0.0137         4
    1.9700    1.0256    0.0128         4
    1.9750    1.0353    0.0114         4
    1.9800    0.9687    0.0113         4
    1.9850    0.9772    0.0118         4
    1.9900    0.9915    0.0116         4
    1.9950    0.9737    0.0153         4
    2.0000    0.9813    0.0166         4
    2.0050   -1.0000   -1.0000         0
    2.0100   -1.0000   -1.0000         0
    2.0150    1.0385    0.0157         4
    2.0200    1.0409    0.0146         4
    2.0250    0.9974    0.0133         4
    2.0300    0.9742    0.0114         4
    2.0350    1.0154    0.0117         4
    2.0400    1.0311    0.0115         4
    2.0450    1.0025    0.0133         4
    2.0500    0.9779    0.0136         4
    2.0550    1.0036    0.0131         4
    2.0600    1.0118    0.0131         4
    2.0650    1.0409    0.0127         4
    2.0700    1.0380    0.0134         4
    2.0750    1.0065    0.0121         4
    2.0800    1.0470    0.0121         4
    2.0850    1.0356    0.0115         4
    2.0900    1.0170    0.0118         4
    2.0950    1.0189    0.0119         4
    2.1000    1.0203    0.0125         4
    2.1050   -1.0000   -1.0000         0
    2.1100   -1.0000   -1.0000         0
    2.1150    1.0438    0.0137         4
    2.1200    1.0655    0.0123         4
    2.1250    1.0349    0.0123         4
    2.1300    1.0242    0.0123         4
    2.1350    1.0457    0.0119         4
    2.1400    1.0552    0.0121         4
    2.1450    1.0545    0.0127         4
    2.1500    1.0451    0.0123         4
    2.1550    1.0437    0.0121         4
    2.1600    1.0825    0.0131         4
    2.1650    1.0787    0.0149         1
    2.1700    1.0560    0.0133         4
    2.1750    1.0803    0.0138         4
    2.1800    1.0994    0.0135         4
    2.1850    1.0394    0.0138         4
    2.1900    1.0389    0.0150         4
    2.1950    1.0773    0.0139         4
    2.2000    1.0997    0.0136         4
    2.2050    1.0902    0.0152         4
    2.2100    1.0475    0.0141         4
    2.2150   -1.0000   -1.0000         0
    2.2200    1.0601    0.0126         4
    2.2250    1.0990    0.0130         4
    2.2300    1.0986    0.0148         4
    2.2350    1.0613    0.0143         4
    2.2400    1.0540    0.0144         4
    2.2450    1.0894    0.0144         4
    2.2500    1.1001    0.0161         4
    2.2550    1.0623    0.0141         4
    2.2600    1.0613    0.0141         4
    2.2650    1.0994    0.0153         4
    2.2700    1.0738    0.0138         4
    2.2750    1.1072    0.0141         4
    2.2800    1.0903    0.0147         4
    2.2850    1.0935    0.0147         4
    2.2900    1.0774    0.0156         4
    2.2950   -1.0000   -1.0000         0
    2.3000    1.0869    0.0174         4
    2.3050    1.0835    0.0154         4
    2.3100    1.0918    0.0155         4
    2.3150    1.1073    0.0159         4
    2.3200    1.0994    0.0175         2
    2.3250    1.0778    0.0160         4
    2.3300    1.0784    0.0162         4
    2.3350    1.1019    0.0163         1
    2.3400    1.0894    0.0166         4
    2.3450   -1.0000   -1.0000         0
    2.3500   -1.0000   -1.0000         0
    2.3550    1.1128    0.0175         4
    2.3600    1.1078    0.0177         4
    2.3650    1.1278    0.0172         4
    2.3700    1.1346    0.0178         4
    2.3750    1.1295    0.0175         1
    2.3800    1.0975    0.0185         4
    2.3850    1.0779    0.0193         4
    2.3900    1.0864    0.0178         4
    2.3950   -1.0000   -1.0000         0
    2.4000    1.1222    0.0183         2
    2.4050    1.0977    0.0184         4
    2.4100    1.0835    0.0184         4
    2.4150    1.1170    0.0191         4
    2.4200   -1.0000   -1.0000         0
    2.4250   -1.0000   -1.0000         0
    2.4300    1.0986    0.0178         4
    2.4350    1.0895    0.0194         4
    2.4400    1.0857    0.0203         4
    2.4450    1.1032    0.0192         4
    2.4500    1.0982    0.0204         4
    2.4550   -1.0000   -1.0000         0
    2.4600   -1.0000   -1.0000         0
    2.4650   -1.0000   -1.0000         0
    2.4700   -1.0000   -1.0000         0
    2.4750   -1.0000   -1.0000         0
    2.4800   -1.0000   -1.0000         0
    2.4850   -1.0000   -1.0000         0
    2.4900   -1.0000   -1.0000         0
