0.50000 0.91300
0.50050 0.89931
0.50100 0.89198
0.50150 0.90979
0.50200 0.92619
0.50250 0.93529
0.50300 0.90865
0.50350 0.88663
0.50400 0.86337
0.50450 0.82153
0.50500 0.81861
0.50550 0.84308
0.50600 0.94638
0.50650 0.99779
0.50700 0.99851
0.50750 0.88742
0.50800 0.82835
0.50850 0.82679
0.50900 0.95164
0.50950 0.96117
0.51000 0.88270
0.51050 0.91324
0.51100 0.95551
0.51150 1.00298
0.51200 0.97416
0.51250 0.93506
0.51300 0.88357
0.51350 0.90717
0.51400 0.93062
0.51450 0.94799
0.51500 0.98113
0.51550 0.98958
0.51600 0.92507
0.51650 0.88508
0.51700 0.87830
0.51750 0.93821
0.51800 0.95102
0.51850 0.94108
0.51900 0.93419
0.51950 0.93939
0.52000 0.95906
0.52050 1.00602
0.52100 0.99790
0.52150 0.95989
0.52200 0.92576
0.52250 0.91800
0.52300 0.92836
0.52350 0.93698
0.52400 0.95077
0.52450 0.95994
0.52500 0.97974
0.52550 0.97834
0.52600 0.95537
0.52650 0.96035
0.52700 0.95044
0.52750 0.91567
0.52800 0.94883
0.52850 0.97159
0.52900 0.96032
0.52950 0.95362
0.53000 0.96024
0.53050 1.00058
0.53100 0.98518
0.53150 0.96382
0.53200 0.98615
0.53250 0.99608
0.53300 1.00731
0.53350 1.03012
0.53400 1.02470
0.53450 1.00734
0.53500 1.01277
0.53550 1.01057
0.53600 1.00290
0.53650 0.97813
0.53700 0.99013
0.53750 1.03247
0.53800 1.05363
0.53850 1.03650
0.53900 0.98171
0.53950 0.96616
0.54000 0.96136
0.54050 0.96523
0.54100 0.95782
0.54150 0.96422
0.54200 0.99499
0.54250 1.03543
0.54300 1.04444
0.54350 0.98940
0.54400 0.99808
0.54450 1.01927
0.54500 1.03277
0.54550 1.01134
0.54600 0.99484
0.54650 1.02816
0.54700 1.03522
0.54750 1.03491
0.54800 1.05299
0.54850 1.03953
0.54900 1.01059
0.54950 0.99491
0.55000 1.00000
0.55050 1.01900
0.55100 1.04237
0.55150 1.04936
0.55200 1.04128
0.55250 1.02545
0.55300 1.02660
0.55350 1.04679
0.55400 1.03275
0.55450 1.02387
0.55500 1.02308
0.55550 1.04436
0.55600 1.05275
0.55650 1.03109
0.55700 1.03904
0.55750 1.05145
0.55800 1.05934
0.55850 1.07365
0.55900 1.08061
0.55950 1.06011
0.56000 1.02599
0.56050 0.99303
0.56100 0.98226
0.56150 0.98276
0.56200 0.99236
0.56250 1.02089
0.56300 1.03593
0.56350 1.03983
0.56400 1.01450
0.56450 0.99819
0.56500 0.99039
0.56550 1.02399
0.56600 1.04771
0.56650 1.06223
0.56700 1.05822
0.56750 1.06045
0.56800 1.07046
0.56850 1.05470
0.56900 1.05422
0.56950 1.07775
0.57000 1.10561
0.57050 1.12077
0.57100 1.11114
0.57150 1.07224
0.57200 1.03880
0.57250 1.03354
0.57300 1.05130
0.57350 1.06733
0.57400 1.05448
0.57450 1.07061
0.57500 1.09268
0.57550 1.09117
0.57600 1.09340
0.57650 1.09217
0.57700 1.05355
0.57750 1.06303
0.57800 1.10137
0.57850 1.08596
0.57900 1.07577
0.57950 1.06939
0.58000 1.07225
0.58050 1.07590
0.58100 1.08177
0.58150 1.11384
0.58200 1.11646
0.58250 1.08109
0.58300 1.07737
0.58350 1.07903
0.58400 1.08421
0.58450 1.07945
0.58500 1.07112
0.58550 1.06061
0.58600 1.08620
0.58650 1.10865
0.58700 1.09424
0.58750 1.09858
0.58800 1.10840
0.58850 1.11678
0.58900 1.10322
0.58950 1.08738
0.59000 1.10899
0.59050 1.11314
0.59100 1.10486
0.59150 1.07175
0.59200 1.04997
0.59250 1.03788
0.59300 1.06724
0.59350 1.07596
0.59400 1.06912
0.59450 1.08163
0.59500 1.08949
0.59550 1.09125
0.59600 1.11768
0.59650 1.13118
0.59700 1.12937
0.59750 1.09498
0.59800 1.07777
0.59850 1.09776
0.59900 1.12830
0.59950 1.14795
0.60000 1.14121
0.60050 1.14887
0.60100 1.15213
0.60150 1.13149
0.60200 1.11150
0.60250 1.09615
0.60300 1.10299
0.60350 1.11927
0.60400 1.13809
0.60450 1.13723
0.60500 1.12320
0.60550 1.10218
0.60600 1.11031
0.60650 1.11885
0.60700 1.13028
0.60750 1.14925
0.60800 1.15511
0.60850 1.15062
0.60900 1.14976
0.60950 1.14592
0.61000 1.14312
0.61050 1.14342
0.61100 1.14310
0.61150 1.14438
0.61200 1.13292
0.61250 1.13022
0.61300 1.15182
0.61350 1.14652
0.61400 1.12852
0.61450 1.09641
0.61500 1.09672
0.61550 1.09897
0.61600 1.08276
0.61650 1.11719
0.61700 1.16112
0.61750 1.16310
0.61800 1.15516
0.61850 1.13999
0.61900 1.13176
0.61950 1.13118
0.62000 1.13443
0.62050 1.16256
0.62100 1.17499
0.62150 1.17262
0.62200 1.14385
0.62250 1.12965
0.62300 1.13272
0.62350 1.13482
0.62400 1.14895
0.62450 1.17372
0.62500 1.17541
0.62550 1.17673
0.62600 1.18338
0.62650 1.17688
0.62700 1.17477
0.62750 1.19152
0.62800 1.19551
0.62850 1.19053
0.62900 1.17292
0.62950 1.16334
0.63000 1.15863
0.63050 1.17104
0.63100 1.15340
0.63150 1.13418
0.63200 1.17136
0.63250 1.19096
0.63300 1.19448
0.63350 1.15727
0.63400 1.14960
0.63450 1.15823
0.63500 1.15358
0.63550 1.16288
0.63600 1.18126
0.63650 1.18778
0.63700 1.17984
0.63750 1.15547
0.63800 1.15600
0.63850 1.15846
0.63900 1.15993
0.63950 1.17791
0.64000 1.18172
0.64050 1.16470
0.64100 1.16238
0.64150 1.16888
0.64200 1.17757
0.64250 1.17575
0.64300 1.16960
0.64350 1.17253
0.64400 1.18381
0.64450 1.19618
0.64500 1.19106
0.64550 1.18513
0.64600 1.17876
0.64650 1.18020
0.64700 1.18163
0.64750 1.18447
0.64800 1.18075
0.64850 1.18365
0.64900 1.19192
0.64950 1.19779
0.65000 1.19676
0.65050 1.18991
0.65100 1.18792
0.65150 1.18868
0.65200 1.18237
0.65250 1.17796
0.65300 1.16247
0.65350 1.14225
0.65400 1.15510
0.65450 1.17899
0.65500 1.21316
0.65550 1.23497
0.65600 1.23595
0.65650 1.19021
0.65700 1.16405
0.65750 1.15310
0.65800 1.18274
0.65850 1.19942
0.65900 1.21010
0.65950 1.21656
0.66000 1.21066
0.66050 1.20235
0.66100 1.19561
0.66150 1.18981
0.66200 1.18758
0.66250 1.20107
0.66300 1.19951
0.66350 1.18259
0.66400 1.19657
0.66450 1.21505
0.66500 1.23070
0.66550 1.21901
0.66600 1.21166
0.66650 1.20552
0.66700 1.22540
0.66750 1.24163
0.66800 1.24519
0.66850 1.22825
0.66900 1.21879
0.66950 1.22613
0.67000 1.23154
0.67050 1.23012
0.67100 1.22290
0.67150 1.21400
0.67200 1.20948
0.67250 1.20148
0.67300 1.20422
0.67350 1.21242
0.67400 1.22592
0.67450 1.24540
0.67500 1.26058
0.67550 1.25013
0.67600 1.23881
0.67650 1.23032
0.67700 1.22164
0.67750 1.22719
0.67800 1.25316
0.67850 1.24813
0.67900 1.24190
0.67950 1.22630
0.68000 1.22743
0.68050 1.23300
0.68100 1.24970
0.68150 1.25733
0.68200 1.25455
0.68250 1.23706
0.68300 1.21874
0.68350 1.21495
0.68400 1.25182
0.68450 1.26793
0.68500 1.26751
0.68550 1.24304
0.68600 1.22828
0.68650 1.22025
0.68700 1.23091
0.68750 1.24715
0.68800 1.25272
0.68850 1.22550
0.68900 1.23156
0.68950 1.25823
0.69000 1.28919
0.69050 1.26940
0.69100 1.21779
0.69150 1.22871
0.69200 1.23372
0.69250 1.23246
0.69300 1.23490
0.69350 1.23717
0.69400 1.24170
0.69450 1.24158
0.69500 1.23754
0.69550 1.22959
0.69600 1.23855
0.69650 1.25375
0.69700 1.27302
0.69750 1.24894
0.69800 1.22453
0.69850 1.21848
0.69900 1.22581
0.69950 1.24112
0.70000 1.25190
0.70050 1.26008
0.70100 1.26495
0.70150 1.24802
0.70200 1.24597
0.70250 1.25436
0.70300 1.29579
0.70350 1.31322
0.70400 1.31056
0.70450 1.27800
0.70500 1.26012
0.70550 1.25881
0.70600 1.27048
0.70650 1.27028
0.70700 1.26293
0.70750 1.25505
0.70800 1.25211
0.70850 1.25881
0.70900 1.25658
0.70950 1.25009
0.71000 1.23952
0.71050 1.24318
0.71100 1.25994
0.71150 1.28712
0.71200 1.29147
0.71250 1.28145
0.71300 1.25897
0.71350 1.23601
0.71400 1.22017
0.71450 1.23837
0.71500 1.25672
0.71550 1.27808
0.71600 1.28938
0.71650 1.29434
0.71700 1.29509
0.71750 1.28752
0.71800 1.27752
0.71850 1.27357
0.71900 1.28157
0.71950 1.27767
0.72000 1.26190
0.72050 1.24466
0.72100 1.24833
0.72150 1.27333
0.72200 1.28610
0.72250 1.29499
0.72300 1.29597
0.72350 1.29506
0.72400 1.28060
0.72450 1.24445
0.72500 1.25460
0.72550 1.26895
0.72600 1.27311
0.72650 1.25715
0.72700 1.24686
0.72750 1.26804
0.72800 1.27445
0.72850 1.26951
0.72900 1.25920
0.72950 1.26780
0.73000 1.28320
0.73050 1.27060
0.73100 1.27085
0.73150 1.27560
0.73200 1.27925
0.73250 1.28931
0.73300 1.30985
0.73350 1.29348
0.73400 1.27243
0.73450 1.24523
0.73500 1.26723
0.73550 1.28437
0.73600 1.29962
0.73650 1.29888
0.73700 1.29875
0.73750 1.28603
0.73800 1.28695
0.73850 1.28778
0.73900 1.28608
0.73950 1.28390
0.74000 1.27572
0.74050 1.26817
0.74100 1.27394
0.74150 1.28395
0.74200 1.29992
0.74250 1.29706
0.74300 1.28961
0.74350 1.29144
0.74400 1.29207
0.74450 1.29504
0.74500 1.29423
0.74550 1.30281
0.74600 1.31999
0.74650 1.31115
0.74700 1.29462
0.74750 1.27625
0.74800 1.27039
0.74850 1.27060
0.74900 1.27066
0.74950 1.30308
0.75000 1.32786
0.75050 1.33944
0.75100 1.31926
0.75150 1.29906
0.75200 1.28869
0.75250 1.29786
0.75300 1.29945
0.75350 1.27073
0.75400 1.25443
0.75450 1.25503
0.75500 1.27971
0.75550 1.28043
0.75600 1.27243
0.75650 1.27942
0.75700 1.26806
0.75750 1.25409
0.75800 1.26164
0.75850 1.27375
0.75900 1.28051
0.75950 1.30594
0.76000 1.29584
0.76050 1.26491
0.76100 1.29190
0.76150 1.30516
0.76200 1.30568
0.76250 1.30062
0.76300 1.30206
0.76350 1.31651
0.76400 1.28810
0.76450 1.27801
0.76500 1.28601
0.76550 1.31204
0.76600 1.33521
0.76650 1.34353
0.76700 1.32410
0.76750 1.29947
0.76800 1.27345
0.76850 1.30137
0.76900 1.33209
0.76950 1.32727
0.77000 1.34106
0.77050 1.36370
0.77100 1.38962
0.77150 1.36408
0.77200 1.32511
0.77250 1.34359
0.77300 1.35306
0.77350 1.35115
0.77400 1.33604
0.77450 1.30853
0.77500 1.26954
0.77550 1.32421
0.77600 1.34742
0.77650 1.33550
0.77700 1.32033
0.77750 1.30837
0.77800 1.29917
0.77850 1.28859
0.77900 1.29029
0.77950 1.31235
0.78000 1.31571
0.78050 1.31142
0.78100 1.30131
0.78150 1.30292
0.78200 1.31848
0.78250 1.37064
0.78300 1.34396
0.78350 1.30424
0.78400 1.30185
0.78450 1.29804
0.78500 1.28911
0.78550 1.26802
0.78600 1.27795
0.78650 1.30424
0.78700 1.30445
0.78750 1.31751
0.78800 1.33596
0.78850 1.30208
0.78900 1.27910
0.78950 1.26506
0.79000 1.25913
0.79050 1.27765
0.79100 1.32205
0.79150 1.32327
0.79200 1.31435
0.79250 1.29513
0.79300 1.31138
0.79350 1.32073
0.79400 1.31027
0.79450 1.28840
0.79500 1.28045
0.79550 1.31245
0.79600 1.30393
0.79650 1.29265
0.79700 1.29970
0.79750 1.29065
0.79800 1.28014
0.79850 1.28131
0.79900 1.31307
0.79950 1.34786
0.80000 1.31860
0.80050 1.28899
0.80100 1.26486
0.80150 1.30462
0.80200 1.31630
0.80250 1.30553
0.80300 1.29563
0.80350 1.30965
0.80400 1.34917
0.80450 1.33081
0.80500 1.31346
0.80550 1.30092
0.80600 1.29581
0.80650 1.28899
0.80700 1.27601
0.80750 1.28777
0.80800 1.29840
0.80850 1.29775
0.80900 1.30332
0.80950 1.31039
0.81000 1.31567
0.81050 1.30934
0.81100 1.30019
0.81150 1.29403
0.81200 1.29848
0.81250 1.30370
0.81300 1.30020
0.81350 1.29176
0.81400 1.28638
0.81450 1.31903
0.81500 1.33989
0.81550 1.35380
0.81600 1.35436
0.81650 1.35311
0.81700 1.34568
0.81750 1.36564
0.81800 1.34727
0.81850 1.29404
0.81900 1.29736
0.81950 1.31475
0.82000 1.34702
0.82050 1.31492
0.82100 1.29754
0.82150 1.31031
0.82200 1.32680
0.82250 1.33708
0.82300 1.33998
0.82350 1.32316
0.82400 1.32255
0.82450 1.37909
0.82500 1.38533
0.82550 1.36641
0.82600 1.31552
0.82650 1.31802
0.82700 1.33499
0.82750 1.31048
0.82800 1.31560
0.82850 1.33154
0.82900 1.30489
0.82950 1.30994
0.83000 1.33687
0.83050 1.34202
0.83100 1.34623
0.83150 1.34932
0.83200 1.31383
0.83250 1.30664
0.83300 1.33073
0.83350 1.28461
0.83400 1.26300
0.83450 1.27783
0.83500 1.31206
0.83550 1.33329
0.83600 1.31671
0.83650 1.28798
0.83700 1.26610
0.83750 1.25962
0.83800 1.24963
0.83850 1.23778
0.83900 1.22927
0.83950 1.26744
0.84000 1.31029
0.84050 1.30938
0.84100 1.31353
0.84150 1.31882
0.84200 1.29982
0.84250 1.28772
0.84300 1.28399
0.84350 1.35610
0.84400 1.35980
0.84450 1.31137
0.84500 1.31333
0.84550 1.32415
0.84600 1.34579
0.84650 1.33202
0.84700 1.32711
0.84750 1.32946
0.84800 1.35137
0.84850 1.35787
0.84900 1.33939
0.84950 1.31710
0.85000 1.30705
0.85050 1.32787
0.85100 1.34484
0.85150 1.35506
0.85200 1.35660
0.85250 1.31981
0.85300 1.28438
0.85350 1.27780
0.85400 1.30519
0.85450 1.33963
0.85500 1.33828
0.85550 1.34621
0.85600 1.35791
0.85650 1.35526
0.85700 1.33341
0.85750 1.30267
0.85800 1.33136
0.85850 1.37222
0.85900 1.42075
0.85950 1.39514
0.86000 1.35711
0.86050 1.30279
0.86100 1.30732
0.86150 1.31578
0.86200 1.32730
0.86250 1.31283
0.86300 1.31243
0.86350 1.33651
0.86400 1.34686
0.86450 1.34312
0.86500 1.31948
0.86550 1.32471
0.86600 1.33173
0.86650 1.32300
0.86700 1.33499
0.86750 1.34751
0.86800 1.33923
0.86850 1.33088
0.86900 1.32660
0.86950 1.34169
0.87000 1.34063
0.87050 1.33364
0.87100 1.33509
0.87150 1.33508
0.87200 1.33295
0.87250 1.32182
0.87300 1.34186
0.87350 1.39304
0.87400 1.37477
0.87450 1.35902
0.87500 1.35403
0.87550 1.33197
0.87600 1.31477
0.87650 1.30223
0.87700 1.33330
0.87750 1.34279
0.87800 1.31726
0.87850 1.31475
0.87900 1.31388
0.87950 1.30356
0.88000 1.29453
0.88050 1.27663
0.88100 1.22198
0.88150 1.27215
0.88200 1.34896
0.88250 1.40622
0.88300 1.37932
0.88350 1.30783
0.88400 1.23978
0.88450 1.26510
0.88500 1.33220
0.88550 1.29141
0.88600 1.28515
0.88650 1.30630
0.88700 1.32233
0.88750 1.31787
0.88800 1.28451
0.88850 1.27743
0.88900 1.26620
0.88950 1.25855
0.89000 1.28138
0.89050 1.30364
0.89100 1.31564
0.89150 1.32734
0.89200 1.32218
0.89250 1.27334
0.89300 1.27294
0.89350 1.28676
0.89400 1.30369
0.89450 1.31400
0.89500 1.32217
0.89550 1.36392
0.89600 1.36626
0.89650 1.35400
0.89700 1.33497
0.89750 1.33794
0.89800 1.35068
0.89850 1.33223
0.89900 1.30524
0.89950 1.27003
0.90000 1.27186
