0.50000 1.02072
0.50050 1.02278
0.50100 1.00205
0.50150 1.00232
0.50200 1.01105
0.50250 1.01301
0.50300 1.00657
0.50350 0.99802
0.50400 1.00343
0.50450 1.02084
0.50500 1.04396
0.50550 1.02844
0.50600 1.01497
0.50650 1.00345
0.50700 1.00649
0.50750 1.01126
0.50800 1.01878
0.50850 1.01917
0.50900 1.01646
0.50950 1.01076
0.51000 1.00873
0.51050 1.00234
0.51100 0.98394
0.51150 0.99106
0.51200 1.00388
0.51250 1.00731
0.51300 1.00559
0.51350 1.00165
0.51400 1.00024
0.51450 0.99491
0.51500 0.98709
0.51550 0.97949
0.51600 0.98117
0.51650 0.99078
0.51700 0.97928
0.51750 0.97940
0.51800 0.99289
0.51850 0.99324
0.51900 0.99973
0.51950 1.01625
0.52000 1.00785
0.52050 0.99913
0.52100 0.99743
0.52150 1.01652
0.52200 1.03336
0.52250 1.03078
0.52300 1.02943
0.52350 1.02600
0.52400 1.00642
0.52450 0.99639
0.52500 0.99402
0.52550 1.01139
0.52600 1.02185
0.52650 1.02487
0.52700 1.02825
0.52750 1.02591
0.52800 1.01884
0.52850 1.01894
0.52900 1.01520
0.52950 1.00820
0.53000 1.01043
0.53050 1.01474
0.53100 1.01386
0.53150 1.01629
0.53200 1.02003
0.53250 1.01737
0.53300 1.01359
0.53350 1.01084
0.53400 1.01535
0.53450 1.01199
0.53500 1.00449
0.53550 1.00572
0.53600 1.00824
0.53650 1.01067
0.53700 1.00827
0.53750 1.00500
0.53800 1.00239
0.53850 1.00558
0.53900 1.00893
0.53950 1.01086
0.54000 1.00933
0.54050 1.00677
0.54100 0.99782
0.54150 1.00408
0.54200 1.01121
0.54250 1.00944
0.54300 1.00815
0.54350 1.00944
0.54400 1.01651
0.54450 1.01760
0.54500 1.01558
0.54550 1.01275
0.54600 1.01186
0.54650 1.00995
0.54700 1.01232
0.54750 1.00464
0.54800 0.99432
0.54850 0.99970
0.54900 1.00368
0.54950 1.01016
0.55000 1.00000
0.55050 0.99593
0.55100 1.00292
0.55150 1.00495
0.55200 1.00715
0.55250 1.00363
0.55300 1.00818
0.55350 1.01108
0.55400 0.99782
0.55450 0.99453
0.55500 0.99312
0.55550 0.99975
0.55600 0.99301
0.55650 0.97984
0.55700 0.97839
0.55750 0.98345
0.55800 0.99524
0.55850 1.00370
0.55900 1.00075
0.55950 0.98258
0.56000 0.98805
0.56050 1.00486
0.56100 1.02281
0.56150 1.01076
0.56200 0.99613
0.56250 0.98863
0.56300 0.99335
0.56350 1.00632
0.56400 1.02599
0.56450 1.02002
0.56500 1.00756
0.56550 0.99908
0.56600 0.99668
0.56650 0.99753
0.56700 0.99991
0.56750 1.00245
0.56800 1.00469
0.56850 1.00149
0.56900 0.99706
0.56950 0.99007
0.57000 0.99960
0.57050 1.00979
0.57100 1.01630
0.57150 1.01622
0.57200 1.01277
0.57250 1.00365
0.57300 1.00862
0.57350 1.01444
0.57400 1.00924
0.57450 1.00273
0.57500 0.99815
0.57550 1.00130
0.57600 1.00222
0.57650 1.00223
0.57700 0.99859
0.57750 0.99592
0.57800 0.99674
0.57850 1.00147
0.57900 1.00497
0.57950 0.99888
0.58000 1.00208
0.58050 1.00820
0.58100 1.00404
0.58150 1.00242
0.58200 1.00209
0.58250 1.00194
0.58300 1.00543
0.58350 1.00848
0.58400 0.99859
0.58450 0.99632
0.58500 0.99587
0.58550 0.98095
0.58600 0.97719
0.58650 0.98562
0.58700 0.99625
0.58750 0.99910
0.58800 0.98838
0.58850 0.97040
0.58900 0.97052
0.58950 0.98365
0.59000 0.99050
0.59050 0.99448
0.59100 0.99460
0.59150 0.98933
0.59200 0.98698
0.59250 0.99078
0.59300 1.00225
0.59350 1.00909
0.59400 1.01104
0.59450 1.00722
0.59500 1.00454
0.59550 1.00326
0.59600 1.00346
0.59650 1.00315
0.59700 1.00947
0.59750 1.00960
0.59800 1.00353
0.59850 1.00522
0.59900 0.99931
0.59950 0.99050
0.60000 0.99025
0.60050 0.99166
0.60100 0.99314
0.60150 0.99178
0.60200 0.99397
0.60250 1.00028
0.60300 0.99328
0.60350 0.98787
0.60400 0.98736
0.60450 0.99397
0.60500 1.00494
0.60550 1.00976
0.60600 1.00882
0.60650 1.00667
0.60700 1.00165
0.60750 0.99978
0.60800 0.99804
0.60850 0.99042
0.60900 0.99042
0.60950 0.99538
0.61000 0.99239
0.61050 0.99071
0.61100 0.99712
0.61150 0.99737
0.61200 0.99666
0.61250 0.99580
0.61300 0.99161
0.61350 0.99183
0.61400 0.99364
0.61450 0.99305
0.61500 0.99207
0.61550 0.98864
0.61600 0.98937
0.61650 0.99405
0.61700 1.00140
0.61750 1.00686
0.61800 1.01263
0.61850 0.99645
0.61900 0.98778
0.61950 0.98906
0.62000 0.99186
0.62050 0.99326
0.62100 0.99418
0.62150 0.99604
0.62200 0.99517
0.62250 0.99172
0.62300 0.98278
0.62350 0.97518
0.62400 0.97415
0.62450 0.97986
0.62500 0.98683
0.62550 0.98720
0.62600 0.98251
0.62650 0.97657
0.62700 0.97549
0.62750 0.98107
0.62800 0.98886
0.62850 0.99394
0.62900 0.99051
0.62950 0.98051
0.63000 0.98399
0.63050 0.98665
0.63100 0.98895
0.63150 0.98344
0.63200 0.98103
0.63250 0.98517
0.63300 0.98317
0.63350 0.98011
0.63400 0.97414
0.63450 0.98574
0.63500 0.99756
0.63550 0.99658
0.63600 0.99121
0.63650 0.98595
0.63700 0.98821
0.63750 0.99064
0.63800 0.99346
0.63850 0.99758
0.63900 0.99684
0.63950 0.99227
0.64000 0.98830
0.64050 0.98555
0.64100 0.98378
0.64150 0.98480
0.64200 0.98450
0.64250 0.98249
0.64300 0.97849
0.64350 0.97673
0.64400 0.97952
0.64450 0.98618
0.64500 0.99143
0.64550 0.99082
0.64600 0.98789
0.64650 0.98431
0.64700 0.98165
0.64750 0.98038
0.64800 0.98019
0.64850 0.98260
0.64900 0.98563
0.64950 0.98854
0.65000 0.98928
0.65050 0.98667
0.65100 0.98144
0.65150 0.97634
0.65200 0.97748
0.65250 0.98566
0.65300 0.99223
0.65350 0.99369
0.65400 0.98615
0.65450 0.98016
0.65500 0.97868
0.65550 0.98634
0.65600 0.99351
0.65650 0.99770
0.65700 0.99188
0.65750 0.99499
0.65800 1.00063
0.65850 0.99629
0.65900 0.99213
0.65950 0.98786
0.66000 0.99240
0.66050 0.99438
0.66100 0.99364
0.66150 0.98942
0.66200 0.98385
0.66250 0.97765
0.66300 0.98236
0.66350 0.98637
0.66400 0.99025
0.66450 0.99154
0.66500 0.98925
0.66550 0.98090
0.66600 0.98324
0.66650 0.98749
0.66700 0.99196
0.66750 0.99828
0.66800 1.00237
0.66850 1.00086
0.66900 0.99321
0.66950 0.98242
0.67000 0.98227
0.67050 0.98289
0.67100 0.98557
0.67150 0.98050
0.67200 0.98110
0.67250 0.98746
0.67300 0.98928
0.67350 0.98541
0.67400 0.97676
0.67450 0.98273
0.67500 0.98887
0.67550 0.99016
0.67600 0.99056
0.67650 0.99007
0.67700 0.98841
0.67750 0.98675
0.67800 0.98488
0.67850 0.98498
0.67900 0.97679
0.67950 0.96350
0.68000 0.96915
0.68050 0.97116
0.68100 0.97151
0.68150 0.96954
0.68200 0.96895
0.68250 0.96992
0.68300 0.96935
0.68350 0.97022
0.68400 0.97149
0.68450 0.96982
0.68500 0.97160
0.68550 0.97779
0.68600 0.97873
0.68650 0.97738
0.68700 0.97857
0.68750 0.97989
0.68800 0.98030
0.68850 0.98542
0.68900 0.98294
0.68950 0.97839
0.69000 0.98175
0.69050 0.98152
0.69100 0.97871
0.69150 0.97799
0.69200 0.97910
0.69250 0.98260
0.69300 0.98922
0.69350 0.98967
0.69400 0.98202
0.69450 0.97808
0.69500 0.97714
0.69550 0.97809
0.69600 0.97497
0.69650 0.97056
0.69700 0.97264
0.69750 0.97067
0.69800 0.96757
0.69850 0.96759
0.69900 0.97268
0.69950 0.97889
0.70000 0.97838
0.70050 0.98118
0.70100 0.98398
0.70150 0.98082
0.70200 0.98267
0.70250 0.98525
0.70300 0.98837
0.70350 0.98561
0.70400 0.97625
0.70450 0.97092
0.70500 0.97256
0.70550 0.97881
0.70600 0.97874
0.70650 0.97960
0.70700 0.97797
0.70750 0.98000
0.70800 0.98195
0.70850 0.98671
0.70900 0.98519
0.70950 0.98614
0.71000 0.98259
0.71050 0.97798
0.71100 0.97298
0.71150 0.96922
0.71200 0.97330
0.71250 0.98090
0.71300 0.97744
0.71350 0.97328
0.71400 0.96689
0.71450 0.96634
0.71500 0.96969
0.71550 0.97548
0.71600 0.97654
0.71650 0.97718
0.71700 0.98292
0.71750 0.98028
0.71800 0.97616
0.71850 0.97720
0.71900 0.97938
0.71950 0.98083
0.72000 0.98483
0.72050 0.98428
0.72100 0.98312
0.72150 0.98017
0.72200 0.97612
0.72250 0.97170
0.72300 0.97738
0.72350 0.98162
0.72400 0.98350
0.72450 0.98376
0.72500 0.98305
0.72550 0.98031
0.72600 0.97835
0.72650 0.97819
0.72700 0.98119
0.72750 0.97960
0.72800 0.97864
0.72850 0.98097
0.72900 0.97765
0.72950 0.97514
0.73000 0.97834
0.73050 0.98115
0.73100 0.98255
0.73150 0.97560
0.73200 0.97078
0.73250 0.97067
0.73300 0.97174
0.73350 0.97619
0.73400 0.98361
0.73450 0.97916
0.73500 0.97326
0.73550 0.96362
0.73600 0.96906
0.73650 0.97491
0.73700 0.97290
0.73750 0.97332
0.73800 0.97470
0.73850 0.98176
0.73900 0.98143
0.73950 0.97838
0.74000 0.97711
0.74050 0.97570
0.74100 0.97622
0.74150 0.98197
0.74200 0.98298
0.74250 0.97959
0.74300 0.97881
0.74350 0.98344
0.74400 0.99273
0.74450 0.98823
0.74500 0.98373
0.74550 0.98211
0.74600 0.97854
0.74650 0.97788
0.74700 0.97962
0.74750 0.97930
0.74800 0.97614
0.74850 0.96885
0.74900 0.97026
0.74950 0.97486
0.75000 0.97860
0.75050 0.97733
0.75100 0.97435
0.75150 0.98409
0.75200 0.98909
0.75250 0.98954
0.75300 0.97596
0.75350 0.96588
0.75400 0.96727
0.75450 0.97523
0.75500 0.98503
0.75550 0.99304
0.75600 0.99588
0.75650 0.99807
0.75700 0.99588
0.75750 0.99956
0.75800 1.00256
0.75850 0.99381
0.75900 0.98574
0.75950 0.97837
0.76000 0.98177
0.76050 0.98455
0.76100 0.98509
0.76150 0.98044
0.76200 0.98062
0.76250 0.98142
0.76300 0.97326
0.76350 0.97324
0.76400 0.97987
0.76450 0.98907
0.76500 0.99017
0.76550 0.98380
0.76600 0.98328
0.76650 0.98234
0.76700 0.98081
0.76750 0.97984
0.76800 0.97902
0.76850 0.97819
0.76900 0.97845
0.76950 0.97921
0.77000 0.98056
0.77050 0.98268
0.77100 0.98385
0.77150 0.97915
0.77200 0.97928
0.77250 0.98145
0.77300 0.97797
0.77350 0.97950
0.77400 0.98463
0.77450 0.98339
0.77500 0.98709
0.77550 0.99587
0.77600 0.99337
0.77650 0.98732
0.77700 0.97697
0.77750 0.97956
0.77800 0.98709
0.77850 1.00195
0.77900 1.00813
0.77950 1.00711
0.78000 0.99625
0.78050 0.99854
0.78100 1.00359
0.78150 1.00198
0.78200 1.00568
0.78250 1.00904
0.78300 0.99268
0.78350 0.99016
0.78400 0.99774
0.78450 1.00126
0.78500 0.99805
0.78550 0.98853
0.78600 0.99639
0.78650 1.00327
0.78700 1.00733
0.78750 0.98823
0.78800 0.97459
0.78850 0.97579
0.78900 0.97913
0.78950 0.97902
0.79000 0.97225
0.79050 0.96691
0.79100 0.96622
0.79150 0.97561
0.79200 0.98551
0.79250 0.99326
0.79300 0.98517
0.79350 0.98699
0.79400 0.99313
0.79450 0.98886
0.79500 0.98601
0.79550 0.98341
0.79600 0.98934
0.79650 0.99123
0.79700 0.98691
0.79750 0.98214
0.79800 0.98111
0.79850 0.98550
0.79900 0.98934
0.79950 0.99313
0.80000 0.99936
0.80050 0.99317
0.80100 0.98728
0.80150 0.99012
0.80200 0.99418
0.80250 0.99458
0.80300 0.99074
0.80350 0.99089
0.80400 0.99535
0.80450 0.99274
0.80500 0.98634
0.80550 0.97987
0.80600 0.98383
0.80650 0.99101
0.80700 1.00056
0.80750 0.99751
0.80800 0.99631
0.80850 0.99647
0.80900 1.00384
0.80950 1.00952
0.81000 1.00685
0.81050 1.00439
0.81100 1.00368
0.81150 1.00949
0.81200 1.00824
0.81250 1.00308
0.81300 1.00071
0.81350 0.99862
0.81400 0.99745
0.81450 0.98372
0.81500 0.98386
0.81550 0.99420
0.81600 1.00074
0.81650 1.00412
0.81700 0.99843
0.81750 1.00487
0.81800 1.01155
0.81850 1.02093
0.81900 1.02258
0.81950 1.01601
0.82000 0.99848
0.82050 0.98916
0.82100 0.98938
0.82150 0.99945
0.82200 0.99903
0.82250 0.99674
0.82300 0.99623
0.82350 1.00558
0.82400 1.01978
0.82450 1.01263
0.82500 1.00424
0.82550 0.99549
0.82600 0.99408
0.82650 0.98324
0.82700 0.96565
0.82750 0.96904
0.82800 0.97638
0.82850 0.98340
0.82900 0.98740
0.82950 0.98508
0.83000 0.97480
0.83050 0.98406
0.83100 0.99584
0.83150 1.00615
0.83200 0.99968
0.83250 0.98883
0.83300 0.98905
0.83350 0.98611
0.83400 0.98402
0.83450 0.99187
0.83500 0.99172
0.83550 0.98170
0.83600 0.98536
0.83650 0.99320
0.83700 0.99915
0.83750 0.98313
0.83800 0.97742
0.83850 0.98095
0.83900 0.98476
0.83950 0.99016
0.84000 0.99433
0.84050 0.99130
0.84100 0.99229
0.84150 1.00048
0.84200 0.99151
0.84250 0.98722
0.84300 1.00071
0.84350 1.00182
0.84400 0.99865
0.84450 0.99304
0.84500 0.99574
0.84550 1.00307
0.84600 1.00388
0.84650 1.00605
0.84700 1.00651
0.84750 1.01024
0.84800 1.00824
0.84850 0.99878
0.84900 1.00296
0.84950 1.00804
0.85000 1.01199
0.85050 1.00539
0.85100 0.99773
0.85150 0.99536
0.85200 0.99245
0.85250 0.98806
0.85300 0.98182
0.85350 0.98356
0.85400 0.98900
0.85450 0.99509
0.85500 0.99943
0.85550 1.00571
0.85600 1.00726
0.85650 1.00213
0.85700 0.99075
0.85750 0.97341
0.85800 0.97054
0.85850 0.98337
0.85900 1.00116
0.85950 1.01114
0.86000 1.00497
0.86050 1.01160
0.86100 1.01861
0.86150 1.02281
0.86200 1.01470
0.86250 0.99781
0.86300 0.98464
0.86350 0.98067
0.86400 0.98319
0.86450 0.99537
0.86500 1.00123
0.86550 1.00317
0.86600 0.99633
0.86650 0.99189
0.86700 0.99371
0.86750 0.99892
0.86800 1.00483
0.86850 1.00963
0.86900 1.01185
0.86950 1.01422
0.87000 1.01534
0.87050 1.00538
0.87100 0.99438
0.87150 0.97992
0.87200 0.99398
0.87250 1.00819
0.87300 1.00877
0.87350 0.99828
0.87400 0.98757
0.87450 0.99779
0.87500 0.98784
0.87550 0.97228
0.87600 0.98772
0.87650 1.00059
0.87700 1.00922
0.87750 1.00164
0.87800 1.00179
0.87850 1.00961
0.87900 1.00746
0.87950 1.00000
0.88000 0.98369
0.88050 0.99542
0.88100 1.00772
0.88150 1.01461
0.88200 1.01053
0.88250 1.00508
0.88300 0.99237
0.88350 0.98915
0.88400 0.99217
0.88450 1.00105
0.88500 0.99549
0.88550 0.98304
0.88600 0.97056
0.88650 0.97177
0.88700 0.98221
0.88750 0.99039
0.88800 0.99667
0.88850 1.00177
0.88900 1.00078
0.88950 1.00249
0.89000 1.00998
0.89050 1.01152
0.89100 1.01324
0.89150 1.01770
0.89200 1.00558
0.89250 0.99685
0.89300 1.00575
0.89350 1.01755
0.89400 1.02605
0.89450 1.01788
0.89500 1.00839
0.89550 0.99905
0.89600 0.99020
0.89650 0.98524
0.89700 0.98241
0.89750 0.97985
0.89800 0.98084
0.89850 0.98471
0.89900 0.98853
0.89950 0.99102
0.90000 0.99212
