    0.6500   -1.0000   -1.0000         0
    0.6550   -1.0000   -1.0000         0
    0.6600   -1.0000   -1.0000         0
    0.6650   -1.0000   -1.0000         0
    0.6700   -1.0000   -1.0000         0
    0.6750   -1.0000   -1.0000         0
    0.6800   -1.0000   -1.0000         0
    0.6850   -1.0000   -1.0000         0
    0.6900   -1.0000   -1.0000         0
    0.6950   -1.0000   -1.0000         0
    0.7000   -1.0000   -1.0000         0
    0.7050   -1.0000   -1.0000         0
    0.7100   -1.0000   -1.0000         0
    0.7150   -1.0000   -1.0000         0
    0.7200   -1.0000   -1.0000         0
    0.7250   -1.0000   -1.0000         0
    0.7300   -1.0000   -1.0000         0
    0.7350   -1.0000   -1.0000         0
    0.7400   -1.0000   -1.0000         0
    0.7450   -1.0000   -1.0000         0
    0.7500   -1.0000   -1.0000         0
    0.7550   -1.0000   -1.0000         0
    0.7600   -1.0000   -1.0000         0
    0.7650   -1.0000   -1.0000         0
    0.7700    0.6102    0.0066         4
    0.7750    0.6245    0.0064         4
    0.7800    0.6294    0.0063         4
    0.7850    0.6385    0.0062         4
    0.7900    0.6404    0.0062         4
    0.7950    0.6547    0.0061         4
    0.8000    0.6577    0.0061         4
    0.8050    0.6622    0.0060         4
    0.8100    0.6714    0.0061         4
    0.8150    0.6819    0.0061         4
    0.8200    0.6840    0.0061         4
    0.8250    0.7000    0.0061         4
    0.8300    0.7087    0.0060         4
    0.8350    0.7171    0.0059         4
    0.8400    0.7208    0.0058         4
    0.8450    0.7300    0.0058         4
    0.8500    0.7362    0.0058         4
    0.8550    0.7432    0.0057         4
    0.8600    0.7475    0.0057         4
    0.8650    0.7547    0.0056         4
    0.8700    0.7678    0.0056         4
    0.8750    0.7749    0.0056         4
    0.8800    0.7811    0.0055         4
    0.8850    0.7927    0.0055         4
    0.8900    0.7978    0.0054         4
    0.8950    0.8012    0.0055         4
    0.9000    0.8097    0.0055         4
    0.9050    0.8212    0.0055         4
    0.9100    0.8292    0.0055         4
    0.9150    0.8371    0.0054         4
    0.9200    0.8409    0.0053         4
    0.9250    0.8481    0.0053         4
    0.9300    0.8566    0.0054         4
    0.9350    0.8646    0.0055         4
    0.9400    0.8747    0.0057         4
    0.9450    0.8795    0.0058         4
    0.9500    0.8772    0.0057         4
    0.9550    0.8856    0.0057         4
    0.9600    0.8940    0.0056         4
    0.9650    0.9000    0.0054         4
    0.9700    0.9106    0.0053         4
    0.9750    0.9141    0.0052         4
    0.9800    0.9240    0.0052         4
    0.9850    0.9304    0.0051         4
    0.9900    0.9328    0.0050         4
    0.9950    0.9374    0.0049         4
    1.0000    0.9379    0.0048         4
    1.0050    0.9397    0.0047         3
    1.0100    0.9525    0.0049         4
    1.0150    0.9563    0.0048         4
    1.0200    0.9599    0.0048         4
    1.0250    0.9722    0.0048         4
    1.0300    0.9803    0.0048         4
    1.0350    0.9891    0.0048         4
    1.0400    0.9970    0.0048         4
    1.0450    0.9981    0.0048         4
    1.0500    1.0072    0.0049         4
    1.0550    1.0146    0.0049         4
    1.0600    1.0181    0.0049         4
    1.0650    1.0258    0.0050         4
    1.0700    1.0272    0.0051         4
    1.0750    1.0337    0.0051         4
    1.0800    1.0424    0.0052         4
    1.0850    1.0413    0.0052         4
    1.0900    1.0418    0.0053         4
    1.0950    1.0497    0.0054         4
    1.1000    1.0550    0.0054         4
    1.1050    1.0574    0.0054         4
    1.1100    1.0642    0.0055         4
    1.1150    1.0715    0.0057         4
    1.1200    1.0789    0.0059         4
    1.1250    1.0777    0.0062         4
    1.1300    1.0884    0.0066         4
    1.1350    1.0960    0.0068         4
    1.1400    1.1044    0.0068         4
    1.1450    1.1054    0.0067         4
    1.1500    1.1059    0.0066         4
    1.1550    1.1152    0.0064         4
    1.1600    1.1165    0.0063         4
    1.1650    1.1179    0.0061         4
    1.1700    1.1277    0.0059         4
    1.1750    1.1273    0.0058         4
    1.1800    1.1304    0.0058         4
    1.1850    1.1350    0.0058         4
    1.1900    1.1334    0.0058         4
    1.1950    1.1439    0.0059         4
    1.2000    1.1524    0.0059         4
    1.2050    1.1514    0.0060         4
    1.2100    1.1596    0.0060         4
    1.2150    1.1686    0.0061         4
    1.2200    1.1619    0.0061         4
    1.2250    1.1602    0.0061         4
    1.2300    1.1702    0.0061         4
    1.2350    1.1818    0.0061         4
    1.2400    1.1827    0.0061         4
    1.2450    1.1829    0.0062         4
    1.2500    1.1858    0.0062         4
    1.2550    1.1849    0.0062         4
    1.2600    1.1840    0.0063         4
    1.2650    1.1875    0.0064         4
    1.2700    1.1890    0.0065         4
    1.2750    1.2070    0.0068         3
    1.2800   -1.0000   -1.0000         0
    1.2850    1.1877    0.0066         3
    1.2900    1.1949    0.0063         4
    1.2950    1.2049    0.0063         4
    1.3000    1.2104    0.0063         4
    1.3050    1.2141    0.0063         4
    1.3100    1.2171    0.0063         4
    1.3150    1.2224    0.0064         4
    1.3200    1.2229    0.0065         4
    1.3250    1.2318    0.0066         4
    1.3300    1.2399    0.0067         4
    1.3350    1.2482    0.0067         4
    1.3400    1.2585    0.0072         3
    1.3450    1.2609    0.0075         3
    1.3500    1.2632    0.0081         2
    1.3550    1.2390    0.0092         3
    1.3600    1.2263    0.0082         1
    1.3650    1.2404    0.0237         2
    1.3700    1.2737    0.0263         3
    1.3750    1.2384    0.0179         2
    1.3800    1.2280    0.0092         1
    1.3850    1.2376    0.0089         1
    1.3900    1.2555    0.0192         4
    1.3950    1.2364    0.0175         2
    1.4000    1.2550    0.0177         4
    1.4050    1.2534    0.0163         4
    1.4100    1.2503    0.0149         3
    1.4150    1.2641    0.0139         4
    1.4200    1.2718    0.0125         4
    1.4250    1.2706    0.0115         4
    1.4300    1.2779    0.0111         4
    1.4350    1.2788    0.0106         4
    1.4400    1.2809    0.0103         4
    1.4450    1.2831    0.0102         4
    1.4500   -1.0000   -1.0000         0
    1.4550    1.2945    0.0090         4
    1.4600    1.2837    0.0087         4
    1.4650    1.2892    0.0087         4
    1.4700    1.3036    0.0086         4
    1.4750    1.3056    0.0087         4
    1.4800    1.3060    0.0087         4
    1.4850    1.3086    0.0084         4
    1.4900    1.2990    0.0081         4
    1.4950    1.3120    0.0080         4
    1.5000   -1.0000   -1.0000         0
    1.5050    1.3243    0.0075         4
    1.5100    1.3188    0.0074         4
    1.5150    1.2992    0.0072         3
    1.5200    1.3231    0.0073         4
    1.5250    1.3121    0.0072         4
    1.5300    1.3080    0.0072         4
    1.5350    1.3100    0.0072         4
    1.5400    1.3323    0.0073         4
    1.5450    1.3263    0.0072         4
    1.5500    1.3298    0.0072         4
    1.5550    1.3251    0.0072         4
    1.5600    1.3334    0.0072         4
    1.5650    1.3287    0.0073         4
    1.5700    1.3363    0.0074         4
    1.5750    1.3383    0.0075         4
    1.5800    1.3471    0.0076         4
    1.5850    1.3470    0.0077         4
    1.5900    1.3508    0.0077         4
    1.5950    1.3524    0.0077         4
    1.6000    1.3540    0.0077         4
    1.6050    1.3484    0.0077         4
    1.6100    1.3529    0.0078         4
    1.6150    1.3532    0.0078         4
    1.6200    1.3401    0.0077         4
    1.6250    1.3323    0.0077         4
    1.6300    1.3480    0.0077         4
    1.6350    1.3524    0.0078         4
    1.6400    1.3390    0.0078         4
    1.6450    1.3513    0.0079         4
    1.6500    1.3572    0.0080         4
    1.6550    1.3714    0.0081         4
    1.6600    1.3759    0.0081         4
    1.6650    1.3665    0.0080         4
    1.6700    1.3607    0.0081         4
    1.6750    1.3656    0.0081         4
    1.6800    1.3586    0.0083         4
    1.6850    1.3612    0.0083         4
    1.6900    1.3719    0.0083         4
    1.6950    1.3808    0.0084         4
    1.7000    1.3780    0.0084         4
    1.7050    1.3702    0.0085         4
    1.7100    1.3799    0.0086         4
    1.7150    1.3958    0.0086         4
    1.7200    1.4042    0.0087         4
    1.7250    1.4042    0.0088         4
    1.7300    1.3751    0.0090         4
    1.7350    1.3799    0.0090         4
    1.7400    1.3771    0.0091         4
    1.7450    1.3939    0.0093         4
    1.7500    1.3894    0.0093         4
    1.7550    1.3910    0.0093         4
    1.7600    1.4021    0.0093         4
    1.7650    1.4019    0.0094         4
    1.7700    1.3985    0.0094         4
    1.7750    1.3933    0.0096         4
    1.7800    1.3993    0.0098         4
    1.7850    1.3982    0.0100         4
    1.7900    1.4058    0.0103         4
    1.7950    1.4196    0.0106         4
    1.8000    1.4241    0.0113         4
    1.8050    1.4219    0.0121         4
    1.8100    1.4237    0.0133         4
    1.8150    1.4256    0.0149         4
    1.8200    1.4168    0.0155         3
    1.8250    1.4115    0.0170         3
    1.8300    1.3971    0.0164         2
    1.8350   -1.0000   -1.0000         0
    1.8400    1.3960    0.0237         2
    1.8450    1.4037    0.0445         4
    1.8500    1.4213    0.0324         2
    1.8550    1.4066    0.0152         1
    1.8600    1.4045    0.0401         3
    1.8650   -1.0000   -1.0000         0
    1.8700   -1.0000   -1.0000         0
    1.8750    1.4521    0.0614         2
    1.8800    1.4269    0.0416         3
    1.8850    1.4152    0.0357         3
    1.8900    1.4249    0.0283         4
    1.8950    1.4381    0.0261         4
    1.9000    1.4237    0.0317         3
    1.9050    1.4073    0.0351         4
    1.9100    1.4218    0.0361         3
    1.9150   -1.0000   -1.0000         0
    1.9200    1.4693    0.0340         3
    1.9250    1.4408    0.0272         4
    1.9300    1.4309    0.0234         4
    1.9350    1.4926    0.0235         3
    1.9400    1.4155    0.0199         3
    1.9450    1.4983    0.0206         3
    1.9500    1.4344    0.0185         4
    1.9550    1.4412    0.0192         4
    1.9600    1.4719    0.0196         4
    1.9650    1.4800    0.0192         4
    1.9700    1.4731    0.0180         4
    1.9750   -1.0000   -1.0000         0
    1.9800    1.4927    0.0144         4
    1.9850    1.4893    0.0137         4
    1.9900    1.4895    0.0130         4
    1.9950    1.4745    0.0130         4
    2.0000    1.4727    0.0150         4
    2.0050    1.4558    0.0178         3
    2.0100    1.4838    0.0226         4
    2.0150    1.4785    0.0260         4
    2.0200    1.4748    0.0226         4
    2.0250    1.4786    0.0194         4
    2.0300    1.4862    0.0163         4
    2.0350    1.4893    0.0145         4
    2.0400    1.4907    0.0138         4
    2.0450    1.4825    0.0138         4
    2.0500    1.4944    0.0146         4
    2.0550    1.4937    0.0156         4
    2.0600    1.5064    0.0166         4
    2.0650    1.4879    0.0172         4
    2.0700    1.4981    0.0169         4
    2.0750    1.5034    0.0163         4
    2.0800    1.5073    0.0158         4
    2.0850    1.5201    0.0150         4
    2.0900    1.5205    0.0146         4
    2.0950    1.5163    0.0145         4
    2.1000    1.5147    0.0144         4
    2.1050    1.5116    0.0144         4
    2.1100    1.5130    0.0145         4
    2.1150    1.5224    0.0147         4
    2.1200    1.5238    0.0147         4
    2.1250    1.5061    0.0146         4
    2.1300    1.4949    0.0145         4
    2.1350    1.5019    0.0148         4
    2.1400    1.5147    0.0146         4
    2.1450    1.5021    0.0149         4
    2.1500    1.5207    0.0150         4
    2.1550    1.5223    0.0151         4
    2.1600    1.5093    0.0151         4
    2.1650    1.5083    0.0156         4
    2.1700    1.5125    0.0157         4
    2.1750    1.5016    0.0152         3
    2.1800    1.5411    0.0160         4
    2.1850    1.4887    0.0128         1
    2.1900    1.5225    0.0159         4
    2.1950    1.5357    0.0163         4
    2.2000    1.5019    0.0130         1
    2.2050    1.5226    0.0141         2
    2.2100    1.5535    0.0169         4
    2.2150    1.4975    0.0131         1
    2.2200    1.5500    0.0164         4
    2.2250    1.5572    0.0166         4
    2.2300    1.5547    0.0166         4
    2.2350    1.5436    0.0167         4
    2.2400    1.5456    0.0169         4
    2.2450    1.5462    0.0172         4
    2.2500    1.5337    0.0170         4
    2.2550   -1.0000   -1.0000         0
    2.2600    1.5454    0.0177         4
    2.2650    1.5502    0.0178         4
    2.2700    1.5579    0.0181         4
    2.2750    1.5486    0.0179         4
    2.2800    1.5301    0.0184         4
    2.2850    1.5586    0.0185         4
    2.2900    1.5453    0.0185         4
    2.2950    1.5450    0.0188         4
    2.3000    1.5556    0.0191         4
    2.3050    1.5576    0.0190         4
    2.3100    1.5489    0.0186         4
    2.3150    1.5386    0.0191         4
    2.3200    1.5336    0.0193         4
    2.3250    1.5635    0.0199         4
    2.3300    1.5722    0.0193         4
    2.3350    1.5512    0.0195         4
    2.3400    1.5556    0.0199         4
    2.3450    1.5562    0.0202         4
    2.3500    1.5402    0.0207         4
    2.3550    1.5383    0.0204         3
    2.3600    1.6114    0.0224         3
    2.3650   -1.0000   -1.0000         0
    2.3700   -1.0000   -1.0000         0
    2.3750   -1.0000   -1.0000         0
    2.3800    1.5710    0.0223         4
    2.3850    1.5699    0.0224         4
    2.3900    1.6249    0.0241         3
    2.3950    1.6369    0.0241         3
    2.4000    1.6388    0.0237         3
    2.4050    1.6454    0.0241         3
    2.4100   -1.0000   -1.0000         0
    2.4150    1.5738    0.0229         3
    2.4200    1.5857    0.0242         4
    2.4250    1.5342    0.0234         3
    2.4300   -1.0000   -1.0000         0
    2.4350   -1.0000   -1.0000         0
    2.4400   -1.0000   -1.0000         0
    2.4450    1.6412    0.0273         2
    2.4500    1.6008    0.0266         4
    2.4550    1.5785    0.0275         3
    2.4600    1.6769    0.0266         2
    2.4650    1.6201    0.0253         4
    2.4700    1.6639    0.0294         3
    2.4750   -1.0000   -1.0000         0
    2.4800    1.6743    0.0328         3
    2.4850    1.6598    0.0345         2
    2.4900    1.6271    0.0395         1
