    0.6500   -1.0000   -1.0000         0
    0.6550   -1.0000   -1.0000         0
    0.6600   -1.0000   -1.0000         0
    0.6650   -1.0000   -1.0000         0
    0.6700   -1.0000   -1.0000         0
    0.6750   -1.0000   -1.0000         0
    0.6800   -1.0000   -1.0000         0
    0.6850   -1.0000   -1.0000         0
    0.6900   -1.0000   -1.0000         0
    0.6950   -1.0000   -1.0000         0
    0.7000   -1.0000   -1.0000         0
    0.7050   -1.0000   -1.0000         0
    0.7100   -1.0000   -1.0000         0
    0.7150   -1.0000   -1.0000         0
    0.7200   -1.0000   -1.0000         0
    0.7250   -1.0000   -1.0000         0
    0.7300   -1.0000   -1.0000         0
    0.7350   -1.0000   -1.0000         0
    0.7400   -1.0000   -1.0000         0
    0.7450   -1.0000   -1.0000         0
    0.7500   -1.0000   -1.0000         0
    0.7550   -1.0000   -1.0000         0
    0.7600   -1.0000   -1.0000         0
    0.7650   -1.0000   -1.0000         0
    0.7700   -1.0000   -1.0000         0
    0.7750   -1.0000   -1.0000         0
    0.7800   -1.0000   -1.0000         0
    0.7850    0.9615    0.0237         2
    0.7900    0.9416    0.0259         2
    0.7950    0.9054    0.0241         2
    0.8000    0.9676    0.0233         2
    0.8050    0.9574    0.0239         2
    0.8100    0.9128    0.0249         2
    0.8150    0.9745    0.0239         2
    0.8200    0.9331    0.0256         2
    0.8250    0.9594    0.0230         2
    0.8300    0.9637    0.0236         2
    0.8350    0.9291    0.0228         2
    0.8400    0.9336    0.0214         2
    0.8450    0.9449    0.0235         2
    0.8500    0.9314    0.0235         2
    0.8550    0.9710    0.0211         2
    0.8600    0.9824    0.0226         2
    0.8650    0.9553    0.0217         2
    0.8700    0.9443    0.0235         2
    0.8750    0.9649    0.0210         2
    0.8800    0.9778    0.0208         2
    0.8850    0.9646    0.0203         2
    0.8900    0.9355    0.0201         2
    0.8950    0.9392    0.0206         2
    0.9000    0.9762    0.0228         2
    0.9050    0.9807    0.0209         2
    0.9100    0.9720    0.0192         2
    0.9150    0.9664    0.0203         2
    0.9200    0.9670    0.0213         2
    0.9250    0.9550    0.0213         2
    0.9300    0.9640    0.0207         2
    0.9350    0.9795    0.0219         2
    0.9400    0.9967    0.0215         2
    0.9450    1.0184    0.0213         2
    0.9500    0.9978    0.0197         2
    0.9550    0.9859    0.0194         2
    0.9600    1.0106    0.0198         2
    0.9650    1.0244    0.0207         2
    0.9700    1.0022    0.0192         2
    0.9750    0.9749    0.0173         2
    0.9800    0.9661    0.0178         2
    0.9850    0.9966    0.0182         2
    0.9900    1.0039    0.0189         2
    0.9950    0.9974    0.0201         2
    1.0000    1.0102    0.0193         2
    1.0050    0.9889    0.0186         2
    1.0100    0.9667    0.0183         2
    1.0150    0.9742    0.0175         2
    1.0200    0.9786    0.0173         2
    1.0250    0.9845    0.0179         2
    1.0300    0.9852    0.0182         2
    1.0350    0.9854    0.0185         2
    1.0400    1.0001    0.0187         2
    1.0450    0.9952    0.0176         2
    1.0500    1.0228    0.0188         2
    1.0550    1.0251    0.0188         2
    1.0600    1.0028    0.0195         2
    1.0650    1.0193    0.0170         2
    1.0700    1.0093    0.0197         2
    1.0750    1.0071    0.0188         2
    1.0800    0.9944    0.0198         2
    1.0850    0.9593    0.0183         2
    1.0900    0.9822    0.0183         2
    1.0950    0.9921    0.0190         2
    1.1000    1.0040    0.0195         2
    1.1050    1.0270    0.0227         2
    1.1100    0.9973    0.0210         2
    1.1150    0.9517    0.0217         2
    1.1200    0.9864    0.0205         2
    1.1250    1.0238    0.0244         2
    1.1300    1.0158    0.0232         2
    1.1350    0.9840    0.0247         2
    1.1400    0.9703    0.0237         2
    1.1450    0.9768    0.0258         2
    1.1500    0.9998    0.0207         2
    1.1550    1.0246    0.0214         2
    1.1600    0.9927    0.0235         2
    1.1650    0.9837    0.0206         2
    1.1700    1.0035    0.0193         2
    1.1750    1.0040    0.0177         2
    1.1800    1.0272    0.0204         2
    1.1850    1.0120    0.0203         2
    1.1900    0.9844    0.0200         2
    1.1950    0.9821    0.0227         2
    1.2000    1.0222    0.0199         2
    1.2050    1.0499    0.0208         2
    1.2100    1.0260    0.0221         2
    1.2150    0.9867    0.0208         2
    1.2200    0.9878    0.0202         2
    1.2250    1.0301    0.0204         2
    1.2300    1.0290    0.0222         2
    1.2350    1.0237    0.0208         2
    1.2400    1.0405    0.0238         2
    1.2450    1.0282    0.0251         2
    1.2500    1.0071    0.0215         2
    1.2550    1.0258    0.0198         2
    1.2600    1.0543    0.0221         2
    1.2650   -1.0000   -1.0000         0
    1.2700    1.0757    0.0213         2
    1.2750    1.0596    0.0221         2
    1.2800    1.0429    0.0227         2
    1.2850    0.9934    0.0221         2
    1.2900    0.9854    0.0200         2
    1.2950    0.9890    0.0201         2
    1.3000    0.9844    0.0205         2
    1.3050    0.9857    0.0228         2
    1.3100    1.0205    0.0232         2
    1.3150   -1.0000   -1.0000         0
    1.3200    0.9907    0.0208         2
    1.3250    0.9547    0.0210         2
    1.3300    1.0027    0.0216         2
    1.3350    0.9984    0.0249         2
    1.3400    0.9890    0.0247         2
    1.3450    0.9945    0.0259         2
    1.3500    1.0029    0.0353         2
    1.3550    1.0082    0.0510         1
    1.3600    1.0315    0.0670         1
    1.3650    0.9506    0.0690         1
    1.3700    0.9862    0.0658         1
    1.3750    0.9523    0.0539         2
    1.3800    0.9465    0.0548         2
    1.3850    1.0030    0.0579         1
    1.3900    0.9659    0.0501         2
    1.3950    1.0306    0.0547         1
    1.4000    0.9793    0.0539         2
    1.4050    0.9303    0.0549         1
    1.4100   -1.0000   -1.0000         0
    1.4150    1.0360    0.0351         1
    1.4200    1.0335    0.0333         2
    1.4250    1.0047    0.0302         2
    1.4300    1.0112    0.0350         2
    1.4350    1.0026    0.0315         2
    1.4400    1.0145    0.0280         1
    1.4450    1.0548    0.0281         2
    1.4500    1.0357    0.0280         2
    1.4550    1.0415    0.0252         1
    1.4600    0.9407    0.0312         1
    1.4650    1.0009    0.0281         2
    1.4700    1.0375    0.0284         2
    1.4750    0.9957    0.0254         2
    1.4800    0.9877    0.0253         2
    1.4850    0.9867    0.0243         2
    1.4900    0.9715    0.0260         2
    1.4950    0.9587    0.0242         2
    1.5000    0.9889    0.0243         2
    1.5050    1.0044    0.0240         2
    1.5100    1.0173    0.0242         2
    1.5150    1.0346    0.0221         1
    1.5200   -1.0000   -1.0000         0
    1.5250    0.9495    0.0221         2
    1.5300    1.0197    0.0227         2
    1.5350    1.0541    0.0213         2
    1.5400    1.0675    0.0245         2
    1.5450    0.9828    0.0225         2
    1.5500    0.9015    0.0233         2
    1.5550    0.9338    0.0217         2
    1.5600    0.9611    0.0261         2
    1.5650    0.9773    0.0242         2
    1.5700    1.0486    0.0246         2
    1.5750    1.0345    0.0250         2
    1.5800    0.9953    0.0214         2
    1.5850    1.0103    0.0244         2
    1.5900    0.9801    0.0251         2
    1.5950    0.9864    0.0223         2
    1.6000    0.9853    0.0237         2
    1.6050    0.9398    0.0233         2
    1.6100    0.9616    0.0227         2
    1.6150    1.0090    0.0250         2
    1.6200    0.9320    0.0232         2
    1.6250    0.9672    0.0241         2
    1.6300    1.0150    0.0281         2
    1.6350    1.0050    0.0253         2
    1.6400    1.0244    0.0244         2
    1.6450    0.9758    0.0260         2
    1.6500    0.9629    0.0234         2
    1.6550    1.0267    0.0239         2
    1.6600    1.0517    0.0249         2
    1.6650    1.0204    0.0253         2
    1.6700    0.9781    0.0258         2
    1.6750    1.0071    0.0245         2
    1.6800    1.0069    0.0269         2
    1.6850    1.0246    0.0271         2
    1.6900    1.0281    0.0260         2
    1.6950    1.0011    0.0267         2
    1.7000    0.9917    0.0290         2
    1.7050    0.9903    0.0236         2
    1.7100    1.0054    0.0297         2
    1.7150    0.9893    0.0261         2
    1.7200    1.0574    0.0271         2
    1.7250    1.0685    0.0294         2
    1.7300    1.0070    0.0363         2
    1.7350    1.0004    0.0267         2
    1.7400    1.0727    0.0292         2
    1.7450    1.0934    0.0291         2
    1.7500    1.0411    0.0338         2
    1.7550    1.0462    0.0308         2
    1.7600    0.9976    0.0320         2
    1.7650    0.9106    0.0274         2
    1.7700    0.9913    0.0285         2
    1.7750    1.1044    0.0307         2
    1.7800    1.0556    0.0366         2
    1.7850    0.9180    0.0349         2
    1.7900    0.9407    0.0338         2
    1.7950    0.9709    0.0363         2
    1.8000    0.8864    0.0379         2
    1.8050    0.8466    0.0476         2
    1.8100    0.9127    0.0491         2
    1.8150    0.9436    0.0486         2
    1.8200    1.0499    0.0536         2
    1.8250    0.9968    0.0683         2
    1.8300    0.9451    0.0856         2
    1.8350    0.7981    0.0959         2
    1.8400    0.8404    0.1192         2
    1.8450    1.1855    0.1315         2
    1.8500    1.0991    0.1152         2
    1.8550    1.0079    0.1198         2
    1.8600    0.7974    0.0975         2
    1.8650    0.7959    0.1042         2
    1.8700    1.0718    0.1296         2
    1.8750    0.9577    0.1194         2
    1.8800    1.0217    0.0868         2
    1.8850    1.1787    0.0778         2
    1.8900   -1.0000   -1.0000         0
    1.8950    1.1936    0.1135         2
    1.9000    1.0153    0.0994         2
    1.9050    1.0925    0.1028         2
    1.9100    0.9939    0.0943         2
    1.9150    0.9097    0.0762         2
    1.9200    0.9064    0.0826         2
    1.9250    0.8843    0.0625         2
    1.9300    0.9212    0.0613         2
    1.9350    1.1456    0.0561         2
    1.9400    1.2287    0.0542         2
    1.9450    1.0728    0.0661         2
    1.9500    0.8955    0.0597         2
    1.9550    1.0786    0.0584         2
    1.9600    1.0691    0.0681         2
    1.9650    1.1000    0.0512         2
    1.9700    1.2452    0.0558         2
    1.9750    1.0833    0.0456         2
    1.9800    1.0237    0.0374         2
    1.9850    1.1174    0.0412         2
    1.9900    0.9806    0.0398         2
    1.9950    0.9601    0.0436         2
    2.0000    1.2487    0.0574         2
    2.0050    1.2281    0.0746         2
    2.0100    0.8872    0.0675         2
    2.0150   -1.0000   -1.0000         0
    2.0200    0.9989    0.0497         2
    2.0250    1.1518    0.0487         2
    2.0300    1.2319    0.0419         2
    2.0350    1.1348    0.0416         2
    2.0400    1.0049    0.0376         2
    2.0450    0.8915    0.0442         2
    2.0500    0.8673    0.0461         2
    2.0550    1.1722    0.0511         2
    2.0600    1.1558    0.0514         2
    2.0650    1.0953    0.0527         2
    2.0700    1.0740    0.0489         2
    2.0750    1.0512    0.0456         2
    2.0800    1.0821    0.0426         2
    2.0850    1.1928    0.0468         2
    2.0900    1.1075    0.0438         2
    2.0950    1.0228    0.0418         2
    2.1000    1.1448    0.0435         2
    2.1050    1.1110    0.0459         2
    2.1100    1.1899    0.0443         2
    2.1150    1.2912    0.0571         2
    2.1200    1.1046    0.0496         2
    2.1250    1.1913    0.0455         2
    2.1300    1.1869    0.0518         2
    2.1350    1.0977    0.0481         2
    2.1400    1.1102    0.0464         2
    2.1450    0.9430    0.0440         2
    2.1500    1.0647    0.0450         2
    2.1550    1.1010    0.0525         2
    2.1600    0.8950    0.0477         2
    2.1650    1.0967    0.0485         2
    2.1700    1.1787    0.0494         2
    2.1750    1.1784    0.0566         2
    2.1800    1.2602    0.0526         2
    2.1850    1.2710    0.0535         2
    2.1900    1.1602    0.0552         2
    2.1950    1.0387    0.0540         2
    2.2000    1.2615    0.0471         2
    2.2050    1.2156    0.0522         2
    2.2100    1.0154    0.0550         2
    2.2150    1.0528    0.0516         2
    2.2200    1.1009    0.0659         2
    2.2250    1.0883    0.0541         2
    2.2300    1.1681    0.0529         2
    2.2350    1.0887    0.0606         2
    2.2400    0.9164    0.0476         2
    2.2450    0.9441    0.0509         2
    2.2500    0.9705    0.0584         2
    2.2550    1.0889    0.0536         2
    2.2600    1.1854    0.0612         2
    2.2650    1.1687    0.0592         2
    2.2700    1.1022    0.0562         2
    2.2750    1.2348    0.0552         2
    2.2800    1.3313    0.0657         2
    2.2850    1.1065    0.0590         2
    2.2900    1.1196    0.0530         2
    2.2950   -1.0000   -1.0000         0
    2.3000    1.3387    0.0674         2
    2.3050    1.1036    0.0571         2
    2.3100    1.2384    0.0597         2
    2.3150   -1.0000   -1.0000         0
    2.3200    1.1323    0.0620         2
    2.3250   -1.0000   -1.0000         0
    2.3300    0.9208    0.0571         2
    2.3350    1.2804    0.0598         2
    2.3400    1.1476    0.0637         2
    2.3450    1.0394    0.0618         2
    2.3500    1.1569    0.0668         2
    2.3550    1.1733    0.0662         2
    2.3600   -1.0000   -1.0000         0
    2.3650    1.1911    0.0688         2
    2.3700    0.9238    0.0641         2
    2.3750    1.0153    0.0637         2
    2.3800    1.0787    0.0707         2
    2.3850    1.3068    0.0747         2
    2.3900    0.9798    0.0764         2
    2.3950    1.2189    0.0582         2
    2.4000   -1.0000   -1.0000         0
    2.4050   -1.0000   -1.0000         0
    2.4100   -1.0000   -1.0000         0
    2.4150    1.0480    0.0716         2
    2.4200    1.4462    0.0752         2
    2.4250    1.4313    0.0850         2
    2.4300   -1.0000   -1.0000         0
    2.4350   -1.0000   -1.0000         0
    2.4400   -1.0000   -1.0000         0
    2.4450   -1.0000   -1.0000         0
    2.4500   -1.0000   -1.0000         0
    2.4550    1.4197    0.0973         2
    2.4600    1.3745    0.0813         1
    2.4650   -1.0000   -1.0000         0
    2.4700   -1.0000   -1.0000         0
    2.4750   -1.0000   -1.0000         0
    2.4800   -1.0000   -1.0000         0
    2.4850   -1.0000   -1.0000         0
    2.4900   -1.0000   -1.0000         0
