    0.3900    0.6565    0.0042         1
    0.3950    0.6569    0.0075         1
    0.3975    0.6780    0.0098         1
    0.4000    0.7049    0.0171         1
    0.4025    0.6937    0.0047         1
    0.4050    0.6986    0.0074         1
    0.4075    0.7050    0.0139         1
    0.4100    0.7661    0.0209         1
    0.4125    0.7395    0.0027         1
    0.4150    0.7302    0.0065         1
    0.4175    0.7254    0.0032         1
    0.4200    0.7276    0.0137         1
    0.4225    0.7443    0.0102         1
    0.4250    0.7605    0.0102         1
    0.4275    0.7449    0.0089         1
    0.4300    0.7600    0.0059         1
    0.4325    0.7968    0.0132         1
    0.4350    0.7966    0.0286         1
    0.4375    0.7774    0.0062         1
    0.4400    0.7916    0.0051         1
    0.4425    0.8202    0.0021         1
    0.4450    0.8055    0.0056         1
    0.4475    0.8224    0.0044         1
    0.4500    0.8274    0.0050         1
    0.4525    0.8379    0.0096         1
    0.4550    0.8328    0.0111         1
    0.4575    0.8328    0.0025         1
    0.4600    0.8536    0.0089         1
    0.4625    0.8496    0.0135         1
    0.4650    0.8258    0.0134         1
    0.4675    0.8306    0.0038         1
    0.4700    0.8381    0.0055         1
    0.4725    0.8565    0.0211         1
    0.4750    0.8698    0.0132         1
    0.4775    0.8735    0.0134         1
    0.4800    0.8857    0.0091         1
    0.4825    0.8961    0.0079         1
    0.4850    0.8585    0.0125         1
    0.4875    0.8610    0.0154         1
    0.4900    0.9016    0.0076         1
    0.4925    0.9134    0.0095         1
    0.4950    0.9531    0.0127         1
    0.4975    0.9299    0.0086         1
    0.5200    0.9392    0.0198         1
    0.5225    0.9851    0.0216         1
    0.5250    0.9695    0.0125         1
    0.5275    0.9444    0.0285         1
    0.5300    0.9467    0.0103         1
    0.5325    0.9646    0.0232         1
    0.5350    0.9641    0.0095         1
    0.5375    0.9912    0.0065         1
    0.5400    0.9942    0.0054         1
    0.5425    0.9955    0.0076         1
    0.5450    1.0180    0.0068         1
    0.5475    1.0191    0.0065         1
    0.5500    1.0094    0.0078         1
    0.5525    1.0108    0.0054         1
    0.5550    1.0237    0.0079         1
    0.5575    1.0471    0.0242         1
    0.5600    1.0421    0.0168         1
    0.5625    1.0133    0.0246         1
    0.5650    1.0028    0.0228         1
    0.5675    1.0207    0.0210         1
    0.5700    1.0312    0.0233         1
    0.5725    1.0243    0.0138         1
    0.5750    1.0351    0.0223         1
    0.5775    1.0471    0.0203         1
    0.5800    1.0450    0.0134         1
    0.5825    1.0463    0.0145         1
    0.5850    1.0530    0.0236         1
    0.5875    1.0611    0.0177         1
    0.5900    1.0641    0.0301         1
    0.5925    1.0588    0.0193         1
    0.5950    1.0662    0.0083         1
    0.5975    1.0686    0.0025         1
    0.6000    1.0829    0.0178         1
    0.6025    1.0620    0.0082         1
    0.6050    1.0852    0.0052         1
    0.6075    1.0744    0.0171         1
    0.6100    1.0820    0.0182         1
    0.6125    1.0799    0.0215         1
    0.6150    1.0863    0.0243         1
    0.6175    1.0732    0.0308         1
    0.6200    1.0651    0.0240         1
    0.6225    1.0772    0.0320         1
    0.6250    1.0736    0.0346         1
    0.6275    1.0657    0.0332         1
    0.6300    1.0522    0.0390         1
    0.6325    1.0627    0.0265         1
    0.6350    1.0799    0.0186         1
    0.6375    1.0765    0.0320         1
    0.6400    1.0719    0.0199         1
    0.6425    1.0862    0.0230         1
    0.6450    1.0928    0.0183         1
    0.6475    1.1117    0.0276         1
    0.6500    1.1158    0.0238         1
    0.6525    1.1087    0.0209         1
    0.6550    1.1176    0.0241         1
    0.6575    1.1197    0.0233         1
    0.6600    1.1205    0.0236         1
    0.6625    1.1165    0.0233         1
    0.6650    1.1140    0.0237         1
    0.6675    1.1136    0.0234         1
    0.6700    1.1098    0.0239         1
    0.6725    1.1202    0.0236         1
    0.6750    1.1134    0.0247         1
    0.6775    1.1254    0.0234         1
    0.6800    1.1166    0.0253         1
    0.6825    1.1251    0.0248         1
    0.6850    1.1250    0.0292         1
    0.6875    1.1466    0.0265         1
    0.6900    1.1295    0.0263         1
    0.6925    1.1331    0.0236         1
    0.6950    1.1386    0.0238         1
    0.6975    1.1274    0.0241         1
    0.7000    1.1469    0.0253         1
    0.7025    1.1336    0.0239         1
    0.7050    1.1234    0.0297         1
    0.7075    1.1331    0.0236         1
    0.7100    1.1504    0.0243         1
    0.7150    1.1419    0.0313         1
    0.7175    1.1536    0.0237         1
    0.7200    1.1646    0.0226         1
    0.7225    1.1581    0.0185         1
    0.7250    1.1684    0.0244         1
    0.7275    1.1759    0.0243         1
    0.7300    1.1681    0.0189         1
    0.7325    1.1762    0.0232         1
    0.7350    1.1873    0.0174         1
    0.7375    1.1827    0.0196         1
    0.7400    1.1777    0.0185         1
    0.7425    1.1688    0.0183         1
    0.7450    1.1668    0.0219         1
    0.7475    1.1610    0.0194         1
    0.7500    1.1645    0.0233         1
    0.7525    1.1594    0.0297         1
    0.7550    1.1569    0.0208         1
    0.7575    1.1632    0.0167         1
    0.7625    1.1579    0.0089         1
    0.7650    1.1571    0.0084         1
    0.7675    1.1306    0.0095         1
    0.7700    1.1474    0.0141         1
    0.7725    1.1588    0.0204         1
    0.7775    1.1457    0.0137         1
    0.7800    1.1703    0.0061         1
    0.7825    1.1569    0.0103         1
    0.7850    1.1486    0.0125         1
    0.7875    1.1561    0.0114         1
    0.7900    1.1707    0.0086         1
    0.7925    1.1336    0.0181         1
    0.7950    1.1291    0.0115         1
    0.7975    1.1335    0.0201         1
    0.8000    1.1334    0.0129         1
    0.8025    1.1411    0.0123         1
    0.8050    1.1080    0.0167         1
    0.8075    1.1030    0.0184         1
    0.8100    1.0998    0.0122         1
    0.8125    1.1200    0.0071         1
    0.8150    1.1205    0.0096         1
    0.8175    1.1273    0.0078         1
    0.8200    1.1157    0.0062         1
    0.8225    1.1120    0.0195         1
    0.8250    1.0905    0.0054         1
    0.8325    1.0960    0.0126         1
    0.8350    1.0668    0.0043         1
    0.8375    1.0703    0.0106         1
    0.8400    1.0799    0.0063         1
    0.8425    1.0818    0.0153         1
    0.8450    1.0673    0.0067         1
    0.8475    1.0432    0.0107         1
    0.8500    1.0876    0.0048         1
    0.8525    1.0550    0.0025         1
    0.8550    1.0455    0.0054         1
    0.8575    1.0605    0.0079         1
    0.8700    1.0678    0.0125         1
    0.8750    1.0272    0.0126         1
    0.8800    1.0789    0.0130         1
    0.8825    1.0375    0.0125         1
    0.8850    1.0564    0.0133         1
    0.8875    1.0923    0.0125         1
    0.8900    1.0665    0.0126         1
    0.8925    1.0710    0.0131         1
    0.8950    1.0656    0.0123         1
    0.8975    1.0900    0.0128         1
    0.9000    1.0211    0.0125         1
    0.9025    1.0460    0.0125         1
    0.9050    1.0071    0.0129         1
    0.9100    1.0356    0.0130         1
    0.9125    1.0332    0.0135         1
    0.9150    1.0240    0.0134         1
    0.9175    0.9995    0.0128         1
    0.9200    1.0307    0.0134         1
    0.9225    1.0215    0.0136         1

    0.8000    1.2273    0.0715         1
    0.8050    1.2341    0.0692         1
    0.8100    1.2429    0.0671         1
    0.8150    1.1995    0.0752         1
    0.8200    1.1676    0.0639         1
    0.8250    1.1154    0.0610         1
    0.8300    1.1675    0.0609         1
    0.8350    1.1338    0.0621         1
    0.8400    1.1217    0.0593         1
    0.8450    1.1070    0.0579         1
    0.8500    1.1158    0.0593         1
    0.8550    1.1526    0.0586         1
    0.8600    1.1690    0.0589         1
    0.8650    1.1704    0.0686         1
    0.8700    1.0129    0.0515         1
    0.8750    0.9977    0.0563         1
    0.8800    1.0286    0.0529         1
    0.8850    1.0366    0.0562         1
    0.8900    1.0595    0.0566         1
    0.8950    1.0433    0.0559         1
    0.9000    1.0702    0.0495         1
    0.9050    1.0162    0.0511         1
    0.9100    1.0116    0.0493         1
    0.9150    1.0192    0.0534         1
    0.9200    0.9968    0.0537         1
    0.9250    1.0371    0.0493         1
    0.9300    1.0714    0.0512         1
    0.9350    1.1061    0.0514         1
    0.9400    1.1100    0.0510         1
    0.9450    1.0645    0.0512         1
    0.9500    0.9946    0.0504         1
    0.9550    1.0084    0.0494         1
    0.9600    1.0568    0.0582         1
    0.9650    1.0836    0.0468         1
    0.9700    1.1341    0.0499         1
    0.9750    1.1040    0.0475         1
    0.9800    1.0195    0.0484         1
    0.9850    1.0263    0.0446         1
    0.9900    1.0884    0.0410         1
    0.9950    1.0931    0.0465         1
    1.0000    1.0709    0.0454         1
    1.0050    1.0448    0.0459         1
    1.0100    1.0217    0.0482         1
    1.0150    1.0145    0.0420         1
    1.0200    1.0745    0.0444         1
    1.0250    1.0648    0.0448         1
    1.0300    0.9874    0.0426         1
    1.0350    1.0674    0.0446         1
    1.0400    1.1699    0.0499         1
    1.0450    1.1234    0.0448         1
    1.0500    0.9919    0.0417         1
    1.0550   -1.0000   -1.0000         0
    1.0600    1.0124    0.0429         1
    1.0650    1.1285    0.0428         1
    1.0700    1.1121    0.0441         1
    1.0750    1.0829    0.0451         1
    1.0800    1.0843    0.0455         1
    1.0850    1.0554    0.0533         1
    1.0900    1.1173    0.0457         1
    1.0950    1.1913    0.0524         1
    1.1000    1.0789    0.0548         1
    1.1050    1.0864    0.0488         1
    1.1100    1.1300    0.0565         1
    1.1150    1.1745    0.0530         1
    1.1200    1.1967    0.0557         1
    1.1250    1.1215    0.0555         1
    1.1300    1.1067    0.0518         1
    1.1350    1.0310    0.0584         1
    1.1400   -1.0000   -1.0000         0
    1.1450    1.0229    0.0540         1
    1.1500    1.1579    0.0489         1
    1.1550    1.0879    0.0498         1
    1.1600    1.1273    0.0518         1
    1.1650    1.2010    0.0502         1
    1.1700    1.1789    0.0576         1
    1.1750    1.1457    0.0525         1
    1.1800    1.0964    0.0493         1
    1.1850    1.0715    0.0497         1
    1.1900    1.1402    0.0457         1
    1.1950    1.2057    0.0551         1
    1.2000    1.0758    0.0523         1
    1.2050    1.1261    0.0524         1
    1.2100    1.1900    0.0510         1
    1.2150    1.1539    0.0525         1
    1.2200    1.1616    0.0565         1
    1.2250    1.0464    0.0527         1
    1.2300    1.0815    0.0503         1
    1.2350    1.1463    0.0504         1
    1.2400    1.0861    0.0566         1
    1.2450    1.1288    0.0593         1
    1.2500    1.1734    0.0520         1
    1.2550    1.1794    0.0545         1
    1.2600    1.1945    0.0529         1
    1.2650   -1.0000   -1.0000         0
    1.2700    1.2091    0.0566         1
    1.2750    1.0547    0.0489         1
    1.2800    1.0598    0.0581         1
    1.2850   -1.0000   -1.0000         0
    1.2900   -1.0000   -1.0000         0
    1.2950    1.1173    0.0514         1
    1.3000    1.0595    0.0519         1
    1.3050    1.0946    0.0485         1
    1.3100    1.1692    0.0530         1
    1.3150    1.1511    0.0502         1
    1.3200    1.1213    0.0642         1
    1.3250    1.1303    0.0536         1
    1.3300    1.1363    0.0549         1
    1.3350    1.1670    0.0590         1
    1.3400    1.1170    0.0645         1
    1.3450    1.1061    0.0740         1
    1.3500   -1.0000   -1.0000         0
    1.3550    1.1189    0.0950         1
    1.3600    1.1799    0.1071         1
    1.3650    1.0726    0.0963         1
    1.3700    1.0484    0.1055         1
    1.3750    1.0657    0.1014         1
    1.3800    1.2270    0.0936         1
    1.3850    1.3028    0.1127         1
    1.3900   -1.0000   -1.0000         0
    1.3950    1.1616    0.0909         1
    1.4000    1.1775    0.0886         1
    1.4050    1.3013    0.0862         1
    1.4100   -1.0000   -1.0000         0
    1.4150   -1.0000   -1.0000         0
    1.4200   -1.0000   -1.0000         0
    1.4250    1.3280    0.0726         1
    1.4300    1.1544    0.0801         1
    1.4350    1.2321    0.0752         1
    1.4400    1.1772    0.0699         1
    1.4450    1.1983    0.0652         1
    1.4500    1.2629    0.0697         1
    1.4550    1.2446    0.0773         1
    1.4600    1.3195    0.0661         1
    1.4650    1.1856    0.0657         1
    1.4700    1.1235    0.0645         1
    1.4750    1.3050    0.0645         1
    1.4800    1.1393    0.0610         1
    1.4850    1.1202    0.0552         1
    1.4900    1.3573    0.0603         1
    1.4950   -1.0000   -1.0000         0
    1.5000    1.3552    0.0605         1
    1.5050    1.2833    0.0654         1
    1.5100    1.2066    0.0612         1
    1.5150    1.2811    0.0635         1
    1.5200    1.2686    0.0666         1
    1.5250    1.1781    0.0549         1
    1.5300    1.2271    0.0566         1
    1.5350    1.2155    0.0623         1
    1.5400   -1.0000   -1.0000         0
    1.5450    1.1914    0.0579         1
    1.5500    1.2506    0.0624         1
    1.5550    1.1407    0.0538         1
    1.5600    1.2660    0.0632         1
    1.5650   -1.0000   -1.0000         0
    1.5700   -1.0000   -1.0000         0
    1.5750   -1.0000   -1.0000         0
    1.5800   -1.0000   -1.0000         0
    1.5850   -1.0000   -1.0000         0
    1.5900    1.3308    0.0601         1
    1.5950    1.0784    0.0598         1
    1.6000    1.0761    0.0595         1
    1.6050    1.2234    0.0621         1
    1.6100    1.3232    0.0707         1
    1.6150    1.2212    0.0597         1
    1.6200    1.2081    0.0677         1
    1.6250    1.1962    0.0648         1
    1.6300    1.1956    0.0618         1
    1.6350    1.2015    0.0642         1
    1.6400    1.2122    0.0701         1
    1.6450    1.0817    0.0649         1
    1.6500   -1.0000   -1.0000         0
    1.6550    1.2255    0.0731         1
    1.6600   -1.0000   -1.0000         0
    1.6650   -1.0000   -1.0000         0
    1.6700   -1.0000   -1.0000         0
    1.6750    1.3577    0.0704         1
    1.6800    1.3185    0.0678         1
    1.6850    1.2620    0.0646         1
    1.6900    1.2148    0.0681         1
    1.6950    1.1413    0.0686         1
    1.7000    1.1763    0.0678         1
    1.7050    1.2283    0.0683         1
    1.7100    1.3000    0.0684         1
    1.7150    1.3759    0.0754         1
    1.7200    1.2264    0.0664         1
    1.7250    1.1192    0.0681         1
    1.7300    1.1882    0.0731         1
    1.7350    1.4348    0.0904         1
    1.7400    1.2036    0.0709         1
    1.7450    1.2389    0.0788         1
    1.7500    1.4044    0.0871         1
    1.7550    1.2818    0.0669         1
    1.7600    1.1600    0.0755         1
    1.7650    1.3304    0.0773         1
    1.7700   -1.0000   -1.0000         0
    1.7750    1.1515    0.0852         1
    1.7800   -1.0000   -1.0000         0
    1.7850    1.4815    0.0814         1
    1.7900    1.3665    0.0764         1
    1.7950    1.1259    0.0820         1
    1.8000    1.1287    0.0947         1
    1.8050    1.1447    0.0878         1
    1.8100    1.2261    0.1030         1
    1.8150    1.1250    0.0994         1
    1.8200    1.1223    0.1282         1
    1.8250   -1.0000   -1.0000         0
    1.8300   -1.0000   -1.0000         0
    1.8350    1.2051    0.1674         1
    1.8400    1.1440    0.1819         1
    1.8450    1.3624    0.1892         1
    1.8500    1.0125    0.1647         1
    1.8550   -1.0000   -1.0000         0
    1.8600   -1.0000   -1.0000         0
    1.8650    0.9875    0.2075         1
    1.8700    1.2696    0.2313         1
    1.8750    1.0524    0.1669         1
    1.8800    0.7368    0.1380         1
    1.8850    0.7335    0.1290         1
    1.8900    0.9302    0.1387         1
    1.8950    1.0637    0.1768         1
    1.9000    0.9044    0.1582         1
    1.9050    0.7211    0.1549         1
    1.9100    0.7829    0.1595         1
    1.9150    0.8671    0.1302         1
    1.9200    0.8426    0.1452         1
    1.9250    1.0758    0.1421         1
    1.9300    1.1844    0.1265         1
    1.9350    1.0087    0.1188         1
    1.9400    1.0378    0.1136         1
    1.9450    1.1715    0.1236         1
    1.9500    1.2585    0.1416         1
    1.9550    0.9749    0.1232         1
    1.9600    1.0291    0.1308         1
    1.9650    1.1119    0.1287         1
    1.9700    0.9787    0.1228         1
    1.9750    0.8393    0.0896         1
    1.9800    0.9605    0.1207         1
    1.9850    0.6947    0.0872         1
    1.9900    0.6663    0.0955         1
    1.9950    1.1722    0.1194         1
    2.0000    0.9766    0.1535         1
    2.0050    0.6984    0.1653         1
    2.0100    0.9854    0.1673         1
    2.0150    0.8406    0.1623         1
    2.0200    0.9651    0.1541         1
    2.0250    1.0052    0.1272         1
    2.0300    0.9479    0.1032         1
    2.0350    0.7742    0.1017         1
    2.0400    0.7181    0.0980         1
    2.0450    1.0274    0.1166         1
    2.0500    1.1317    0.1298         1
    2.0550    0.8827    0.1286         1
    2.0600    1.2894    0.1552         1
    2.0650    0.8058    0.1188         1
    2.0700   -1.0000   -1.0000         0
    2.0750    0.8565    0.1112         1
    2.0800    1.1359    0.1263         1
    2.0850    1.3680    0.1147         1
    2.0900    1.2490    0.1226         1
    2.0950    1.1432    0.1107         1
    2.1000    1.2512    0.1272         1
    2.1050    1.4559    0.1260         1
    2.1100    1.4195    0.1226         1
    2.1150    1.3516    0.1242         1
    2.1200    1.1595    0.1250         1
    2.1250    0.9492    0.1114         1
    2.1300    1.0674    0.1083         1
    2.1350    1.2306    0.1162         1
    2.1400    1.1966    0.1210         1
    2.1450    1.1887    0.1122         1
    2.1500    1.1302    0.1253         1
    2.1550    1.4941    0.1417         1
    2.1600    1.4032    0.1200         1
    2.1650    1.2083    0.1535         1
    2.1700    1.1405    0.1206         1
    2.1750    1.1011    0.1280         1
    2.1800    0.9197    0.1107         1
    2.1850    1.2209    0.1614         1
    2.1900   -1.0000   -1.0000         0
    2.1950   -1.0000   -1.0000         0
    2.2000   -1.0000   -1.0000         0
    2.2050   -1.0000   -1.0000         0
    2.2100    1.2828    0.1342         1
    2.2150    1.3082    0.1295         1
    2.2200    1.0789    0.1264         1
    2.2250    1.0737    0.1353         1
    2.2300    1.2916    0.1356         1
    2.2350    0.9270    0.1171         1
    2.2400    0.8392    0.1301         1
    2.2450    1.3774    0.1475         1
    2.2500    1.3538    0.1428         1
    2.2550    1.0681    0.1598         1
    2.2600    0.9352    0.1378         1
    2.2650   -1.0000   -1.0000         0
    2.2700   -1.0000   -1.0000         0
    2.2750    1.2579    0.1438         1
    2.2800    0.6291    0.1467         1
    2.2850    1.1384    0.1583         1
    2.2900    1.3269    0.1477         1
    2.2950    0.7050    0.1444         1
    2.3000    0.9959    0.1663         1
    2.3050    1.4485    0.1694         1
    2.3100    1.3369    0.1591         1
    2.3150    1.4356    0.1794         1
    2.3200    1.1081    0.1463         1
    2.3250   -1.0000   -1.0000         0
    2.3300    1.0008    0.1748         1
    2.3350    1.4383    0.1714         1
    2.3400    1.1752    0.1762         1
    2.3450    1.0977    0.1731         1
    2.3500    1.2268    0.1899         1
    2.3550   -1.0000   -1.0000         0
    2.3600   -1.0000   -1.0000         0
    2.3650   -1.0000   -1.0000         0
    2.3700   -1.0000   -1.0000         0
    2.3750    1.2624    0.1766         1
    2.3800   -1.0000   -1.0000         0
    2.3850   -1.0000   -1.0000         0
    2.3900   -1.0000   -1.0000         0
    2.3950   -1.0000   -1.0000         0
    2.4000   -1.0000   -1.0000         0
    2.4050    0.7645    0.1814         1
    2.4100   -1.0000   -1.0000         0
    2.4150   -1.0000   -1.0000         0
    2.4200    0.6994    0.1867         1
    2.4250    0.8204    0.1847         1
    2.4300    1.2258    0.2182         1
    2.4350    1.1004    0.2233         1
    2.4400   -1.0000   -1.0000         0
    2.4450   -1.0000   -1.0000         0
    2.4500   -1.0000   -1.0000         0
    2.4550   -1.0000   -1.0000         0
    2.4600   -1.0000   -1.0000         0
    2.4650   -1.0000   -1.0000         0
    2.4700   -1.0000   -1.0000         0
    2.4750   -1.0000   -1.0000         0
    2.4800   -1.0000   -1.0000         0
    2.4850   -1.0000   -1.0000         0
    2.4900   -1.0000   -1.0000         0
