    0.4350    0.9004    0.0149         1
    0.4375    0.9186    0.0128         1
    0.4400    0.9308    0.0117         1
    0.4425    0.9394    0.0104         1
    0.4450    0.9355    0.0093         1
    0.4475    0.9350    0.0084         1
    0.4500    0.9231    0.0074         1
    0.4525    0.9397    0.0069         1
    0.4550    0.9569    0.0065         1
    0.4575    0.9479    0.0060         1
    0.4600    0.9497    0.0056         1
    0.4625    0.9534    0.0052         1
    0.4650    0.9556    0.0049         1
    0.4675    0.9605    0.0046         1
    0.4700    0.9659    0.0044         1
    0.4725    0.9591    0.0042         1
    0.4750    0.9570    0.0039         1
    0.4775    0.9653    0.0037         1
    0.4800    0.9648    0.0035         1
    0.4825    0.9591    0.0033         1
    0.4850    0.9629    0.0032         1
    0.4875    0.9758    0.0031         1
    0.4900    0.9859    0.0031         1
    0.4925    0.9652    0.0029         1
    0.4950    0.9753    0.0028         1
    0.4975    0.9759    0.0027         1
    0.5000    0.9752    0.0026         1
    0.5025    0.9850    0.0025         1
    0.5050    0.9910    0.0025         1
    0.5075    0.9838    0.0024         1
    0.5100    0.9794    0.0023         1
    0.5125    0.9875    0.0022         1
    0.5150    0.9868    0.0022         1
    0.5175    0.9919    0.0021         1
    0.5200    0.9973    0.0021         1
    0.5225    1.0059    0.0021         1
    0.5250    0.9872    0.0020         1
    0.5275    0.9965    0.0020         1
    0.5300    0.9983    0.0019         1
    0.5325    1.0047    0.0019         1
    0.5350    0.9888    0.0018         1
    0.5375    0.9978    0.0017         1
    0.5400    0.9939    0.0017         1
    0.5425    0.9957    0.0016         1
    0.5450    1.0060    0.0016         1
    0.5475    0.9981    0.0016         1
    0.5500    0.9975    0.0016         1
    0.5525    1.0025    0.0015         1
    0.5550    1.0024    0.0015         1
    0.5575    1.0047    0.0015         1
    0.5600    1.0015    0.0015         1
    0.5625    1.0086    0.0014         1
    0.5650    1.0104    0.0014         1
    0.5675    1.0038    0.0014         1
    0.5700    1.0074    0.0014         1
    0.5725    1.0077    0.0014         1
    0.5750    1.0095    0.0013         1
    0.5775    1.0039    0.0013         1
    0.5800    1.0001    0.0013         1
    0.5825    1.0043    0.0013         1
    0.5850    1.0045    0.0013         1
    0.5875    0.9990    0.0012         1
    0.5900    1.0039    0.0012         1
    0.5925    1.0089    0.0012         1
    0.5950    1.0146    0.0012         1
    0.5975    0.9989    0.0012         1
    0.6000    1.0017    0.0012         1
    0.6025    1.0057    0.0012         1
    0.6050    1.0079    0.0012         1
    0.6075    1.0063    0.0012         1
    0.6100    1.0064    0.0011         1
    0.6125    1.0075    0.0011         1
    0.6150    1.0101    0.0011         1
    0.6175    1.0134    0.0011         1
    0.6200    1.0157    0.0011         1
    0.6225    1.0126    0.0011         1
    0.6250    1.0056    0.0011         1
    0.6275    1.0143    0.0011         1
    0.6300    1.0134    0.0011         1
    0.6325    1.0120    0.0011         1
    0.6350    1.0106    0.0011         1
    0.6375    1.0129    0.0011         1
    0.6400    1.0123    0.0011         1
    0.6425    1.0113    0.0011         1
    0.6450    1.0142    0.0011         1
    0.6475    1.0139    0.0010         1
    0.6500    1.0122    0.0010         1
    0.6525    1.0139    0.0010         1
    0.6550    1.0129    0.0010         1
    0.6575    1.0148    0.0010         1
    0.6600    1.0227    0.0011         1
    0.6625    1.0092    0.0010         1
    0.6650    1.0091    0.0010         1
    0.6675    1.0115    0.0010         1
    0.6700    1.0117    0.0010         1
    0.6725    1.0154    0.0010         1
    0.6750    1.0157    0.0010         1
    0.6775    1.0153    0.0010         1
    0.6800    1.0152    0.0010         1
    0.6825    1.0147    0.0010         1
    0.6850    1.0158    0.0010         1
    0.6875    1.0217    0.0010         1
    0.6900    1.0266    0.0011         1
    0.6925    1.0131    0.0010         1
    0.6950    1.0106    0.0010         1
    0.6975    1.0088    0.0010         1
    0.7000    1.0162    0.0010         1
    0.7025    1.0186    0.0010         1
    0.7050    1.0189    0.0010         1
    0.7075    1.0177    0.0010         1
    0.7100    1.0188    0.0010         1
    0.7125    1.0166    0.0010         1
    0.7150    1.0179    0.0010         1
    0.7175    1.0215    0.0010         1
    0.7200    1.0288    0.0010         1
    0.7225    1.0274    0.0011         1
    0.7250    1.0248    0.0011         1
    0.7275    1.0172    0.0010         1
    0.7300    1.0251    0.0011         1
    0.7325    1.0218    0.0011         1
    0.7350    1.0198    0.0011         1
    0.7375    1.0192    0.0011         1
    0.7400    1.0196    0.0011         1
    0.7425    1.0203    0.0011         1
    0.7450    1.0198    0.0011         1
    0.7475    1.0183    0.0011         1
    0.7500    1.0161    0.0011         1
    0.7525    1.0180    0.0011         1
    0.7550    1.0229    0.0011         1
    0.7700    1.0143    0.0022         1
    0.7725    1.0132    0.0013         1
    0.7750    1.0134    0.0011         1
    0.7775    1.0168    0.0011         1
    0.7800    1.0181    0.0012         1
    0.7825    1.0185    0.0012         1
    0.7850    1.0194    0.0012         1
    0.7875    1.0170    0.0012         1
    0.7900    1.0173    0.0012         1
    0.7925    1.0232    0.0012         1
    0.7950    1.0186    0.0012         1
    0.7975    1.0158    0.0012         1
    0.8000    1.0183    0.0012         1
    0.8025    1.0176    0.0012         1
    0.8050    1.0193    0.0013         1
    0.8075    1.0173    0.0013         1
    0.8100    1.0193    0.0013         1
    0.8125    1.0223    0.0013         1
    0.8150    1.0229    0.0013         1
    0.8175    1.0239    0.0013         1
    0.8200    1.0278    0.0014         1
    0.8225    1.0175    0.0014         1
    0.8250    1.0149    0.0014         1
    0.8275    1.0184    0.0014         1
    0.8300    1.0147    0.0014         1
    0.8325    1.0184    0.0014         1
    0.8350    1.0213    0.0014         1
    0.8375    1.0120    0.0014         1
    0.8400    1.0067    0.0014         1
    0.8425    1.0142    0.0015         1
    0.8450    1.0167    0.0015         1
    0.8475    1.0119    0.0015         1
    0.8500    1.0162    0.0015         1
    0.8525    1.0243    0.0016         1
    0.8550    1.0127    0.0016         1
    0.8575    1.0124    0.0016         1
    0.8600    1.0103    0.0016         1
    0.8625    1.0174    0.0016         1
    0.8650    1.0181    0.0017         1
    0.8675    1.0198    0.0017         1
    0.8700    1.0166    0.0017         1
    0.8725    1.0123    0.0017         1
    0.8750    1.0177    0.0017         1
    0.8775    1.0175    0.0018         1
    0.8800    1.0119    0.0018         1
    0.8825    1.0165    0.0018         1
    0.8850    1.0140    0.0019         1
    0.8875    1.0092    0.0019         1
    0.8900    1.0129    0.0019         1
    0.8925    1.0148    0.0020         1
    0.8950    1.0211    0.0020         1
    0.8975    1.0244    0.0021         1
    0.9000    1.0208    0.0021         1
    0.9025    1.0103    0.0021         1
    0.9050    1.0149    0.0022         1
    0.9075    1.0207    0.0022         1
    0.9100    1.0197    0.0023         1
    0.9125    1.0182    0.0023         1
    0.9150    1.0212    0.0024         1
    0.9175    1.0178    0.0024         1
    0.9200    1.0225    0.0025         1
    0.9225    1.0236    0.0026         1
    0.9250    1.0201    0.0026         1

    0.8200   -1.0000   -1.0000         0
    0.8250    1.0243    0.0017         8
    0.8300    1.0199    0.0017         8
    0.8350    1.0213    0.0017         8
    0.8400    1.0035    0.0017         7
    0.8450    1.0168    0.0017         8
    0.8500    1.0181    0.0017         7
    0.8550    1.0121    0.0017         8
    0.8600    1.0132    0.0017         8
    0.8650    1.0066    0.0017         8
    0.8700    1.0062    0.0017         8
    0.8750    1.0070    0.0017         8
    0.8800    1.0066    0.0016         8
    0.8850    1.0053    0.0016         7
    0.8900    1.0007    0.0015         7
    0.8950    0.9988    0.0015         7
    0.9000    0.9987    0.0015         8
    0.9050    0.9974    0.0015         8
    0.9100    0.9969    0.0015         8
    0.9150    0.9939    0.0015         8
    0.9200   -1.0000   -1.0000         0
    0.9250    0.9926    0.0017         7
    0.9300    0.9935    0.0016         8
    0.9350    0.9864    0.0016         7
    0.9400    0.9887    0.0015         8
    0.9450    0.9845    0.0015         8
    0.9500    0.9829    0.0015         8
    0.9550    0.9869    0.0016         6
    0.9600    0.9981    0.0014         7
    0.9650    0.9945    0.0014         7
    0.9700    0.9925    0.0013         7
    0.9750    0.9785    0.0012         7
    0.9800    0.9772    0.0013         8
    0.9850    0.9745    0.0013         8
    0.9900    0.9760    0.0013         8
    0.9950    0.9740    0.0012         8
    1.0000    0.9735    0.0012         8
    1.0050    0.9718    0.0012         8
    1.0100    0.9695    0.0012         8
    1.0150    0.9694    0.0012         8
    1.0200    0.9662    0.0012         8
    1.0250    0.9650    0.0012         8
    1.0300    0.9654    0.0012         8
    1.0350    0.9655    0.0012         8
    1.0400    0.9631    0.0012         8
    1.0450    0.9669    0.0012         8
    1.0500    0.9649    0.0012         8
    1.0550    0.9640    0.0011         8
    1.0600    0.9631    0.0011         8
    1.0650    0.9632    0.0011         8
    1.0700    0.9582    0.0011         7
    1.0750    0.9608    0.0011         8
    1.0800    0.9613    0.0011         8
    1.0850    0.9629    0.0011         8
    1.0900    0.9618    0.0011         8
    1.0950    0.9593    0.0011         8
    1.1000    0.9613    0.0012         8
    1.1050    0.9624    0.0014         8
    1.1100    0.9460    0.0016         4
    1.1150    0.9494    0.0019         5
    1.1200    0.9468    0.0020         5
    1.1250    0.9567    0.0017         7
    1.1300    0.9550    0.0015         8
    1.1350    0.9580    0.0014         8
    1.1400    0.9569    0.0013         8
    1.1450    0.9537    0.0013         8
    1.1500    0.9535    0.0013         8
    1.1550    0.9557    0.0012         8
    1.1600    0.9531    0.0012         8
    1.1650    0.9517    0.0011         8
    1.1700    0.9508    0.0010         8
    1.1750    0.9500    0.0010         8
    1.1800    0.9475    0.0010         8
    1.1850    0.9491    0.0010         8
    1.1900    0.9511    0.0010         8
    1.1950    0.9486    0.0010         8
    1.2000    0.9514    0.0010         8
    1.2050    0.9484    0.0010         8
    1.2100    0.9506    0.0010         8
    1.2150    0.9499    0.0010         8
    1.2200    0.9498    0.0010         8
    1.2250    0.9495    0.0010         8
    1.2300    0.9492    0.0010         8
    1.2350    0.9527    0.0010         8
    1.2400    0.9510    0.0010         8
    1.2450    0.9509    0.0010         8
    1.2500    0.9517    0.0011         8
    1.2550    0.9530    0.0011         8
    1.2600    0.9499    0.0011         8
    1.2650    0.9497    0.0011         8
    1.2700    0.9540    0.0011         8
    1.2750    0.9501    0.0011         8
    1.2800    0.9474    0.0011         8
    1.2850    0.9522    0.0011         8
    1.2900    0.9563    0.0012         8
    1.2950    0.9519    0.0011         8
    1.3000    0.9529    0.0012         8
    1.3050    0.9497    0.0011         8
    1.3100    0.9494    0.0011         8
    1.3150    0.9536    0.0011         8
    1.3200    0.9558    0.0012         8
    1.3250    0.9559    0.0012         8
    1.3300    0.9537    0.0012         8
    1.3350    0.9575    0.0015         7
    1.3400    0.9582    0.0019         5
    1.3450    0.9316    0.0039         1
    1.3500    0.9642    0.0046         2
    1.3550    0.9754    0.0062         1
    1.3600    0.9485    0.0028         1
    1.3650    0.9812    0.0032         2
    1.3700    0.9516    0.0023         2
    1.3750    0.9758    0.0024         2
    1.3800    0.9812    0.0026         2
    1.3850    0.9715    0.0030         5
    1.3900    0.9716    0.0021         2
    1.3950    0.9518    0.0021         4
    1.4000    0.9517    0.0023         3
    1.4050    0.9664    0.0020         6
    1.4100    0.9581    0.0018         8
    1.4150    0.9653    0.0018         7
    1.4200    0.9593    0.0016         8
    1.4250    0.9611    0.0015         8
    1.4300    0.9610    0.0014         8
    1.4350    0.9651    0.0014         8
    1.4400    0.9695    0.0015         6
    1.4450    0.9648    0.0014         8
    1.4500    0.9635    0.0012         7
    1.4550    0.9655    0.0013         7
    1.4600    0.9632    0.0013         8
    1.4650    0.9642    0.0013         8
    1.4700    0.9659    0.0012         6
    1.4750    0.9673    0.0013         8
    1.4800    0.9674    0.0014         8
    1.4850    0.9617    0.0014         7
    1.4900    0.9676    0.0012         8
    1.4950    0.9658    0.0012         8
    1.5000    0.9658    0.0012         8
    1.5050    0.9676    0.0012         8
    1.5100    0.9647    0.0012         8
    1.5150    0.9673    0.0012         8
    1.5200    0.9686    0.0012         8
    1.5250    0.9692    0.0012         8
    1.5300    0.9682    0.0012         8
    1.5350    0.9678    0.0012         8
    1.5400    0.9699    0.0012         8
    1.5450    0.9691    0.0012         8
    1.5500    0.9716    0.0012         8
    1.5550    0.9725    0.0012         8
    1.5600    0.9724    0.0012         8
    1.5650    0.9706    0.0012         8
    1.5700    0.9736    0.0013         8
    1.5750    0.9737    0.0013         8
    1.5800    0.9738    0.0013         8
    1.5850    0.9762    0.0012         8
    1.5900    0.9761    0.0013         8
    1.5950    0.9763    0.0013         8
    1.6000    0.9743    0.0012         8
    1.6050    0.9797    0.0013         8
    1.6100    0.9776    0.0014         8
    1.6150    0.9767    0.0013         8
    1.6200    0.9797    0.0014         8
    1.6250    0.9768    0.0013         8
    1.6300    0.9765    0.0014         8
    1.6350    0.9782    0.0014         8
    1.6400    0.9765    0.0013         8
    1.6450    0.9788    0.0013         8
    1.6500    0.9781    0.0013         8
    1.6550    0.9787    0.0013         8
    1.6600    0.9781    0.0013         8
    1.6650    0.9767    0.0014         8
    1.6700    0.9771    0.0014         8
    1.6750    0.9788    0.0013         8
    1.6800    0.9792    0.0014         8
    1.6850    0.9790    0.0014         8
    1.6900    0.9775    0.0014         8
    1.6950    0.9775    0.0014         8
    1.7000    0.9779    0.0014         8
    1.7050    0.9793    0.0014         8
    1.7100    0.9830    0.0014         8
    1.7150    0.9796    0.0014         8
    1.7200    0.9798    0.0014         8
    1.7250    0.9822    0.0014         8
    1.7300    0.9852    0.0015         8
    1.7350    0.9846    0.0016         8
    1.7400    0.9847    0.0015         8
    1.7450    0.9819    0.0015         8
    1.7500    0.9843    0.0015         8
    1.7550    0.9845    0.0015         8
    1.7600    0.9862    0.0015         8
    1.7650    0.9838    0.0015         8
    1.7700    0.9861    0.0015         8
    1.7750    0.9877    0.0016         8
    1.7800    0.9890    0.0016         8
    1.7850    0.9884    0.0016         8
    1.7900    0.9887    0.0019         8
    1.7950    1.0001    0.0023         7
    1.8000    0.9882    0.0020         8
    1.8050    0.9892    0.0022         8
    1.8100    0.9922    0.0026         6
    1.8150    0.9937    0.0027         7
    1.8200    1.0069    0.0029         3
    1.8250   -1.0000   -1.0000         0
    1.8300    0.9866    0.0095         1
    1.8350    0.9887    0.0040         5
    1.8400    0.9874    0.0059         2
    1.8450    0.9870    0.0040         2
    1.8500    0.9872    0.0040         7
    1.8550    0.9941    0.0038         4
    1.8600    1.0063    0.0049         2
    1.8650    0.9936    0.0060         1
    1.8700    0.9875    0.0034         2
    1.8750   -1.0000   -1.0000         0
    1.8800    0.9853    0.0037         4
    1.8850    0.9885    0.0033         5
    1.8900    0.9921    0.0047         6
    1.8950    0.9844    0.0056         2
    1.9000    0.9993    0.0036         5
    1.9050    0.9943    0.0038         5
    1.9100    0.9950    0.0035         6
    1.9150    0.9957    0.0031         5
    1.9200    0.9954    0.0030         7
    1.9250    0.9952    0.0027         8
    1.9300    0.9980    0.0028         8
    1.9350    0.9961    0.0025         7
    1.9400    0.9980    0.0024         8
    1.9450    0.9966    0.0024         7
    1.9500    0.9974    0.0026         7
    1.9550    0.9977    0.0025         8
    1.9600    0.9986    0.0025         8
    1.9650    0.9952    0.0023         8
    1.9700    0.9961    0.0022         8
    1.9750    0.9955    0.0020         8
    1.9800    0.9946    0.0019         8
    1.9850    0.9940    0.0021         8
    1.9900    0.9942    0.0026         4
    1.9950    1.0000    0.0040         4
    2.0000    1.0000    0.0031         6
    2.0050    1.0170    0.0027         3
    2.0100    0.9964    0.0027         7
    2.0150    0.9989    0.0028         7
    2.0200    0.9983    0.0027         6
    2.0250    0.9964    0.0020         8
    2.0300    0.9983    0.0020         8
    2.0350    0.9963    0.0020         8
    2.0400    0.9986    0.0022         7
    2.0450    0.9846    0.0025         2
    2.0500    0.9979    0.0027         7
    2.0550    1.0001    0.0022         8
    2.0600    0.9967    0.0022         8
    2.0650    0.9986    0.0021         8
    2.0700    0.9970    0.0022         8
    2.0750    1.0002    0.0020         8
    2.0800    0.9993    0.0020         8
    2.0850    0.9981    0.0020         8
    2.0900    0.9996    0.0020         8
    2.0950    0.9972    0.0020         8
    2.1000    0.9987    0.0020         8
    2.1050    1.0003    0.0020         8
    2.1100    0.9998    0.0021         7
    2.1150    1.0005    0.0020         8
    2.1200    1.0004    0.0020         8
    2.1250    0.9980    0.0020         8
    2.1300    0.9996    0.0021         8
    2.1350    0.9990    0.0021         8
    2.1400    0.9988    0.0021         8
    2.1450    0.9993    0.0021         8
    2.1500    0.9990    0.0021         8
    2.1550    1.0003    0.0021         8
    2.1600    0.9988    0.0022         8
    2.1650    1.0007    0.0022         8
    2.1700    1.0018    0.0022         8
    2.1750    1.0014    0.0022         8
    2.1800    1.0017    0.0022         8
    2.1850    1.0032    0.0022         8
    2.1900    1.0001    0.0022         8
    2.1950    0.9992    0.0023         8
    2.2000    0.9996    0.0023         8
    2.2050    1.0036    0.0023         8
    2.2100    1.0007    0.0023         8
    2.2150    1.0001    0.0023         8
    2.2200    1.0021    0.0023         8
    2.2250    1.0005    0.0023         8
    2.2300    1.0044    0.0024         8
    2.2350    1.0023    0.0024         8
    2.2400    0.9995    0.0024         8
    2.2450    1.0044    0.0025         8
    2.2500    1.0011    0.0024         8
    2.2550    1.0025    0.0025         8
    2.2600    1.0022    0.0025         8
    2.2650    1.0016    0.0025         8
    2.2700    1.0019    0.0025         8
    2.2750    0.9996    0.0025         8
    2.2800    1.0018    0.0025         8
    2.2850    1.0034    0.0026         8
    2.2900    1.0013    0.0026         8
    2.2950    0.9993    0.0026         8
    2.3000    1.0005    0.0026         8
    2.3050    0.9997    0.0026         8
    2.3100    0.9979    0.0026         8
    2.3150    0.9977    0.0028         7
    2.3200    1.0012    0.0028         7
    2.3250    0.9993    0.0027         8
    2.3300    1.0038    0.0027         8
    2.3350    1.0009    0.0027         8
    2.3400    1.0037    0.0027         8
    2.3450    1.0009    0.0028         8
    2.3500    1.0063    0.0029         8
    2.3550    1.0048    0.0028         8
    2.3600    1.0030    0.0028         8
    2.3650    1.0027    0.0028         8
    2.3700    1.0052    0.0027         7
    2.3750    1.0064    0.0029         8
    2.3800    1.0050    0.0029         8
    2.3850    1.0083    0.0030         7
    2.3900    1.0056    0.0029         8
    2.3950    1.0055    0.0029         8
    2.4000    1.0060    0.0031         7
    2.4050    1.0030    0.0028         6
    2.4100    1.0069    0.0028         7
    2.4150    1.0038    0.0030         8
    2.4200    1.0107    0.0030         5
    2.4250    1.0061    0.0030         8
    2.4300    1.0075    0.0030         8
    2.4350    1.0043    0.0032         7
    2.4400    1.0055    0.0033         7
    2.4450    1.0057    0.0034         8
    2.4500    1.0110    0.0032         5
    2.4550    1.0069    0.0031         6
    2.4600    1.0035    0.0029         6
    2.4650    1.0153    0.0031         4
    2.4700    1.0051    0.0034         6
    2.4750    1.0077    0.0036         7
    2.4800    1.0056    0.0025         2
    2.4850    1.0169    0.0036         4
    2.4900    1.0118    0.0028         2
