    0.4350    0.7756    0.0116         1
    0.4375    0.7901    0.0103         1
    0.4400    0.7805    0.0092         1
    0.4425    0.7942    0.0081         1
    0.4450    0.8028    0.0072         1
    0.4475    0.7978    0.0065         1
    0.4500    0.8020    0.0058         1
    0.4525    0.8158    0.0053         1
    0.4550    0.8143    0.0050         1
    0.4575    0.8242    0.0046         1
    0.4600    0.8255    0.0043         1
    0.4625    0.8306    0.0040         1
    0.4650    0.8397    0.0038         1
    0.4675    0.8460    0.0037         1
    0.4700    0.8535    0.0035         1
    0.4725    0.8550    0.0032         1
    0.4750    0.8654    0.0030         1
    0.4775    0.8640    0.0028         1
    0.4800    0.8663    0.0027         1
    0.4825    0.8704    0.0025         1
    0.4850    0.8799    0.0024         1
    0.4875    0.8954    0.0024         1
    0.4900    0.8964    0.0024         1
    0.4925    0.8915    0.0023         1
    0.4950    0.8987    0.0021         1
    0.4975    0.9023    0.0021         1
    0.5000    0.9069    0.0020         1
    0.5025    0.9169    0.0019         1
    0.5050    0.9221    0.0019         1
    0.5075    0.9225    0.0018         1
    0.5100    0.9221    0.0018         1
    0.5125    0.9335    0.0017         1
    0.5150    0.9394    0.0017         1
    0.5175    0.9463    0.0016         1
    0.5200    0.9530    0.0016         1
    0.5225    0.9586    0.0016         1
    0.5250    0.9581    0.0016         1
    0.5275    0.9647    0.0015         1
    0.5300    0.9725    0.0015         1
    0.5325    0.9710    0.0014         1
    0.5350    0.9734    0.0014         1
    0.5375    0.9812    0.0013         1
    0.5400    0.9820    0.0013         1
    0.5425    0.9909    0.0013         1
    0.5450    0.9954    0.0013         1
    0.5475    0.9991    0.0012         1
    0.5500    1.0046    0.0012         1
    0.5525    1.0052    0.0012         1
    0.5550    1.0106    0.0012         1
    0.5575    1.0151    0.0011         1
    0.5600    1.0172    0.0011         1
    0.5625    1.0233    0.0011         1
    0.5650    1.0305    0.0011         1
    0.5675    1.0321    0.0011         1
    0.5700    1.0374    0.0011         1
    0.5725    1.0418    0.0011         1
    0.5750    1.0445    0.0010         1
    0.5775    1.0444    0.0010         1
    0.5800    1.0488    0.0010         1
    0.5825    1.0526    0.0010         1
    0.5850    1.0568    0.0010         1
    0.5875    1.0570    0.0010         1
    0.5900    1.0624    0.0010         1
    0.5925    1.0667    0.0010         1
    0.5950    1.0730    0.0010         1
    0.5975    1.0713    0.0010         1
    0.6000    1.0760    0.0010         1
    0.6025    1.0793    0.0010         1
    0.6050    1.0854    0.0010         1
    0.6075    1.0870    0.0009         1
    0.6100    1.0896    0.0009         1
    0.6125    1.0932    0.0009         1
    0.6150    1.0978    0.0009         1
    0.6175    1.1054    0.0009         1
    0.6200    1.1068    0.0009         1
    0.6225    1.1093    0.0009         1
    0.6250    1.1120    0.0009         1
    0.6275    1.1159    0.0009         1
    0.6300    1.1205    0.0009         1
    0.6325    1.1232    0.0009         1
    0.6350    1.1265    0.0009         1
    0.6375    1.1325    0.0009         1
    0.6400    1.1347    0.0009         1
    0.6425    1.1397    0.0009         1
    0.6450    1.1440    0.0009         1
    0.6475    1.1441    0.0009         1
    0.6500    1.1500    0.0009         1
    0.6525    1.1541    0.0009         1
    0.6550    1.1554    0.0009         1
    0.6575    1.1649    0.0009         1
    0.6600    1.1612    0.0009         1
    0.6625    1.1629    0.0009         1
    0.6650    1.1696    0.0008         1
    0.6675    1.1747    0.0008         1
    0.6700    1.1760    0.0008         1
    0.6725    1.1779    0.0008         1
    0.6750    1.1847    0.0008         1
    0.6775    1.1897    0.0008         1
    0.6800    1.1914    0.0008         1
    0.6825    1.1915    0.0008         1
    0.6850    1.1968    0.0008         1
    0.6875    1.2057    0.0008         1
    0.6900    1.2154    0.0011         1
    0.6925    1.2111    0.0012         1
    0.6950    1.2133    0.0012         1
    0.6975    1.2130    0.0010         1
    0.7000    1.2146    0.0009         1
    0.7025    1.2198    0.0009         1
    0.7050    1.2207    0.0009         1
    0.7075    1.2237    0.0009         1
    0.7100    1.2271    0.0009         1
    0.7125    1.2257    0.0009         1
    0.7150    1.2300    0.0009         1
    0.7175    1.2359    0.0009         1
    0.7200    1.2379    0.0009         1
    0.7225    1.2335    0.0009         1
    0.7250    1.2422    0.0009         1
    0.7275    1.2388    0.0009         1
    0.7300    1.2402    0.0009         1
    0.7325    1.2443    0.0009         1
    0.7350    1.2463    0.0009         1
    0.7375    1.2464    0.0009         1
    0.7400    1.2483    0.0009         1
    0.7425    1.2489    0.0009         1
    0.7450    1.2488    0.0009         1
    0.7475    1.2454    0.0009         1
    0.7500    1.2450    0.0009         1
    0.7525    1.2455    0.0009         1
    0.7550    1.2466    0.0009         1
    0.7575    1.2469    0.0011         1
    0.7600    1.2373    0.0022         1
    0.7625    1.2295    0.0032         1
    0.7650    1.2310    0.0040         1
    0.7675    1.2253    0.0029         1
    0.7700    1.2201    0.0013         1
    0.7725    1.2357    0.0010         1
    0.7750    1.2286    0.0010         1
    0.7775    1.2246    0.0010         1
    0.7800    1.2276    0.0010         1
    0.7825    1.2266    0.0010         1
    0.7850    1.2235    0.0010         1
    0.7875    1.2193    0.0010         1
    0.7900    1.2155    0.0010         1
    0.7925    1.2201    0.0010         1
    0.7950    1.2157    0.0010         1
    0.7975    1.2067    0.0010         1
    0.8000    1.2030    0.0010         1
    0.8025    1.2038    0.0010         1
    0.8050    1.2020    0.0011         1
    0.8075    1.1959    0.0011         1
    0.8100    1.1958    0.0011         1
    0.8125    1.1934    0.0011         1
    0.8150    1.1883    0.0011         1
    0.8175    1.1812    0.0011         1
    0.8200    1.1824    0.0011         1
    0.8225    1.1739    0.0011         1
    0.8250    1.1768    0.0011         1
    0.8275    1.1741    0.0011         1
    0.8300    1.1690    0.0012         1
    0.8325    1.1651    0.0012         1
    0.8350    1.1689    0.0012         1
    0.8375    1.1659    0.0012         1
    0.8400    1.1555    0.0012         1
    0.8425    1.1550    0.0012         1
    0.8450    1.1476    0.0012         1
    0.8475    1.1425    0.0012         1
    0.8500    1.1377    0.0012         1
    0.8525    1.1377    0.0012         1
    0.8550    1.1384    0.0012         1
    0.8575    1.1283    0.0012         1
    0.8600    1.1273    0.0012         1
    0.8625    1.1231    0.0012         1
    0.8650    1.1227    0.0013         1
    0.8675    1.1196    0.0013         1
    0.8700    1.1150    0.0013         1
    0.8725    1.1123    0.0013         1
    0.8750    1.1099    0.0013         1
    0.8775    1.1076    0.0013         1
    0.8800    1.1047    0.0014         1
    0.8825    1.1002    0.0014         1
    0.8850    1.1023    0.0014         1
    0.8875    1.0991    0.0014         1
    0.8900    1.0975    0.0015         1
    0.8925    1.0970    0.0015         1
    0.8950    1.0920    0.0016         1
    0.8975    1.0897    0.0016         1
    0.9000    1.0893    0.0017         1
    0.9025    1.0830    0.0016         1
    0.9050    1.0856    0.0017         1
    0.9075    1.0930    0.0018         1
    0.9100    1.0880    0.0018         1
    0.9125    1.0846    0.0018         1
    0.9150    1.0856    0.0019         1
    0.9175    1.0888    0.0019         1
    0.9200    1.0889    0.0019         1
    0.9225    1.0907    0.0020         1
    0.9250    1.0839    0.0021         1

    0.6500   -1.0000   -1.0000         3
    0.6550   -1.0000   -1.0000         3
    0.6600   -1.0000   -1.0000         3
    0.6650    1.2007    0.3527         3
    0.6700   -1.0000   -1.0000         3
    0.6750    1.1657    0.0553         3
    0.6800    1.1501    0.0398         3
    0.6850    1.1682    0.0323         3
    0.6900    1.1912    0.0258         3
    0.6950    1.1915    0.0211         3
    0.7000    1.1869    0.0189         3
    0.7050    1.1873    0.0174         3
    0.7100    1.1882    0.0163         3
    0.7150    1.1991    0.0155         3
    0.7200    1.2031    0.0146         3
    0.7250    1.2067    0.0138         3
    0.7300    1.2109    0.0132         3
    0.7350    1.2043    0.0126         3
    0.7400    1.2106    0.0122         3
    0.7450   -1.0000   -1.0000         3
    0.7500   -1.0000   -1.0000         3
    0.7550    1.2179    0.0129         3
    0.7600    1.2460    0.0123         3
    0.7650    1.2250    0.0111         3
    0.7700    1.2018    0.0106         3
    0.7750    1.2065    0.0105         3
    0.7800    1.1976    0.0104         3
    0.7850    1.1828    0.0102         3
    0.7900    1.1892    0.0102         3
    0.7950    1.1794    0.0100         3
    0.8000    1.1816    0.0100         3
    0.8050    1.1720    0.0100         3
    0.8100    1.1636    0.0100         3
    0.8150    1.1637    0.0100         3
    0.8200    1.1713    0.0099         3
    0.8250    1.1605    0.0098         3
    0.8300    1.1533    0.0096         3
    0.8350    1.1503    0.0094         3
    0.8400    1.1437    0.0093         3
    0.8450    1.1406    0.0093         3
    0.8500    1.1384    0.0092         3
    0.8550    1.1268    0.0091         3
    0.8600    1.1104    0.0090         3
    0.8650    1.1113    0.0088         3
    0.8700    1.1091    0.0087         3
    0.8750    1.0961    0.0086         3
    0.8800    1.0985    0.0085         3
    0.8850    1.0969    0.0084         3
    0.8900    1.0884    0.0083         3
    0.8950    1.0822    0.0083         3
    0.9000    1.0896    0.0083         3
    0.9050    1.0898    0.0083         3
    0.9100    1.0804    0.0082         3
    0.9150    1.0813    0.0081         3
    0.9200    1.0825    0.0080         3
    0.9250    1.0786    0.0080         3
    0.9300    1.0772    0.0082         3
    0.9350    1.0940    0.0084         3
    0.9400    1.0909    0.0084         2
    0.9450    1.0720    0.0087         3
    0.9500    1.0722    0.0085         3
    0.9550    1.0802    0.0083         3
    0.9600    1.0823    0.0081         3
    0.9650    1.0826    0.0079         3
    0.9700    1.0759    0.0077         3
    0.9750    1.0820    0.0076         3
    0.9800    1.0885    0.0075         3
    0.9850    1.0918    0.0074         3
    0.9900    1.0868    0.0072         3
    0.9950    1.0878    0.0071         3
    1.0000    1.1014    0.0071         3
    1.0050    1.1013    0.0071         3
    1.0100    1.1036    0.0070         3
    1.0150    1.1126    0.0070         3
    1.0200    1.1192    0.0070         3
    1.0250    1.1217    0.0070         3
    1.0300    1.1263    0.0070         3
    1.0350    1.1246    0.0070         3
    1.0400    1.1325    0.0070         3
    1.0450    1.1374    0.0070         3
    1.0500    1.1385    0.0070         3
    1.0550    1.1367    0.0071         3
    1.0600    1.1442    0.0072         3
    1.0650    1.1471    0.0072         3
    1.0700    1.1556    0.0073         3
    1.0750    1.1676    0.0074         3
    1.0800    1.1681    0.0075         3
    1.0850    1.1652    0.0075         3
    1.0900    1.1758    0.0077         3
    1.0950    1.1884    0.0078         3
    1.1000    1.2030    0.0078         3
    1.1050    1.2049    0.0079         3
    1.1100    1.2088    0.0080         3
    1.1150    1.2162    0.0083         3
    1.1200    1.2137    0.0084         2
    1.1250   -1.0000   -1.0000         0
    1.1300   -1.0000   -1.0000         1
    1.1350    1.2393    0.0094         2
    1.1400    1.2440    0.0097         3
    1.1450    1.2526    0.0096         3
    1.1500    1.2564    0.0094         3
    1.1550    1.2672    0.0092         3
    1.1600    1.2713    0.0090         3
    1.1650    1.2663    0.0088         3
    1.1700    1.2687    0.0085         3
    1.1750    1.2842    0.0084         3
    1.1800    1.2843    0.0084         3
    1.1850    1.2867    0.0084         3
    1.1900    1.2940    0.0086         3
    1.1950    1.2952    0.0086         3
    1.2000    1.3017    0.0086         3
    1.2050    1.3006    0.0086         3
    1.2100    1.3085    0.0087         3
    1.2150    1.3029    0.0087         3
    1.2200    1.3054    0.0086         3
    1.2250    1.3079    0.0087         3
    1.2300    1.3145    0.0087         3
    1.2350    1.3198    0.0087         3
    1.2400    1.3276    0.0087         3
    1.2450    1.3270    0.0088         3
    1.2500    1.3309    0.0088         3
    1.2550    1.3281    0.0088         3
    1.2600    1.3271    0.0090         3
    1.2650    1.3418    0.0091         3
    1.2700    1.3438    0.0091         3
    1.2750    1.3554    0.0098         2
    1.2800    1.3459    0.0092         3
    1.2850    1.3608    0.0091         3
    1.2900    1.3562    0.0090         3
    1.2950    1.3604    0.0089         3
    1.3000    1.3666    0.0089         3
    1.3050    1.3770    0.0091         3
    1.3100    1.3829    0.0091         3
    1.3150    1.3792    0.0092         3
    1.3200    1.3861    0.0093         3
    1.3250    1.3943    0.0095         3
    1.3300    1.3972    0.0095         3
    1.3350    1.3918    0.0093         2
    1.3400    1.4033    0.0105         3
    1.3450   -1.0000   -1.0000         0
    1.3500    1.4014    0.0129         1
    1.3550   -1.0000   -1.0000         1
    1.3600    1.4346    0.0264         1
    1.3650   -1.0000   -1.0000         0
    1.3700   -1.0000   -1.0000         0
    1.3750   -1.0000   -1.0000         1
    1.3800   -1.0000   -1.0000         1
    1.3850   -1.0000   -1.0000         1
    1.3900    1.4438    0.0252         2
    1.3950   -1.0000   -1.0000         0
    1.4000   -1.0000   -1.0000         1
    1.4050   -1.0000   -1.0000         0
    1.4100    1.4761    0.0207         3
    1.4150    1.4757    0.0187         3
    1.4200    1.4753    0.0170         3
    1.4250   -1.0000   -1.0000         2
    1.4300    1.4823    0.0153         3
    1.4350    1.4939    0.0148         3
    1.4400    1.4993    0.0145         3
    1.4450    1.5033    0.0140         3
    1.4500    1.5004    0.0125         2
    1.4550    1.5124    0.0127         3
    1.4600    1.4987    0.0119         2
    1.4650    1.5011    0.0119         2
    1.4700   -1.0000   -1.0000         0
    1.4750   -1.0000   -1.0000         0
    1.4800    1.5319    0.0123         3
    1.4850    1.5319    0.0119         3
    1.4900    1.5348    0.0115         3
    1.4950    1.5384    0.0112         3
    1.5000    1.5459    0.0110         3
    1.5050    1.5540    0.0108         3
    1.5100    1.5553    0.0107         3
    1.5150    1.5461    0.0106         3
    1.5200    1.5474    0.0104         3
    1.5250    1.5488    0.0104         3
    1.5300    1.5551    0.0104         3
    1.5350    1.5609    0.0104         3
    1.5400    1.5633    0.0104         3
    1.5450    1.5589    0.0103         3
    1.5500    1.5662    0.0103         3
    1.5550    1.5698    0.0104         3
    1.5600    1.5791    0.0105         3
    1.5650    1.5785    0.0106         3
    1.5700    1.5773    0.0108         3
    1.5750    1.5849    0.0108         3
    1.5800    1.5797    0.0109         3
    1.5850    1.5778    0.0110         3
    1.5900    1.5855    0.0109         3
    1.5950    1.5785    0.0109         3
    1.6000    1.5777    0.0110         3
    1.6050    1.5780    0.0110         3
    1.6100    1.5830    0.0111         3
    1.6150    1.5776    0.0110         3
    1.6200    1.5696    0.0110         3
    1.6250    1.5726    0.0110         3
    1.6300    1.5803    0.0110         3
    1.6350    1.5782    0.0111         3
    1.6400    1.5726    0.0112         3
    1.6450    1.5790    0.0113         3
    1.6500    1.5810    0.0114         3
    1.6550    1.5816    0.0114         3
    1.6600    1.5700    0.0113         3
    1.6650    1.5713    0.0115         3
    1.6700    1.5720    0.0115         3
    1.6750    1.5690    0.0116         3
    1.6800    1.5692    0.0117         3
    1.6850    1.5710    0.0118         3
    1.6900    1.5654    0.0117         3
    1.6950    1.5559    0.0116         3
    1.7000    1.5491    0.0116         3
    1.7050    1.5592    0.0118         3
    1.7100    1.5593    0.0118         3
    1.7150    1.5701    0.0122         3
    1.7200    1.5577    0.0122         3
    1.7250    1.5504    0.0122         3
    1.7300    1.5501    0.0124         3
    1.7350    1.5425    0.0125         3
    1.7400    1.5392    0.0126         3
    1.7450    1.5457    0.0127         3
    1.7500    1.5362    0.0126         3
    1.7550    1.5327    0.0127         3
    1.7600    1.5376    0.0128         3
    1.7650    1.5318    0.0128         3
    1.7700    1.5310    0.0131         3
    1.7750    1.5293    0.0132         3
    1.7800    1.5343    0.0135         3
    1.7850    1.5316    0.0137         3
    1.7900    1.5116    0.0140         3
    1.7950    1.5097    0.0147         3
    1.8000    1.5108    0.0157         3
    1.8050    1.5309    0.0171         3
    1.8100    1.5107    0.0188         3
    1.8150    1.5124    0.0208         3
    1.8200    1.5256    0.0230         3
    1.8250    1.5030    0.0264         3
    1.8300    1.4889    0.0324         3
    1.8350    1.5698    0.0428         1
    1.8400   -1.0000   -1.0000         1
    1.8450    1.4783    0.0560         2
    1.8500    1.4353    0.0467         1
    1.8550   -1.0000   -1.0000         1
    1.8600    1.4686    0.0479         2
    1.8650   -1.0000   -1.0000         0
    1.8700   -1.0000   -1.0000         1
    1.8750   -1.0000   -1.0000         0
    1.8800    1.5765    0.0502         1
    1.8850    1.4552    0.0401         2
    1.8900    1.5580    0.0383         1
    1.8950    1.4781    0.0371         3
    1.9000    1.5469    0.0461         1
    1.9050    1.5679    0.0528         1
    1.9100   -1.0000   -1.0000         0
    1.9150    1.5712    0.0527         1
    1.9200    1.4581    0.0336         2
    1.9250    1.4730    0.0326         2
    1.9300    1.4895    0.0294         3
    1.9350    1.5061    0.0279         3
    1.9400    1.4722    0.0253         2
    1.9450    1.4745    0.0243         3
    1.9500    1.4687    0.0240         3
    1.9550    1.5338    0.0256         1
    1.9600    1.4888    0.0240         3
    1.9650    1.4886    0.0228         3
    1.9700    1.4777    0.0206         3
    1.9750    1.4945    0.0189         3
    1.9800    1.4805    0.0177         3
    1.9850    1.4895    0.0171         3
    1.9900    1.4881    0.0168         3
    1.9950    1.5441    0.0192         2
    2.0000    1.4583    0.0203         2
    2.0050    1.4835    0.0222         2
    2.0100    1.4245    0.0214         1
    2.0150    1.4808    0.0268         3
    2.0200    1.4989    0.0243         3
    2.0250    1.4996    0.0213         3
    2.0300    1.4875    0.0190         3
    2.0350    1.4893    0.0178         3
    2.0400    1.5014    0.0176         3
    2.0450    1.4947    0.0177         3
    2.0500    1.4942    0.0187         3
    2.0550    1.5084    0.0197         3
    2.0600    1.5070    0.0206         3
    2.0650    1.4976    0.0206         3
    2.0700    1.5115    0.0216         3
    2.0750    1.5049    0.0197         3
    2.0800    1.5119    0.0192         3
    2.0850    1.5131    0.0186         3
    2.0900    1.5184    0.0185         3
    2.0950    1.5188    0.0184         3
    2.1000    1.5117    0.0184         3
    2.1050    1.5189    0.0185         3
    2.1100    1.5242    0.0187         3
    2.1150    1.5268    0.0189         3
    2.1200    1.5268    0.0189         3
    2.1250    1.5285    0.0196         3
    2.1300    1.5268    0.0189         3
    2.1350    1.5321    0.0189         3
    2.1400    1.5335    0.0191         3
    2.1450    1.5369    0.0193         3
    2.1500    1.5453    0.0195         3
    2.1550    1.5445    0.0196         3
    2.1600    1.5432    0.0199         3
    2.1650    1.5475    0.0204         3
    2.1700    1.5526    0.0205         3
    2.1750    1.5478    0.0204         3
    2.1800    1.5500    0.0204         3
    2.1850    1.5564    0.0206         3
    2.1900    1.5529    0.0206         3
    2.1950    1.5642    0.0208         3
    2.2000    1.5580    0.0209         3
    2.2050    1.5601    0.0212         3
    2.2100    1.5663    0.0213         3
    2.2150    1.5613    0.0211         3
    2.2200    1.5555    0.0211         3
    2.2250    1.5736    0.0213         3
    2.2300    1.5698    0.0214         3
    2.2350    1.5663    0.0216         3
    2.2400    1.5695    0.0218         3
    2.2450    1.5696    0.0220         3
    2.2500    1.5748    0.0223         3
    2.2550    1.5779    0.0225         3
    2.2600    1.5724    0.0226         3
    2.2650    1.5755    0.0230         3
    2.2700    1.5806    0.0231         3
    2.2750    1.5783    0.0233         3
    2.2800    1.5812    0.0234         3
    2.2850    1.5829    0.0236         3
    2.2900    1.5739    0.0237         3
    2.2950    1.5819    0.0240         3
    2.3000    1.5926    0.0244         3
    2.3050    1.5950    0.0242         3
    2.3100    1.5830    0.0240         3
    2.3150    1.5921    0.0246         3
    2.3200    1.6017    0.0252         3
    2.3250    1.5985    0.0252         3
    2.3300    1.6038    0.0251         3
    2.3350    1.6033    0.0254         3
    2.3400    1.5988    0.0258         3
    2.3450    1.6090    0.0264         3
    2.3500    1.6086    0.0270         3
    2.3550    1.6131    0.0271         3
    2.3600    1.6009    0.0267         3
    2.3650    1.6042    0.0271         3
    2.3700    1.6144    0.0279         3
    2.3750    1.6243    0.0287         3
    2.3800    1.6123    0.0284         3
    2.3850    1.6229    0.0290         3
    2.3900    1.5990    0.0280         2
    2.3950    1.6206    0.0286         3
    2.4000    1.6307    0.0287         3
    2.4050    1.6290    0.0291         3
    2.4100    1.6253    0.0300         3
    2.4150    1.6326    0.0311         3
    2.4200    1.6489    0.0316         3
    2.4250   -1.0000   -1.0000         2
    2.4300    1.6511    0.0309         3
    2.4350    1.6525    0.0316         3
    2.4400    1.6208    0.0312         2
    2.4450   -1.0000   -1.0000         1
    2.4500   -1.0000   -1.0000         1
    2.4550   -1.0000   -1.0000         1
    2.4600   -1.0000   -1.0000         1
    2.4650   -1.0000   -1.0000         0
    2.4700    1.5866    0.0274         1
    2.4750    1.6556    0.0356         2
    2.4800   -1.0000   -1.0000         0
    2.4850   -1.0000   -1.0000         0
    2.4900   -1.0000   -1.0000         1
