    0.7800    1.1232    0.0686         5
    0.7850    0.9882    0.0707         5
    0.7900    0.9911    0.0694         5
    0.7950    0.9887    0.0668         5
    0.8000    1.1060    0.0695         5
    0.8050    0.9804    0.0648         5
    0.8100    1.0667    0.0692         5
    0.8150    1.0618    0.0642         5
    0.8200    0.9641    0.0607         5
    0.8250    0.9888    0.0674         5
    0.8300    1.0265    0.0644         5
    0.8350    1.0090    0.0599         5
    0.8400    0.9398    0.0594         5
    0.8450    0.9754    0.0602         5
    0.8500    0.9349    0.0607         5
    0.8550    0.9071    0.0607         5
    0.8600    0.9997    0.0564         5
    0.8650    1.0032    0.0645         5
    0.8700    0.9902    0.0572         5
    0.8750    0.9341    0.0556         5
    0.8800    0.9983    0.0571         5
    0.8850    1.0540    0.0564         5
    0.8900    1.0075    0.0535         5
    0.8950    1.0215    0.0584         5
    0.9000    0.9883    0.0596         5
    0.9050    0.9181    0.0516         5
    0.9100    0.9318    0.0509         5
    0.9150    0.9520    0.0546         5
    0.9200    0.9462    0.0526         5
    0.9250    0.9257    0.0618         5
    0.9300    0.9252    0.0550         5
    0.9350    0.9457    0.0542         5
    0.9400    0.9660    0.0615         5
    0.9450    0.9115    0.0566         5
    0.9500    0.9395    0.0532         5
    0.9550    0.9258    0.0478         5
    0.9600    0.9297    0.0512         5
    0.9650    0.9548    0.0539         5
    0.9700    0.9519    0.0523         5
    0.9750    0.9757    0.0539         5
    0.9800    1.0483    0.0565         5
    0.9850    1.0605    0.0576         5
    0.9900    1.0564    0.0552         5
    0.9950    1.0074    0.0469         5
    1.0000    0.9635    0.0454         5
    1.0050    0.9562    0.0493         5
    1.0100    0.9603    0.0466         5
    1.0150    0.9686    0.0456         5
    1.0200    0.9939    0.0449         5
    1.0250    0.9657    0.0437         5
    1.0300    1.0095    0.0515         5
    1.0350    1.0756    0.0526         2
    1.0400    1.0403    0.0471         5
    1.0450    0.9833    0.0481         5
    1.0500    1.0227    0.0491         5
    1.0550    1.0175    0.0446         5
    1.0600    0.9353    0.0437         5
    1.0650    0.9865    0.0512         5
    1.0700    1.0649    0.0512         5
    1.0750    1.0235    0.0470         5
    1.0800    0.9873    0.0481         5
    1.0850    0.9777    0.0478         5
    1.0900    1.0242    0.0575         5
    1.0950    1.1265    0.0543         5
    1.1000    1.1003    0.0519         5
    1.1050    1.0266    0.0491         5
    1.1100    0.9625    0.0522         5
    1.1150    0.9622    0.0578         5
    1.1200    1.0324    0.0593         5
    1.1250    1.0700    0.0577         5
    1.1300    1.0094    0.0603         5
    1.1350    1.0408    0.0618         5
    1.1400    1.0755    0.0625         5
    1.1450    1.1344    0.0630         5
    1.1500    1.0981    0.0566         5
    1.1550    1.0531    0.0629         5
    1.1600    1.0922    0.0597         5
    1.1650    1.0123    0.0585         5
    1.1700    1.0095    0.0572         5
    1.1750    1.0799    0.0560         5
    1.1800    1.0991    0.0573         5
    1.1850    1.0890    0.0560         5
    1.1900    1.1074    0.0570         5
    1.1950    1.0898    0.0603         5
    1.2000    1.0328    0.0624         5
    1.2050    1.0460    0.0559         5
    1.2100    1.0465    0.0606         5
    1.2150    1.1052    0.0594         5
    1.2200    1.1709    0.0658         5
    1.2250    1.1381    0.0584         5
    1.2300    1.0160    0.0589         5
    1.2350    1.0326    0.0613         5
    1.2400    1.0901    0.0544         5
    1.2450    1.0865    0.0581         5
    1.2500    1.1043    0.0583         5
    1.2550    1.0879    0.0620         5
    1.2600    1.1215    0.0578         5
    1.2650    1.0657    0.0538         5
    1.2700    1.0227    0.0646         1
    1.2750   -1.0000   -1.0000         0
    1.2800   -1.0000   -1.0000         0
    1.2850    1.2052    0.0602         4
    1.2900    1.1673    0.0692         1
    1.2950    1.1891    0.0612         4
    1.3000    1.1858    0.0636         5
    1.3050    1.2107    0.0653         5
    1.3100    1.1638    0.0591         5
    1.3150    1.0854    0.0612         5
    1.3200    1.0696    0.0613         5
    1.3250    1.1090    0.0672         5
    1.3300    1.1785    0.0644         5
    1.3350    1.2030    0.0708         5
    1.3400    1.2740    0.0783         5
    1.3450    1.2241    0.0768         5
    1.3500    1.1615    0.1094         5
    1.3550    1.1199    0.1152         5
    1.3600    1.0887    0.1515         5
    1.3650    1.0068    0.1828         4
    1.3700    1.0421    0.2040         5
    1.3750    1.2806    0.2211         5
    1.3800    1.1939    0.1766         5
    1.3850    1.0459    0.1581         5
    1.3900    1.2467    0.1755         5
    1.3950    1.2228    0.1525         5
    1.4000    1.1908    0.1526         5
    1.4050    1.1883    0.1353         5
    1.4100    1.1838    0.1366         5
    1.4150    1.2932    0.1376         5
    1.4200    1.3115    0.1141         5
    1.4250    1.2874    0.1004         5
    1.4300    1.1287    0.0919         5
    1.4350    1.0105    0.0959         4
    1.4400    1.1039    0.0947         5
    1.4450    1.0923    0.0891         5
    1.4500    1.1877    0.0930         5
    1.4550    1.3418    0.0841         5
    1.4600    1.3788    0.0829         2
    1.4650    1.3831    0.0746         4
    1.4700    1.1035    0.0748         4
    1.4750    1.0777    0.0878         5
    1.4800    1.2268    0.0792         5
    1.4850    1.1414    0.0710         5
    1.4900    1.1803    0.0754         5
    1.4950    1.2852    0.0705         5
    1.5000    1.1455    0.0608         5
    1.5050    1.0330    0.0653         4
    1.5100    1.1132    0.0701         5
    1.5150    1.0638    0.0624         5
    1.5200    1.1112    0.0747         5
    1.5250    1.3247    0.0782         5
    1.5300    1.4260    0.0685         5
    1.5350    1.2211    0.0665         5
    1.5400    1.1219    0.0680         5
    1.5450    1.2160    0.0665         5
    1.5500    1.2069    0.0621         5
    1.5550    1.1365    0.0699         5
    1.5600    1.2829    0.0724         5
    1.5650    1.3732    0.0709         5
    1.5700    1.2967    0.0716         5
    1.5750    1.2793    0.0757         5
    1.5800    1.3163    0.0771         5
    1.5850    1.3357    0.0650         5
    1.5900    1.2622    0.0646         5
    1.5950    1.2557    0.0669         5
    1.6000    1.3666    0.0769         5
    1.6050    1.4609    0.0744         5
    1.6100    1.3799    0.0645         5
    1.6150    1.2168    0.0738         5
    1.6200    1.2339    0.0631         5
    1.6250    1.1987    0.0659         5
    1.6300    1.1162    0.0716         5
    1.6350    1.3504    0.0910         5
    1.6400   -1.0000    0.0771         5
    1.6450    1.5426    0.0735         5
    1.6500    1.4267    0.0763         5
    1.6550    1.4644    0.0786         5
    1.6600    1.5015    0.0855         5
    1.6650    1.5234    0.0731         5
    1.6700    1.3607    0.0650         5
    1.6750    1.2331    0.0728         5
    1.6800    1.3002    0.0714         5
    1.6850    1.2445    0.0719         5
    1.6900    1.2892    0.0888         5
    1.6950    1.4652    0.0788         5
    1.7000    1.3665    0.0686         5
    1.7050    1.2721    0.0818         5
    1.7100    1.3091    0.0681         5
    1.7150    1.2438    0.0725         5
    1.7200    1.2831    0.0752         5
    1.7250    1.3376    0.0803         5
    1.7300    1.2906    0.0704         5
    1.7350    1.2513    0.0789         5
    1.7400    1.2992    0.0772         5
    1.7450    1.4339    0.0965         5
    1.7500    1.5733    0.0878         5
    1.7550    1.6074    0.0809         5
    1.7600    1.3182    0.0769         5
    1.7650    1.2878    0.0815         5
    1.7700    1.3355    0.0915         5
    1.7750    1.5547    0.0783         5
    1.7800    1.4867    0.0796         5
    1.7850    1.2880    0.0809         5
    1.7900    1.3975    0.0778         5
    1.7950    1.3115    0.0804         5
    1.8000    1.2557    0.0867         5
    1.8050    1.0573    0.0912         5
    1.8100   -1.0000    0.1068         5
    1.8150    1.3030    0.0981         5
    1.8200    1.2557    0.1417         5
    1.8250    1.4082    0.1263         5
    1.8300    1.3856    0.1489         5
    1.8350    1.0284    0.1924         5
    1.8400    1.3096    0.1886         5
    1.8450   -1.0000    0.2221         5
    1.8500   -1.0000   -1.0000         0
    1.8550    1.0032    0.2895         5
    1.8600    1.4818    0.1905         5
    1.8650    1.1207    0.3245         5
    1.8700    1.0806    0.3239         5
    1.8750   -1.0000    0.2313         2
    1.8800   -1.0000    0.3265         5
    1.8850   -1.0000    0.2450         4
    1.8900    1.3297    0.2179         5
    1.8950   -1.0000   -1.0000         0
    1.9000    1.4701    0.2102         5
    1.9050    1.3279    0.1913         5
    1.9100    1.2538    0.2433         5
    1.9150   -1.0000    0.2431         4
    1.9200    1.2681    0.1645         5
    1.9250    1.1220    0.1500         5
    1.9300   -1.0000    0.1507         5
    1.9350    1.1918    0.1627         5
    1.9400    1.5101    0.1348         5
    1.9450    1.4869    0.1287         5
    1.9500    1.4951    0.1301         5
    1.9550    1.4648    0.1329         5
    1.9600    1.2564    0.1322         5
    1.9650    1.3024    0.1229         5
    1.9700    1.2904    0.1109         5
    1.9750    1.1926    0.1063         5
    1.9800    1.2472    0.0861         5
    1.9850    1.1637    0.0906         5
    1.9900    1.1976    0.0896         5
    1.9950    1.2272    0.1034         5
    2.0000    1.3709    0.1121         5
    2.0050   -1.0000    0.1220         3
    2.0100    1.4788    0.1506         5
    2.0150    1.0303    0.1826         5
    2.0200    1.1209    0.1465         5
    2.0250    1.1495    0.1309         5
    2.0300    1.1236    0.0942         5
    2.0350    1.1864    0.0950         5
    2.0400    1.2342    0.0858         5
    2.0450    1.2201    0.0976         5
    2.0500    1.2285    0.1089         5
    2.0550    1.4881    0.0998         5
    2.0600    1.2597    0.1159         5
    2.0650    1.2553    0.1064         5
    2.0700    1.3051    0.1086         5
    2.0750    1.1621    0.1334         5
    2.0800    1.3445    0.1132         5
    2.0850    1.5031    0.0976         5
    2.0900    1.3073    0.0902         5
    2.0950    1.2786    0.0874         5
    2.1000    1.1926    0.0829         5
    2.1050    1.0803    0.0853         5
    2.1100    1.2145    0.1031         5
    2.1150    1.4446    0.0915         5
    2.1200    1.2882    0.1027         5
    2.1250    1.2905    0.1037         5
    2.1300    1.4539    0.0803         5
    2.1350    1.1425    0.0777         5
    2.1400   -1.0000    0.0904         2
    2.1450    1.0082    0.1114         5
    2.1500    1.4269    0.0945         5
    2.1550    1.5404    0.0921         5
    2.1600    1.3561    0.0972         5
    2.1650    1.3472    0.0970         5
    2.1700    1.4068    0.0973         5
    2.1750    1.3288    0.1042         5
    2.1800    1.4362    0.0900         5
    2.1850    1.4029    0.0986         5
    2.1900    1.2302    0.1040         5
    2.1950    1.4329    0.0920         5
    2.2000    1.2732    0.0995         5
    2.2050    1.1414    0.0947         5
    2.2100    1.1776    0.1076         5
    2.2150    1.2757    0.1012         5
    2.2200    1.5181    0.0984         5
    2.2250    1.4162    0.0937         5
    2.2300    1.1798    0.1049         5
    2.2350    1.2728    0.0909         5
    2.2400    1.1967    0.0914         5
    2.2450   -1.0000   -1.0000         0
    2.2500    1.3244    0.0965         5
    2.2550    1.4097    0.1030         5
    2.2600    1.2529    0.1231         5
    2.2650    1.5681    0.0942         5
    2.2700    1.3816    0.0947         5
    2.2750   -1.0000   -1.0000         0
    2.2800    1.2161    0.1009         5
    2.2850   -1.0000    0.1225         5
    2.2900    1.2662    0.1333         5
    2.2950   -1.0000   -1.0000         0
    2.3000    1.5232    0.1053         5
    2.3050   -1.0000    0.1296         5
    2.3100    1.4783    0.1317         5
    2.3150    1.5440    0.1393         5
    2.3200    1.6371    0.1082         5
    2.3250    1.4376    0.1081         5
    2.3300   -1.0000   -1.0000         0
    2.3350    1.2914    0.1247         5
    2.3400    1.7232    0.1094         5
    2.3450    1.1996    0.1087         5
    2.3500   -1.0000   -1.0000         0
    2.3550    1.3077    0.1461         5
    2.3600   -1.0000    0.1448         5
    2.3650   -1.0000    0.1341         2
    2.3700    1.4193    0.1522         5
    2.3750    1.6330    0.1448         5
    2.3800   -1.0000    0.1120         4
    2.3850    1.2849    0.1415         5
    2.3900    1.3810    0.1574         5
    2.3950    1.6504    0.1181         5
    2.4000   -1.0000    0.1162         5
    2.4050   -1.0000   -1.0000         0
    2.4100    1.4288    0.1511         5
    2.4150    1.7061    0.1197         5
    2.4200    1.3011    0.1187         5
    2.4250   -1.0000    0.1191         5
    2.4300   -1.0000    0.1131         5
    2.4350   -1.0000    0.1303         5
    2.4400   -1.0000    0.1594         5
    2.4450    1.2636    0.2083         5
    2.4500   -1.0000   -1.0000         0
    2.4550    1.4971    0.1183         4
    2.4600   -1.0000   -1.0000         0
    2.4650    1.3773    0.1772         5
    2.4700   -1.0000   -1.0000         0
    2.4750   -1.0000   -1.0000         0
    2.4800   -1.0000   -1.0000         0
    2.4850   -1.0000   -1.0000         0
    2.4900   -1.0000   -1.0000         0
