    0.7800    0.8324    0.0142         3
    0.7850    0.8363    0.0141         3
    0.7900    0.8395    0.0140         3
    0.7950    0.8248    0.0149         3
    0.8000    0.8388    0.0134         3
    0.8050    0.8528    0.0135         3
    0.8100    0.8540    0.0135         3
    0.8150    0.8469    0.0131         3
    0.8200    0.8600    0.0130         3
    0.8250    0.8638    0.0132         3
    0.8300    0.8682    0.0139         3
    0.8350    0.8710    0.0140         3
    0.8400    0.8848    0.0130         3
    0.8450    0.8932    0.0139         3
    0.8500    0.8910    0.0130         3
    0.8550    0.8954    0.0137         3
    0.8600    0.9057    0.0131         3
    0.8650    0.9156    0.0129         3
    0.8700    0.9165    0.0136         3
    0.8750    0.9056    0.0129         3
    0.8800    0.9154    0.0128         3
    0.8850    0.9318    0.0122         3
    0.8900    0.9140    0.0135         3
    0.8950    0.9072    0.0123         3
    0.9000    0.9051    0.0123         3
    0.9050    0.9063    0.0120         3
    0.9100    0.9175    0.0117         3
    0.9150    0.9299    0.0112         3
    0.9200    0.9220    0.0115         3
    0.9250    0.9210    0.0125         3
    0.9300    0.9337    0.0127         3
    0.9350    0.9344    0.0136         3
    0.9400    0.9238    0.0134         3
    0.9450    0.9106    0.0130         3
    0.9500    0.9081    0.0135         3
    0.9550    0.9230    0.0119         3
    0.9600    0.9247    0.0122         3
    0.9650    0.9327    0.0114         3
    0.9700    0.9265    0.0115         3
    0.9750    0.9264    0.0117         3
    0.9800    0.9449    0.0116         3
    0.9850    0.9475    0.0116         3
    0.9900    0.9544    0.0142         3
    0.9950    0.9749    0.0119         3
    1.0000    0.9965    0.0122         3
    1.0050    0.9986    0.0115         3
    1.0100    0.9853    0.0112         3
    1.0150    0.9887    0.0118         3
    1.0200    1.0038    0.0129         3
    1.0250    0.9878    0.0111         3
    1.0300    0.9770    0.0125         3
    1.0350    1.0047    0.0115         3
    1.0400    1.0045    0.0117         3
    1.0450    0.9995    0.0123         3
    1.0500    1.0075    0.0120         3
    1.0550    0.9990    0.0128         3
    1.0600    0.9938    0.0109         3
    1.0650    1.0020    0.0121         3
    1.0700    1.0083    0.0116         3
    1.0750    0.9936    0.0124         3
    1.0800    0.9937    0.0116         3
    1.0850    1.0071    0.0120         3
    1.0900    0.9948    0.0142         3
    1.0950    0.9830    0.0127         3
    1.1000    0.9855    0.0129         3
    1.1050    0.9949    0.0123         3
    1.1100    0.9947    0.0125         3
    1.1150    0.9927    0.0129         3
    1.1200    0.9859    0.0145         3
    1.1250    0.9866    0.0145         3
    1.1300    0.9856    0.0143         3
    1.1350    1.0018    0.0136         3
    1.1400    0.9866    0.0139         3
    1.1450    0.9866    0.0141         3
    1.1500    1.0139    0.0149         3
    1.1550    1.0063    0.0143         3
    1.1600    1.0070    0.0139         3
    1.1650    1.0084    0.0144         3
    1.1700    1.0173    0.0143         3
    1.1750    1.0192    0.0142         3
    1.1800    1.0212    0.0133         3
    1.1850    1.0307    0.0139         3
    1.1900    1.0427    0.0137         3
    1.1950    1.0138    0.0141         2
    1.2000    1.0350    0.0144         3
    1.2050    1.0006    0.0156         2
    1.2100    1.0075    0.0154         3
    1.2150    1.0405    0.0148         3
    1.2200    1.0335    0.0149         3
    1.2250    1.0175    0.0144         3
    1.2300    1.0170    0.0142         3
    1.2350    1.0194    0.0133         3
    1.2400    1.0188    0.0140         3
    1.2450    1.0294    0.0146         3
    1.2500    1.0360    0.0140         3
    1.2550    1.0276    0.0145         3
    1.2600    1.0348    0.0154         3
    1.2650    1.0365    0.0152         3
    1.2700    1.0495    0.0167         3
    1.2750    1.0614    0.0162         3
    1.2800    1.0716    0.0153         2
    1.2850    1.0465    0.0152         2
    1.2900    1.0720    0.0168         3
    1.2950    1.0715    0.0162         3
    1.3000    1.0576    0.0156         3
    1.3050    1.0531    0.0151         3
    1.3100    1.0692    0.0165         3
    1.3150    1.0732    0.0158         3
    1.3200    1.0764    0.0162         3
    1.3250    1.0707    0.0155         3
    1.3300    1.0736    0.0151         3
    1.3350    1.0741    0.0159         3
    1.3400    1.0692    0.0169         3
    1.3450    1.0620    0.0193         3
    1.3500    0.9988    0.0235         2
    1.3550    1.0456    0.0305         3
    1.3600    1.0540    0.0407         3
    1.3650    1.0588    0.0411         3
    1.3700    1.0344    0.0352         2
    1.3750    1.0860    0.0373         3
    1.3800    1.0214    0.0312         2
    1.3850   -1.0000   -1.0000         0
    1.3900    1.1306    0.0357         2
    1.3950    1.0914    0.0337         2
    1.4000    1.0883    0.0310         2
    1.4050   -1.0000   -1.0000         0
    1.4100   -1.0000   -1.0000         0
    1.4150    1.1283    0.0256         1
    1.4200    1.0967    0.0261         3
    1.4250    1.0795    0.0242         3
    1.4300    1.0960    0.0227         3
    1.4350    1.0891    0.0216         3
    1.4400    1.0864    0.0213         3
    1.4450    1.0676    0.0197         3
    1.4500    1.0767    0.0203         3
    1.4550    1.0984    0.0178         3
    1.4600    1.1149    0.0189         3
    1.4650    1.0977    0.0189         3
    1.4700    1.1024    0.0201         3
    1.4750    1.0978    0.0189         3
    1.4800    1.0909    0.0203         2
    1.4850    1.1430    0.0200         3
    1.4900    1.1416    0.0203         3
    1.4950    1.1156    0.0188         3
    1.5000    1.0985    0.0172         3
    1.5050    1.0998    0.0178         3
    1.5100    1.1201    0.0180         3
    1.5150    1.1353    0.0188         3
    1.5200    1.1387    0.0169         3
    1.5250    1.1281    0.0173         3
    1.5300    1.0966    0.0164         3
    1.5350    1.1332    0.0188         3
    1.5400    1.1492    0.0175         3
    1.5450    1.0928    0.0172         3
    1.5500    1.1319    0.0175         3
    1.5550    1.1667    0.0190         3
    1.5600    1.1368    0.0190         3
    1.5650    1.1524    0.0167         3
    1.5700    1.1665    0.0187         3
    1.5750    1.1510    0.0190         3
    1.5800    1.1566    0.0183         3
    1.5850    1.1643    0.0177         3
    1.5900    1.1409    0.0180         3
    1.5950    1.1360    0.0183         3
    1.6000    1.1439    0.0185         3
    1.6050    1.1990    0.0185         3
    1.6100    1.2005    0.0197         3
    1.6150    1.1670    0.0168         3
    1.6200    1.1676    0.0205         3
    1.6250    1.1418    0.0176         3
    1.6300    1.1632    0.0190         3
    1.6350    1.1926    0.0172         3
    1.6400    1.1947    0.0188         3
    1.6450    1.1677    0.0176         3
    1.6500    1.1433    0.0174         3
    1.6550    1.1482    0.0193         3
    1.6600    1.1648    0.0187         3
    1.6650    1.1688    0.0173         3
    1.6700    1.1644    0.0191         3
    1.6750    1.1865    0.0187         3
    1.6800    1.1787    0.0188         3
    1.6850    1.1921    0.0184         3
    1.6900    1.2019    0.0194         3
    1.6950    1.1973    0.0182         3
    1.7000    1.1917    0.0185         3
    1.7050    1.1666    0.0178         3
    1.7100    1.1505    0.0188         3
    1.7150    1.1386    0.0176         3
    1.7200    1.1550    0.0189         3
    1.7250    1.1792    0.0211         3
    1.7300    1.1907    0.0199         3
    1.7350    1.1805    0.0196         3
    1.7400    1.1915    0.0194         3
    1.7450    1.1989    0.0184         3
    1.7500    1.1948    0.0208         3
    1.7550    1.1941    0.0195         3
    1.7600    1.1892    0.0205         3
    1.7650    1.1836    0.0193         3
    1.7700    1.1755    0.0196         3
    1.7750    1.2005    0.0193         3
    1.7800    1.2155    0.0206         3
    1.7850    1.1994    0.0209         3
    1.7900    1.2282    0.0210         3
    1.7950    1.2277    0.0248         3
    1.8000    1.2150    0.0261         3
    1.8050    1.2249    0.0256         3
    1.8100    1.1854    0.0304         3
    1.8150    1.2084    0.0280         3
    1.8200    1.2584    0.0329         3
    1.8250    1.2069    0.0368         3
    1.8300    1.1968    0.0423         3
    1.8350   -1.0000   -1.0000         0
    1.8400    1.2349    0.0595         3
    1.8450    1.2022    0.0526         2
    1.8500    1.3082    0.0669         2
    1.8550    1.1402    0.0503         2
    1.8600    1.1919    0.0538         3
    1.8650    1.1914    0.0593         3
    1.8700    1.1280    0.0556         2
    1.8750   -1.0000    0.0776         1
    1.8800   -1.0000   -1.0000         0
    1.8850    1.1903    0.0379         1
    1.8900    1.2498    0.0367         3
    1.8950    1.2745    0.0385         2
    1.9000    1.2477    0.0459         3
    1.9050    1.1585    0.0487         1
    1.9100   -1.0000    0.0586         1
    1.9150   -1.0000   -1.0000         0
    1.9200    1.2389    0.0397         3
    1.9250    1.2849    0.0401         2
    1.9300    1.2059    0.0331         3
    1.9350    1.2155    0.0300         3
    1.9400    1.2191    0.0304         2
    1.9450    1.1788    0.0293         3
    1.9500    1.2155    0.0292         3
    1.9550    1.2021    0.0306         3
    1.9600    1.1835    0.0373         3
    1.9650    1.2854    0.0319         3
    1.9700    1.3061    0.0259         1
    1.9750    1.3478    0.0286         2
    1.9800    1.2508    0.0237         3
    1.9850    1.2913    0.0243         3
    1.9900    1.2822    0.0236         3
    1.9950    1.2645    0.0251         2
    2.0000    1.2401    0.0318         2
    2.0050   -1.0000    0.0501         1
    2.0100    1.2195    0.0368         2
    2.0150    1.2809    0.0345         3
    2.0200    1.2561    0.0337         3
    2.0250    1.2794    0.0269         1
    2.0300    1.3161    0.0295         3
    2.0350    1.2951    0.0262         3
    2.0400    1.2992    0.0254         3
    2.0450    1.2696    0.0249         3
    2.0500    1.2681    0.0270         3
    2.0550    1.2987    0.0300         2
    2.0600   -1.0000   -1.0000         0
    2.0650    1.3409    0.0306         3
    2.0700    1.3008    0.0270         3
    2.0750    1.3320    0.0286         3
    2.0800    1.3014    0.0263         3
    2.0850    1.2314    0.0235         3
    2.0900    1.2522    0.0266         3
    2.0950    1.3150    0.0255         3
    2.1000    1.3112    0.0261         3
    2.1050    1.2880    0.0266         3
    2.1100    1.2979    0.0272         3
    2.1150    1.2982    0.0250         3
    2.1200    1.2595    0.0262         3
    2.1250    1.2776    0.0271         3
    2.1300    1.2780    0.0259         3
    2.1350    1.2380    0.0240         3
    2.1400    1.2740    0.0263         3
    2.1450    1.3153    0.0252         3
    2.1500    1.3424    0.0263         3
    2.1550    1.3345    0.0256         3
    2.1600    1.3266    0.0286         3
    2.1650    1.3341    0.0263         3
    2.1700    1.3141    0.0289         3
    2.1750    1.2937    0.0275         3
    2.1800    1.3412    0.0260         3
    2.1850    1.3372    0.0280         3
    2.1900    1.3505    0.0269         3
    2.1950    1.3245    0.0285         3
    2.2000    1.3234    0.0250         3
    2.2050    1.3351    0.0279         3
    2.2100    1.3301    0.0271         3
    2.2150    1.3539    0.0270         3
    2.2200    1.3693    0.0273         3
    2.2250    1.3785    0.0281         3
    2.2300    1.3746    0.0271         3
    2.2350    1.4165    0.0289         3
    2.2400    1.3824    0.0284         3
    2.2450    1.3812    0.0286         3
    2.2500    1.4132    0.0289         3
    2.2550    1.4689    0.0356         2
    2.2600    1.4677    0.0320         3
    2.2650    1.3989    0.0291         3
    2.2700    1.4104    0.0306         3
    2.2750    1.4512    0.0298         3
    2.2800    1.4846    0.0306         3
    2.2850    1.4736    0.0330         3
    2.2900    1.4600    0.0310         3
    2.2950    1.4974    0.0326         3
    2.3000    1.4997    0.0346         3
    2.3050    1.4648    0.0324         3
    2.3100    1.4843    0.0317         3
    2.3150    1.5244    0.0334         3
    2.3200    1.4804    0.0315         2
    2.3250    1.5223    0.0349         3
    2.3300    1.4568    0.0325         3
    2.3350   -1.0000   -1.0000         0
    2.3400    1.5042    0.0308         1
    2.3450    1.5230    0.0366         3
    2.3500    1.5219    0.0337         3
    2.3550    1.5406    0.0347         3
    2.3600    1.5192    0.0359         3
    2.3650    1.4392    0.0316         2
    2.3700    1.5807    0.0377         3
    2.3750    1.6224    0.0399         3
    2.3800    1.6717    0.0387         2
    2.3850    1.6496    0.0400         3
    2.3900    1.6242    0.0369         3
    2.3950    1.6649    0.0391         3
    2.4000    1.6173    0.0365         3
    2.4050   -1.0000   -1.0000         0
    2.4100    1.6185    0.0389         2
    2.4150   -1.0000   -1.0000         0
    2.4200    1.6050    0.0356         2
    2.4250    1.6709    0.0377         3
    2.4300    1.6318    0.0394         3
    2.4350    1.7383    0.0425         2
    2.4400    1.7097    0.0418         3
    2.4450    1.6244    0.0418         3
    2.4500    1.7662    0.0445         2
    2.4550    1.6774    0.0441         2
    2.4600    1.7151    0.0407         3
    2.4650    1.6935    0.0426         3
    2.4700    1.6804    0.0452         2
    2.4750    1.7158    0.0451         1
    2.4800    1.7091    0.0469         2
    2.4850    1.5535    0.0464         2
    2.4900   -1.0000   -1.0000         0
