0.7008761 0.76904350 0.00646197
0.7023467 0.76261170 0.00897353
0.7038523 0.76520120 0.00760492
0.7053926 0.76048612 0.00850897
0.7069673 0.76605063 0.00489111
0.7085763 0.76008950 0.00679505
0.7102191 0.76812190 0.00912476
0.7118956 0.76862812 0.00636057
0.7136056 0.76929050 0.00674920
0.7153487 0.76846450 0.00627939
0.7171246 0.77120411 0.00858977
0.7189332 0.78068820 0.01095524
0.7207742 -.99999999 -.99999999
0.7226472 -.99999999 -.99999999
0.7245522 0.77153870 0.00478132
0.7264887 0.77597522 0.00681400
0.7284566 0.77402280 0.01089682
0.7304556 0.77194732 0.00718796
0.7324854 0.77661250 0.00461384
0.7345458 0.77578014 0.00630552
0.7366366 0.77575990 0.00780964
0.7387574 0.77545170 0.00585789
0.7409081 0.78083240 0.00763229
0.7430884 0.78078353 0.00492157
0.7452981 0.77927820 0.00408283
0.7475368 0.78537321 0.00680399
0.7498044 0.78369921 0.00530391
0.7521006 0.78279730 0.00427375
0.7544252 0.78021174 0.00603679
0.7567779 0.78863950 0.00545599
0.7591585 0.78832370 0.00470770
0.7615667 0.78922033 0.00441539
0.7640023 0.78982722 0.00297920
0.7664651 0.78899490 0.00394296
0.7689548 0.79625100 0.00400330
0.7714712 0.79428170 0.00444078
0.7740141 0.79443450 0.00343832
0.7765831 0.79454761 0.00247176
0.7791781 0.78593194 0.01183498
0.7817988 0.79310270 0.00814100
0.7844450 0.79390114 0.00372953
0.7871165 0.79820781 0.00581635
0.7898131 0.78442380 0.01209560
0.7925345 0.79566160 0.00664822
0.7952804 0.80987410 0.01148461
0.7980506 0.80070800 0.00524787
0.8008450 0.80003941 0.00614891
0.8036633 0.80568933 0.00513003
0.8065052 0.79848320 0.00300103
0.8093706 0.79840373 0.00410748
0.8122591 0.80318921 0.00352486
0.8151706 0.80131140 0.00301303
0.8181050 0.79909650 0.00356618
0.8210618 0.80663930 0.00311429
0.8240409 0.80668770 0.00525849
0.8270422 0.80498272 0.00362430
0.8300653 0.80824580 0.00415270
0.8331100 0.80707000 0.00428385
0.8361762 0.80673730 0.00347887
0.8392635 0.81229382 0.00701134
0.8423719 0.80893093 0.00563447
0.8455010 0.80938110 0.00451423
0.8486507 0.81155961 0.00414335
0.8518208 0.80719720 0.00537234
0.8550109 0.80893410 0.00321884
0.8582210 0.81283271 0.00415576
0.8614508 0.80838674 0.00355147
0.8647000 0.81020340 0.00414610
0.8679686 0.81141024 0.00452737
0.8712562 0.81104123 0.00240961
0.8745627 0.81252480 0.00393757
0.8778878 0.81430381 0.00292385
0.8812314 0.81385201 0.00262958
0.8845931 0.81433802 0.00351873
0.8879730 0.81745140 0.00717014
0.8913706 0.81284570 0.00321085
0.8947859 0.81223140 0.00389481
0.8982186 0.81328332 0.00482426
0.9016684 0.82037210 0.00337224
0.9051353 0.81937450 0.00231482
0.9086190 0.81852692 0.00368403
0.9121193 0.81754761 0.00501429
0.9156361 0.81924260 0.00494395
0.9191689 0.81974881 0.00286781
0.9227179 0.82190180 0.00323411
0.9262826 0.81873881 0.00640461
0.9298630 0.82362730 0.00380079
0.9334588 0.82130271 0.00297018
0.9370698 0.81915940 0.00372224
0.9406958 0.82749810 0.00357129
0.9443367 0.83082431 0.00467102
0.9479923 0.83015334 0.00456431
0.9516622 0.83187720 0.00348493
0.9553465 0.83016294 0.00319725
0.9590448 0.83845901 0.00327154
0.9627570 0.83692753 0.00402703
0.9664829 0.83936490 0.00265276
0.9702223 0.82694450 0.00983152
0.9739750 0.84314924 0.00395667
0.9777409 0.84263700 0.00540111
0.9815197 0.84485620 0.00803422
0.9853113 0.84106770 0.00228199
0.9891155 0.85321360 0.00324899
0.9929321 0.85380661 0.00242589
0.9967608 0.85490020 0.00559768
1.0006020 0.85169280 0.00197811
1.0044543 0.86256990 0.00555648
1.0083190 0.86418563 0.00829418
1.0121950 0.86322224 0.00452814
1.0160820 0.86293792 0.00198727
1.0199801 0.86189430 0.00323217
1.0238900 0.86533970 0.00296972
1.0278100 0.86839902 0.00366726
1.0317404 0.86930600 0.00550713
1.0356820 0.87147122 0.00529839
1.0396330 0.86988900 0.00397813
1.0435950 0.87393081 0.00376002
1.0475661 0.87114244 0.00170731
1.0515474 0.87143430 0.00359490
1.0555382 0.87479890 0.00358231
1.0595390 0.87734310 0.00379947
1.0635482 0.88213120 0.00357317
1.0675670 0.88143652 0.00272091
1.0715943 0.87944540 0.00327208
1.0756310 0.88031214 0.00290072
1.0796760 0.88356910 0.00325919
1.0837290 0.88899090 0.00410597
1.0877910 0.88319580 0.00449863
1.0918602 0.88408893 0.00253902
1.0959380 0.88612514 0.00325599
1.1000240 0.89026690 0.00302132
1.1041170 0.89381450 0.00489841
1.1082171 0.89223814 0.00251943
1.1123250 0.89116722 0.00305648
1.1164401 0.89079201 0.00380385
1.1205620 0.89435780 0.00381640
1.1246910 0.89711350 0.00319958
1.1288264 0.89738370 0.00305896
1.1329690 0.89512300 0.00443873
1.1371170 0.90062000 0.00273690
1.1412720 0.89942220 0.00597966
1.1454324 0.90006393 0.00288584
1.1495993 0.90594770 0.00429192
1.1537720 0.90428410 0.00278117
1.1579500 0.90294310 0.00751568
1.1621333 0.91149914 0.00466787
1.1663223 0.90845000 0.00347482
1.1705163 0.90895110 0.00419965
1.1747160 0.90990883 0.00375869
1.1789200 0.91462670 0.00351177
1.1831284 0.91624250 0.00454129
1.1873420 0.91674572 0.00369725
1.1915600 0.91740120 0.00420892
1.1957820 0.91462421 0.00539562
1.2000082 0.91842460 0.00521522
1.2042390 0.91718970 0.00318997
1.2084730 0.91807550 0.00348889
1.2127110 0.91867920 0.00410458
1.2169530 0.92068850 0.00297079
1.2211980 0.92154330 0.00444414
1.2254470 0.92418253 0.00486090
1.2296984 0.92320330 0.00267224
1.2339533 0.92209911 0.00599247
1.2382111 0.93049340 0.00369760
1.2424720 0.93069670 0.00451274
1.2467352 0.93738144 0.00321632
1.2510012 0.93295380 0.00262731
1.2552700 0.93163931 0.00299574
1.2595400 0.92764461 0.00486660
1.2638130 0.92688381 0.00584978
1.2680880 0.93937780 0.01562323
1.2723650 0.93708503 0.00427508
1.2766432 0.93017610 0.00275638
1.2809240 0.93670380 0.00652324
1.2852054 0.93965584 0.00483144
1.2894890 0.93409174 0.00471488
1.2937731 0.93780124 0.00427122
1.2980590 0.93681050 0.00216265
1.3023460 0.93697260 0.00276281
1.3066333 0.94089470 0.00302471
1.3109220 0.93946033 0.00456183
1.3152111 0.94708234 0.00337980
1.3195010 0.94099830 0.00312325
1.3237912 0.93931500 0.00570312
1.3280820 0.94481050 0.00537155
1.3323730 0.94594870 0.00347667
1.3366640 0.94889130 0.00342726
1.3409550 0.94989883 0.00564005
1.3452460 0.95061460 0.00360265
1.3495362 0.94506132 0.00697441
1.3538270 0.94821060 0.00441705
1.3581170 0.93208990 0.00671578
1.3624060 0.92428761 0.01056366
1.3666950 0.94883880 0.00520764
1.3709830 0.95410820 0.00988522
1.3752700 0.95317970 0.00629914
1.3795554 0.94451671 0.00704921
1.3838410 0.95105330 0.00523604
1.3881244 0.95320981 0.00627057
1.3924070 0.95463230 0.00587636
1.3966880 0.94990283 0.00684459
1.4009680 0.94757062 0.00297432
1.4052460 0.95566340 0.00463025
1.4095220 0.94991720 0.00491593
1.4137964 0.95675410 0.00498967
1.4180691 0.96139180 0.00551629
1.4223400 0.96540300 0.00539137
1.4266083 0.96232770 0.00274443
1.4308750 0.96407610 0.00406904
1.4351390 0.96630720 0.00293609
1.4394004 0.96815480 0.00322399
1.4436600 0.96521800 0.00419527
1.4479162 0.96821892 0.00414322
1.4521702 0.96802914 0.00434942
1.4564220 0.97384971 0.00711196
1.4606700 0.97144621 0.00259923
1.4649153 0.97249031 0.00482151
1.4691580 0.97751270 0.00743574
1.4733973 0.97224480 0.00639156
1.4776334 0.96835370 0.00597881
1.4818663 0.97203070 0.00356182
1.4860960 0.97101444 0.00256694
1.4903220 0.97384792 0.00259700
1.4945450 0.97376140 0.00248801
1.4987634 0.97431620 0.00496514
1.5029790 0.97375041 0.00297368
1.5071902 0.97554141 0.00381511
1.5113980 0.97333960 0.00715349
1.5156013 0.97391861 0.00396027
1.5198011 0.97607463 0.00424061
1.5239970 0.97810572 0.00204579
1.5281880 0.97483220 0.00415412
1.5323750 0.98088753 0.00378614
1.5365580 0.98147870 0.00357572
1.5407363 0.98446190 0.00651245
1.5449101 0.98661094 0.00303734
1.5490800 0.98704480 0.00291133
1.5532443 0.98632040 0.00291354
1.5574043 0.98719662 0.00239942
1.5615600 0.99057280 0.00435181
1.5657100 0.98380870 0.00309278
1.5698560 0.98876070 0.00250816
1.5739963 0.98417472 0.00196652
1.5781320 0.98190300 0.00267553
1.5822620 0.98749321 0.00270293
1.5863873 0.99056291 0.00113338
1.5905080 0.99096700 0.00280566
1.5946222 0.98927230 0.00788313
1.5987320 0.98796220 0.00316567
1.6028354 0.99385880 0.00077471
1.6069340 0.99453200 0.00295116
1.6110270 0.99433230 0.00383697
1.6151140 0.99184542 0.00327621
1.6191960 0.98859351 0.00344695
1.6232720 0.98238710 0.00339180
1.6273420 0.99662540 0.00342458
1.6314060 1.00059200 0.00184347
1.6354643 1.00185100 0.00255094
1.6395170 0.99488820 0.00217475
1.6435631 1.00217710 0.00103743
1.6476033 1.00208200 0.00315323
1.6516380 1.00284900 0.00249438
1.6556660 1.00371240 0.00330601
1.6596880 1.00712120 0.00256815
1.6637030 1.00012020 0.00215343
1.6677124 1.00354610 0.00176028
1.6717154 1.00669700 0.00120876
1.6757120 1.00010530 0.00305715
1.6797020 1.00108800 0.00409296
1.6836854 0.99569190 0.00293704
1.6876624 1.00523000 0.00772292
1.6916330 1.00729100 0.00357048
1.6955964 1.00486100 0.00199775
1.6995534 1.00134810 0.00234075
1.7035040 1.00247430 0.00297129
1.7074474 1.00813100 0.00218049
1.7113840 1.00225700 0.00101982
1.7153140 1.00695800 0.00336324
1.7192370 1.00879400 0.00259088
1.7231532 1.01244100 0.00568297
1.7270630 1.01179200 0.00129624
1.7309650 1.01093200 0.00239407
1.7348594 1.01400010 0.00215443
1.7387480 1.01301340 0.00266659
1.7426290 1.01440830 0.00252804
1.7465023 1.01199510 0.00183899
1.7503691 1.01624710 0.00348321
1.7542290 1.01580410 0.00448252
1.7580810 1.01439400 0.00237434
1.7619260 1.01342710 0.00181789
1.7657632 1.01707430 0.00082284
1.7695940 1.01437640 0.00430508
1.7734170 1.01332910 0.00670862
1.7772330 1.01652340 0.00092760
1.7810410 1.01765900 0.00494865
1.7848420 1.02129610 0.00297010
1.7886352 1.01132400 0.00815436
1.7924210 1.01824000 0.00389810
1.7961993 1.02592520 0.00804923
1.7999703 1.02154300 0.00792074
1.8037340 1.01477340 0.00198858
1.8074900 1.02471740 0.00269968
1.8112381 1.02670910 0.00639394
1.8149790 1.02359920 0.00312226
1.8187121 1.02862500 0.00346909
1.8224372 1.02723720 0.00455357
1.8261550 1.02773100 0.00313221
1.8298654 1.02387800 0.00497664
1.8335680 1.02763100 0.00756506
1.8372630 1.02783700 0.00522351
1.8409501 1.02208500 0.00581979
1.8446300 1.02789100 0.00795140
1.8483012 1.03453600 0.00713437
1.8519651 1.03300700 0.01204750
1.8556213 1.04778500 0.01783047
1.8592702 1.02198800 0.00525359
1.8629110 1.02820900 0.00537554
1.8665440 1.02662620 0.00835803
1.8701692 1.04701240 0.00830043
1.8737870 1.02305600 0.00671728
1.8773970 1.01798800 0.01202790
1.8809984 1.01348900 0.00557877
1.8845930 1.04190810 0.00841495
1.8881791 1.03398100 0.00686638
1.8917580 1.04217000 0.00618352
1.8953290 1.03217600 0.00577260
1.8988920 1.04012100 0.00436947
1.9024470 1.02656300 0.00447749
1.9059950 1.03555030 0.00680525
1.9095342 1.04555520 0.00869948
1.9130660 1.04672500 0.00614119
1.9165904 1.03849020 0.00759538
1.9201070 1.03411840 0.00692758
1.9236160 1.02976500 0.00383035
1.9271170 1.04274500 0.00323997
1.9306100 1.03988140 0.00490694
1.9340960 1.03693300 0.00633451
1.9375730 1.03920630 0.00535212
1.9410430 1.03894040 0.00458106
1.9445060 1.04205100 0.00699133
1.9479601 1.04987220 0.00576060
1.9514073 1.04625600 0.00406665
1.9548470 1.05006400 0.00345316
1.9582784 1.04252500 0.00623579
1.9617030 1.03578300 0.00472335
1.9651190 1.03829610 0.00303528
1.9685280 1.04779300 0.00324975
1.9719291 1.04346440 0.00363709
1.9753230 1.04187000 0.00604216
1.9787092 1.05015100 0.00406123
1.9820880 1.05263800 0.00493327
1.9854590 1.04907200 0.00514903
1.9888230 1.04802510 0.00431232
1.9921791 1.04820620 0.00410507
1.9955280 1.05281130 0.00427632
1.9988694 1.04900520 0.00243180
2.0022034 1.05043300 0.00218057
2.0055301 1.04217920 0.00226904
2.0088500 1.04463300 0.00457254
2.0121620 1.04043600 0.00856424
2.0154670 1.03995600 0.00675303
2.0187640 1.04648000 0.00675226
2.0220541 1.04866610 0.00774951
2.0253380 1.05536340 0.00474541
2.0286140 1.04652900 0.00338200
2.0318830 1.04751400 0.00573128
2.0351450 1.05751440 0.00511726
2.0383992 1.05634400 0.00251668
2.0416471 1.05403220 0.00422643
2.0448880 1.05467030 0.00318184
2.0481220 1.05610400 0.00179708
2.0513490 1.05134000 0.00214444
2.0545690 1.05176710 0.00340585
2.0577824 1.05354020 0.00741749
2.0609890 1.05741500 0.00623787
2.0641884 1.05987030 0.00379280
2.0673820 1.05912230 0.00408815
2.0705680 1.05491930 0.00347773
2.0737480 1.05940600 0.00834248
2.0769212 1.06021630 0.00731963
2.0800880 1.05888730 0.00620302
2.0832481 1.05989940 0.00664807
2.0864020 1.06197000 0.00724263
2.0895500 1.06402240 0.00695047
2.0926902 1.06530510 0.00657423
2.0958251 1.06386000 0.00663370
2.0989534 1.06979930 0.00693120
2.1020760 1.07117100 0.00419963
2.1051930 1.06737800 0.00403278
2.1083023 1.06510400 0.00342869
2.1114063 1.06690630 0.00648550
2.1145052 1.07522610 0.00504520
2.1175973 1.06846300 0.00443111
2.1206834 1.06972100 0.00401103
2.1237642 1.07067840 0.00570308
2.1268384 1.06950600 0.00677649
2.1299080 1.07200800 0.00458635
2.1329712 1.07124900 0.00697438
2.1360292 1.07396400 0.00558470
2.1390821 1.07403300 0.00563690
2.1421282 1.07432100 0.00563265
2.1451702 1.07375020 0.00623710
2.1482062 1.07483610 0.00602961
2.1512370 1.08057330 0.00504218
2.1542634 1.07239000 0.00384705
2.1572840 1.07237110 0.00392036
2.1602990 1.08171240 0.00341011
2.1633102 1.07585100 0.00559874
2.1663160 1.07732040 0.00670283
2.1693160 1.08122900 0.00602446
2.1723124 1.07961340 0.00587233
2.1753030 1.07598700 0.00548284
2.1782900 1.07665430 0.00569239
2.1812720 1.08060000 0.00426967
2.1842494 1.07574400 0.00350472
2.1872230 1.07176900 0.00604093
2.1901910 1.07680210 0.00575683
2.1931560 1.08000340 0.00372952
2.1961160 1.07785600 0.00476065
2.1990720 1.07954400 0.00436723
2.2020244 1.07908430 0.00472963
2.2049720 1.07555300 0.00590243
2.2079160 1.08266630 0.00360001
2.2108571 1.08134400 0.00561636
2.2137932 1.07883730 0.00622592
2.2167263 1.07743640 0.00356294
2.2196560 1.08810200 0.00530507
2.2225811 1.08164310 0.00535138
2.2255040 1.08761030 0.00532423
2.2284233 1.09164710 0.00558871
2.2313392 1.07951210 0.00838227
2.2342530 1.08776400 0.00619846
2.2371620 1.08597820 0.00653730
2.2400690 1.09122100 0.00663508
2.2429723 1.09108820 0.00548000
2.2458732 1.08424100 0.00453367
2.2487730 1.08599000 0.00661297
2.2516680 1.09073900 0.00937304
2.2545611 1.08894740 0.00684119
2.2574530 1.09077300 0.00575486
2.2603411 1.08620300 0.00771404
2.2632274 1.08958800 0.00461584
2.2661120 1.09083440 0.00584083
2.2689933 1.09183500 0.00635468
2.2718741 1.09201100 0.00722959
2.2747530 1.08841840 0.00604619
2.2776293 1.09227140 0.00488902
2.2805050 1.09017400 0.00674437
2.2833780 1.09492200 0.00671300
2.2862501 1.09372400 0.00702424
2.2891204 1.09424300 0.00505875
2.2919900 1.08480440 0.00860402
2.2948591 1.09383700 0.00616994
2.2977260 1.08948940 0.00653584
2.3005921 1.09343300 0.00642660
2.3034584 1.09215200 0.00677426
2.3063232 1.09797500 0.00913684
2.3091880 1.10345800 0.00994630
2.3120520 1.07722600 0.00521262
2.3149142 1.08957800 0.00493330
2.3177780 1.08822600 0.00971287
2.3206410 1.08838620 0.00703703
2.3235042 1.08617400 0.00805432
2.3263680 1.09777420 0.00555265
2.3292303 1.09443740 0.00595940
2.3320941 1.09574710 0.00540806
2.3349580 1.09852800 0.00794072
2.3378220 1.09557710 0.00445108
2.3406882 1.08556100 0.00574981
2.3435540 1.09987310 0.00472784
2.3464200 1.09445500 0.00353695
2.3492890 1.08531900 0.00655258
2.3521580 1.09351710 0.00779147
2.3550280 1.09698900 0.00396734
2.3579000 1.10295600 0.00825044
2.3607720 1.09136800 0.00988921
2.3636470 1.09607300 0.00821945
2.3665240 1.09721600 0.00864218
2.3694021 1.09472300 0.01252747
2.3722830 1.11896440 0.01414681
2.3751640 1.11640700 0.05133260
2.3780500 1.06681220 0.09202589
2.3809361 1.09194000 0.07838234
2.3838260 1.10245930 0.06100645
2.3867182 1.06266020 0.04220244
2.3896130 1.06995400 0.01605222
2.3925110 1.09500140 0.00833507
2.3954130 1.09667900 0.01198592
2.3983163 1.10178120 0.00533932
2.4012234 1.10699000 0.00514521
2.4041342 1.09831600 0.00909758
2.4070480 1.08242400 0.00880810
2.4099664 1.07597100 0.00883677
2.4128890 1.08308920 0.01315339
2.4158150 1.08586810 0.01179481
2.4187452 1.09453500 0.01022788
2.4216790 1.09363400 0.01032767
2.4246180 1.10202520 0.01203914
2.4275610 1.10646500 0.01040024
2.4305083 1.09684100 0.01185022
2.4334620 1.08521830 0.01135614
2.4364194 1.08178400 0.01308962
2.4393823 1.09930430 0.01446897
2.4423511 1.09325800 0.01468898
2.4453250 1.08774820 0.01803437
2.4483034 1.08070100 0.01366581
2.4512890 1.09921530 0.01273117
2.4542790 1.09858500 0.00374223
2.4572761 1.08982520 0.01214450
2.4663043 1.07994000 0.05350870
2.4753920 1.08071010 0.02858705
2.4784343 1.08338010 0.02421710
2.4814850 1.10210700 0.03398583
