0.7523480 0.86246620 -.99999999
0.7548060 0.87309605 -.99999999
0.7572800 0.85809823 -.99999999
0.7597710 0.85196545 -.99999999
0.7622790 0.85913199 -.99999999
0.7648040 0.86179709 -.99999999
0.7673460 0.86936491 -.99999999
0.7699060 0.87542528 -.99999999
0.7724840 0.86769956 -.99999999
0.7750790 0.87148652 -.99999999
0.7776930 0.86181541 -.99999999
0.7803240 0.85972695 -.99999999
0.7829750 0.85528657 -.99999999
0.7856440 0.86047283 -.99999999
0.7883310 0.86291459 -.99999999
0.7910380 0.86120911 -.99999999
0.7937630 0.86304371 -.99999999
0.7965070 0.86551339 -.99999999
0.7992710 0.86283608 -.99999999
0.8020540 0.85361424 -.99999999
0.8048560 0.84759923 -.99999999
0.8076780 0.85440024 -.99999999
0.8105190 0.84269650 -.99999999
0.8133790 0.84803542 -.99999999
0.8162600 0.85396842 -.99999999
0.8191590 0.84692663 -.99999999
0.8220790 0.84486958 -.99999999
0.8250180 0.85351566 -.99999999
0.8279770 0.84251592 -.99999999
0.8309560 0.84764896 -.99999999
0.8339540 0.84399459 -.99999999
0.8369720 0.83429643 -.99999999
0.8400100 0.83152927 -.99999999
0.8430670 0.84601762 -.99999999
0.8461440 0.83032539 -.99999999
0.8492410 0.82650615 -.99999999
0.8523570 0.82208235 -.99999999
0.8554930 0.82126319 -.99999999
0.8586480 0.82067173 -.99999999
0.8618230 0.81825002 -.99999999
0.8650170 0.81420571 -.99999999
0.8682310 0.81826572 -.99999999
0.8714640 0.80836954 -.99999999
0.8747160 0.81191311 -.99999999
0.8779870 0.80834598 -.99999999
0.8812770 0.81175608 -.99999999
0.8845860 0.80301317 -.99999999
0.8879130 0.79692838 -.99999999
0.8912600 0.80517840 -.99999999
0.8946250 0.79944517 -.99999999
0.8980080 0.79110006 -.99999999
0.9014100 0.80373899 -.99999999
0.9048300 0.79416732 -.99999999
0.9082690 0.78734799 -.99999999
0.9117250 0.79708715 -.99999999
0.9151990 0.78765506 -.99999999
0.9186910 0.79426590 -.99999999
0.9222010 0.79506325 -.99999999
0.9257280 0.78733141 -.99999999
0.9292720 0.78834162 -.99999999
0.9328340 0.78980197 -.99999999
0.9364120 0.78598622 -.99999999
0.9400070 0.78614761 -.99999999
0.9436190 0.78341970 -.99999999
0.9472480 0.77861729 -.99999999
0.9508930 0.78185292 -.99999999
0.9545540 0.78753729 -.99999999
0.9582310 0.79343191 -.99999999
0.9619240 0.79036552 -.99999999
0.9656330 0.79275059 -.99999999
0.9693570 0.79493065 -.99999999
0.9730960 0.80077467 -.99999999
0.9768510 0.79693100 -.99999999
0.9806210 0.80001658 -.99999999
0.9844050 0.80082614 -.99999999
0.9882040 0.80013609 -.99999999
0.9920170 0.79469685 -.99999999
0.9958450 0.80249324 -.99999999
0.9996860 0.80182587 -.99999999
1.0035400 0.80302190 -.99999999
1.0074100 0.79908314 -.99999999
1.0112900 0.80079386 -.99999999
1.0151900 0.80493414 -.99999999
1.0191000 0.80795167 -.99999999
1.0230200 0.81088284 -.99999999
1.0269500 0.80029748 -.99999999
1.0309000 0.79705836 -.99999999
1.0348600 0.80346070 -.99999999
1.0388300 0.80969816 -.99999999
1.0428100 0.81253337 -.99999999
1.0468100 0.81235366 -.99999999
1.0508100 0.81238332 -.99999999
1.0548300 0.81504842 -.99999999
1.0588500 0.81421530 -.99999999
1.0628900 0.81732095 -.99999999
1.0669400 0.82382797 -.99999999
1.0710000 0.82161999 -.99999999
1.0750700 0.82126494 -.99999999
1.0791500 0.83165314 -.99999999
1.0832400 0.83395010 -.99999999
1.0873400 0.84101806 -.99999999
1.0914400 0.83289540 -.99999999
1.0955600 0.84673907 -.99999999
1.0996900 0.84703655 -.99999999
1.1038200 0.85283521 -.99999999
1.1079600 0.85216261 -.99999999
1.1121100 0.85113234 -.99999999
1.1162700 0.85637704 -.99999999
1.1204400 0.85064817 -.99999999
1.1246200 0.86279944 -.99999999
1.1288000 0.86304894 -.99999999
1.1329900 0.87049900 -.99999999
1.1371800 0.86922795 -.99999999
1.1413800 0.87622786 -.99999999
1.1455900 0.87694321 -.99999999
1.1498100 0.88744657 -.99999999
1.1540300 0.89108436 -.99999999
1.1582600 0.90662130 -.99999999
1.1624900 0.89350955 -.99999999
1.1667300 0.89114542 -.99999999
1.1709800 0.90422228 -.99999999
1.1752300 0.91029399 -.99999999
1.1794800 0.90813051 -.99999999
1.1837400 0.91365262 -.99999999
1.1880000 0.91487394 -.99999999
1.1922700 0.91482160 -.99999999
1.1965400 0.91463840 -.99999999
1.2008200 0.91680188 -.99999999
1.2051000 0.92212335 -.99999999
1.2093900 0.92693012 -.99999999
1.2136700 0.93231266 -.99999999
1.2179600 0.92565646 -.99999999
1.2222600 0.92639798 -.99999999
1.2265500 0.92721801 -.99999999
1.2308500 0.92513304 -.99999999
1.2351500 0.93079473 -.99999999
1.2394600 0.93773881 -.99999999
1.2437600 0.92776760 -.99999999
1.2480700 0.93243479 -.99999999
1.2523800 0.93195499 -.99999999
1.2566900 0.93681410 -.99999999
1.2610000 0.94287708 -.99999999
1.2653200 0.94233621 -.99999999
1.2696300 0.93271395 -.99999999
1.2739500 0.93064643 -.99999999
1.2782700 0.94105383 -.99999999
1.2825800 0.95384280 -.99999999
1.2869000 0.95796039 -.99999999
1.2912200 0.95036203 -.99999999
1.2955400 0.95048417 -.99999999
1.2998600 0.96031580 -.99999999
1.3041700 0.96187734 -.99999999
1.3084900 0.96734712 -.99999999
1.3128100 0.96115328 -.99999999
1.3171200 0.97572189 -.99999999
1.3214400 0.96941464 -.99999999
1.3257500 0.97123790 -.99999999
1.3300700 0.97642851 -.99999999
1.3343800 0.97474483 -.99999999
1.3386900 0.98397453 -.99999999
1.3430000 0.98367792 -.99999999
1.3473100 0.98361685 -.99999999
1.3516100 0.98832766 -.99999999
1.3559200 0.97399459 -.99999999
1.3602200 0.97280817 -.99999999
1.3645200 0.96078688 -.99999999
1.3688200 0.96396231 -.99999999
1.3731100 0.96691093 -.99999999
1.3774000 0.98380878 -.99999999
1.3816900 0.97789409 -.99999999
1.3859800 0.99412894 -.99999999
1.3902600 0.99373637 -.99999999
1.3945400 1.00382971 -.99999999
1.3988200 0.98885981 -.99999999
1.4031000 0.99999128 -.99999999
1.4073700 1.00263456 -.99999999
1.4116400 1.01947134 -.99999999
1.4159000 1.02344936 -.99999999
1.4201600 1.02714822 -.99999999
1.4244200 1.02495856 -.99999999
1.4286700 1.02673820 -.99999999
1.4329200 1.01794469 -.99999999
1.4371600 1.02360639 -.99999999
1.4414000 1.03329844 -.99999999
1.4456400 1.04628806 -.99999999
1.4498700 1.04438629 -.99999999
1.4541000 1.04908837 -.99999999
1.4583200 1.04658466 -.99999999
1.4625400 1.05478496 -.99999999
1.4667500 1.04724767 -.99999999
1.4709600 1.05012649 -.99999999
1.4751600 1.06348251 -.99999999
1.4793600 1.06328186 -.99999999
1.4835600 1.06183373 -.99999999
1.4877500 1.07718747 -.99999999
1.4919300 1.07452674 -.99999999
1.4961100 1.07138620 -.99999999
1.5002800 1.06004536 -.99999999
1.5044500 1.07285178 -.99999999
1.5086100 1.08963622 -.99999999
1.5127700 1.07167408 -.99999999
1.5169200 1.07293030 -.99999999
1.5210700 1.07739684 -.99999999
1.5252100 1.07736195 -.99999999
1.5293400 1.07991800 -.99999999
1.5334700 1.08803978 -.99999999
1.5375900 1.07884498 -.99999999
1.5417100 1.07510250 -.99999999
1.5458200 1.08360813 -.99999999
1.5499300 1.08503010 -.99999999
1.5540300 1.08314577 -.99999999
1.5581200 1.09467853 -.99999999
1.5622100 1.08320684 -.99999999
1.5662900 1.08615546 -.99999999
1.5703600 1.08965367 -.99999999
1.5744300 1.09263718 -.99999999
1.5784900 1.08795254 -.99999999
1.5825500 1.09957254 -.99999999
1.5866000 1.09318677 -.99999999
1.5906400 1.10008724 -.99999999
1.5946800 1.09955509 -.99999999
1.5987100 1.08359068 -.99999999
1.6027400 1.08959260 -.99999999
1.6067500 1.08634738 -.99999999
1.6107700 1.08250894 -.99999999
1.6147700 1.08690570 -.99999999
1.6187700 1.08804850 -.99999999
1.6227600 1.08466370 -.99999999
1.6267500 1.07729216 -.99999999
1.6307300 1.08701910 -.99999999
1.6347000 1.09207886 -.99999999
1.6386700 1.07806857 -.99999999
1.6426300 1.08728954 -.99999999
1.6465800 1.07063596 -.99999999
1.6505300 1.08380878 -.99999999
1.6544700 1.07947309 -.99999999
1.6584000 1.08417517 -.99999999
1.6623300 1.07344500 -.99999999
1.6662500 1.06930995 -.99999999
1.6701700 1.05996685 -.99999999
1.6740700 1.07620169 -.99999999
1.6779700 1.07630638 -.99999999
1.6818700 1.06615197 -.99999999
1.6857600 1.05550903 -.99999999
1.6896400 1.06739074 -.99999999
1.6935100 1.07283434 -.99999999
1.6973800 1.07323563 -.99999999
1.7012400 1.06977231 -.99999999
1.7051000 1.06897845 -.99999999
1.7089500 1.07320073 -.99999999
1.7127900 1.06962401 -.99999999
1.7166200 1.05569223 -.99999999
1.7204500 1.06915293 -.99999999
1.7242800 1.06697200 -.99999999
1.7280900 1.07565210 -.99999999
1.7319000 1.05284829 -.99999999
1.7357100 1.05501178 -.99999999
1.7395000 1.05124313 -.99999999
1.7432900 1.06457297 -.99999999
1.7470800 1.06232225 -.99999999
1.7508500 1.07026956 -.99999999
1.7546300 1.04796301 -.99999999
1.7583900 1.05652970 -.99999999
1.7621500 1.05085056 -.99999999
1.7659000 1.05769868 -.99999999
1.7696500 1.07050510 -.99999999
1.7733900 1.06481724 -.99999999
1.7771200 1.04295560 -.99999999
1.7808500 1.04580825 -.99999999
1.7845700 1.05848382 -.99999999
1.7882900 1.05925150 -.99999999
1.7920000 1.04872198 -.99999999
1.7957000 1.05699206 -.99999999
1.7994000 1.05476751 -.99999999
1.8030900 1.04748321 -.99999999
1.8067700 1.03544447 -.99999999
1.8104500 1.04435139 -.99999999
1.8141200 1.02838698 -.99999999
1.8177900 1.03187647 -.99999999
1.8214500 1.03255692 -.99999999
1.8251100 1.01262322 -.99999999
1.8287600 1.01211725 -.99999999
1.8324000 1.02629329 -.99999999
1.8360400 0.99650179 -.99999999
1.8396700 1.01657507 -.99999999
1.8433000 0.99766204 -.99999999
1.8469200 0.98585885 -.99999999
1.8505300 1.00003489 -.99999999
1.8541400 1.01490011 -.99999999
1.8577400 1.01210852 -.99999999
1.8613400 0.99814185 -.99999999
1.8649300 0.99795865 -.99999999
1.8685200 1.01185554 -.99999999
1.8721000 1.01316409 -.99999999
1.8756800 0.99546367 -.99999999
1.8792500 0.99335253 -.99999999
1.8828100 1.01411498 -.99999999
1.8863700 1.01461223 -.99999999
1.8899300 1.01237023 -.99999999
1.8934700 1.01949751 -.99999999
1.8970200 1.01449882 -.99999999
1.9005500 1.00635087 -.99999999
1.9040900 1.00323650 -.99999999
1.9076100 1.00140452 -.99999999
1.9111400 0.99102329 -.99999999
1.9146500 1.00955247 -.99999999
1.9181700 0.99745267 -.99999999
1.9216700 0.98535287 -.99999999
1.9251700 1.01194277 -.99999999
1.9286700 1.02590945 -.99999999
1.9321600 1.03534851 -.99999999
1.9356500 1.00937800 -.99999999
1.9391300 1.02254209 -.99999999
1.9426100 1.02406874 -.99999999
1.9460800 1.01361773 -.99999999
1.9495400 1.03425805 -.99999999
1.9530000 1.02515921 -.99999999
1.9564600 1.02694757 -.99999999
1.9599100 1.01537992 -.99999999
1.9633600 1.00502486 -.99999999
1.9668000 1.02321382 -.99999999
1.9702400 1.01208235 -.99999999
1.9736700 1.02760185 -.99999999
1.9771000 1.04593911 -.99999999
1.9805200 1.04328710 -.99999999
1.9839400 1.04737852 -.99999999
1.9873500 1.04024252 -.99999999
1.9907600 1.04863474 -.99999999
1.9941600 1.03773009 -.99999999
1.9975600 1.07238943 -.99999999
2.0009600 1.04479630 -.99999999
2.0043500 1.04352264 -.99999999
2.0077300 1.00577510 -.99999999
2.0111100 1.00663003 -.99999999
2.0144900 1.01911367 -.99999999
2.0178600 1.00437058 -.99999999
2.0212200 1.00839222 -.99999999
2.0245900 1.03541830 -.99999999
2.0279400 1.04666318 -.99999999
2.0313000 1.03104772 -.99999999
2.0346500 1.04773619 -.99999999
2.0379900 1.04345285 -.99999999
2.0413300 1.04003315 -.99999999
2.0446600 1.05975748 -.99999999
2.0479900 1.05436622 -.99999999
2.0513200 1.04709064 -.99999999
2.0546400 1.03636046 -.99999999
2.0579600 1.03797435 -.99999999
2.0612700 1.03868097 -.99999999
2.0645700 1.05540434 -.99999999
2.0678800 1.03245224 -.99999999
2.0711800 1.03896013 -.99999999
2.0744700 1.06515746 -.99999999
2.0777600 1.05311873 -.99999999
2.0810400 1.05799529 -.99999999
2.0843200 1.05066736 -.99999999
2.0876000 1.05399110 -.99999999
2.0908700 1.06199948 -.99999999
2.0941400 1.04683765 -.99999999
2.0974000 1.06154584 -.99999999
2.1006600 1.05298787 -.99999999
2.1039100 1.05800401 -.99999999
2.1071600 1.03882055 -.99999999
2.1104000 1.06310739 -.99999999
2.1136400 1.07394225 -.99999999
2.1168800 1.05789060 -.99999999
2.1201100 1.06108349 -.99999999
2.1233300 1.06998168 -.99999999
2.1265500 1.08142720 -.99999999
2.1297700 1.06549769 -.99999999
2.1329800 1.06802757 -.99999999
2.1361900 1.07217133 -.99999999
2.1393900 1.07735322 -.99999999
2.1425900 1.07218878 -.99999999
2.1457800 1.05899852 -.99999999
2.1489700 1.07532932 -.99999999
2.1521600 1.07698683 -.99999999
2.1553400 1.05076333 -.99999999
2.1585100 1.06565472 -.99999999
2.1616800 1.05202826 -.99999999
2.1648500 1.08332025 -.99999999
2.1680100 1.08405304 -.99999999
2.1711600 1.06696327 -.99999999
2.1743100 1.08114804 -.99999999
2.1774600 1.07932478 -.99999999
2.1806000 1.08347727 -.99999999
2.1837400 1.06600366 -.99999999
2.1868700 1.08501265 -.99999999
2.1900000 1.06572450 -.99999999
2.1931200 1.08115677 -.99999999
2.1962400 1.08209893 -.99999999
2.1993500 1.08065079 -.99999999
2.2024500 1.08831022 -.99999999
2.2055600 1.09192184 -.99999999
2.2086500 1.08559714 -.99999999
2.2117500 1.07348862 -.99999999
2.2148300 1.09166885 -.99999999
2.2179200 1.08264852 -.99999999
2.2209900 1.08968856 -.99999999
2.2240700 1.05782954 -.99999999
2.2271300 1.06972869 -.99999999
2.2302000 1.09936317 -.99999999
2.2332500 1.06589898 -.99999999
2.2363100 1.08862427 -.99999999
2.2393500 1.07361075 -.99999999
2.2423900 1.08256128 -.99999999
2.2454300 1.07482334 -.99999999
2.2484600 1.07286923 -.99999999
2.2514900 1.09975574 -.99999999
2.2545100 1.09414638 -.99999999
2.2575300 1.10318416 -.99999999
2.2605400 1.08822298 -.99999999
2.2635500 1.07192707 -.99999999
2.2665500 1.10326267 -.99999999
2.2695400 1.05467155 -.99999999
2.2725300 1.09494897 -.99999999
2.2755200 1.08453284 -.99999999
2.2785000 1.09402425 -.99999999
2.2814700 1.07926372 -.99999999
2.2844400 1.09569048 -.99999999
2.2874100 1.10427462 -.99999999
2.2903700 1.09497514 -.99999999
2.2933200 1.07917648 -.99999999
2.2962700 1.09391957 -.99999999
2.2992100 1.10124749 -.99999999
2.3021500 1.08241298 -.99999999
2.3050800 1.08876385 -.99999999
2.3080100 1.10660386 -.99999999
2.3109400 1.10918608 -.99999999
2.3138500 1.13067260 -.99999999
2.3167700 1.08878130 -.99999999
2.3196700 1.09890081 -.99999999
2.3225800 1.09163395 -.99999999
2.3254700 1.08979325 -.99999999
2.3283700 1.12505452 -.99999999
2.3312500 1.08567565 -.99999999
2.3341400 1.11278897 -.99999999
2.3370100 1.08530053 -.99999999
2.3398900 1.12730524 -.99999999
2.3427600 1.06906569 -.99999999
2.3456200 1.07029573 -.99999999
2.3484800 1.07903690 -.99999999
2.3513300 1.11878217 -.99999999
2.3541800 1.11150659 -.99999999
2.3570200 1.09314316 -.99999999
2.3598600 1.06409317 -.99999999
2.3627000 1.10704004 -.99999999
2.3655300 1.11810172 -.99999999
2.3683600 1.12305679 -.99999999
2.3711800 1.11081741 -.99999999
2.3740000 1.06765245 -.99999999
2.3768100 1.05895490 -.99999999
2.3796200 1.10273052 -.99999999
2.3824200 1.10868010 -.99999999
2.3852300 1.05831807 -.99999999
2.3880200 1.10396057 -.99999999
2.3908200 1.10082875 -.99999999
2.3936100 1.08793510 -.99999999
2.3963900 1.14015528 -.99999999
2.3991800 1.12675565 -.99999999
2.4019600 1.14712553 -.99999999
2.4047300 1.11929687 -.99999999
2.4075100 1.09156416 -.99999999
2.4102800 1.08953154 -.99999999
2.4130400 1.12083224 -.99999999
2.4158100 1.13205967 -.99999999
2.4185700 1.12143418 -.99999999
2.4213300 1.08262235 -.99999999
2.4240900 1.14231876 -.99999999
2.4268400 1.12997470 -.99999999
2.4296000 1.11553694 -.99999999
2.4323500 1.09591730 -.99999999
2.4351000 1.09924104 -.99999999
2.4378500 1.11614761 -.99999999
2.4405900 1.14213557 -.99999999
2.4433400 1.16574195 -.99999999
2.4460900 1.09984297 -.99999999
2.4488300 1.12269040 -.99999999
2.4515700 1.11019803 -.99999999
2.4543200 1.13039344 -.99999999
2.4570600 1.12460961 -.99999999
2.4598100 0.56593562 -.99999999
2.4625500 1.13458955 -.99999999
2.4652900 1.10334991 -.99999999
2.4680400 1.13382186 -.99999999
2.4707900 1.13390910 -.99999999
2.4735400 1.08919131 -.99999999
2.4762900 1.11245747 -.99999999
2.4790400 1.13010556 -.99999999
2.4817900 1.08096484 -.99999999
2.4845500 1.09353572 -.99999999
2.4873100 1.13730263 -.99999999
2.4900700 1.17592253 -.99999999
2.4928400 1.21569397 -.99999999
2.4956100 1.08013609 -.99999999
2.4983800 1.13001832 -.99999999
2.5011600 1.08674867 -.99999999
