0.7110681 0.79885700 0.00368745
0.7133647 0.80113910 0.00320008
0.7156863 0.80431193 0.00427042
0.7180325 0.81039370 0.01059278
0.7204033 0.81018370 0.00734768
0.7227983 0.80238850 0.00427394
0.7252174 0.79975950 0.00377383
0.7276604 0.80493152 0.00350427
0.7301272 0.80848380 0.00342914
0.7326175 0.80360690 0.00335094
0.7351311 0.80450141 0.00327449
0.7376679 0.80877440 0.00334868
0.7402275 0.80904390 0.00322606
0.7428100 0.80531490 0.00387867
0.7454150 0.80977920 0.00320075
0.7480424 0.81340890 0.00294965
0.7506920 0.81488790 0.00332769
0.7533636 0.81442470 0.00300224
0.7560570 0.81466722 0.00317319
0.7587720 0.81701890 0.00302439
0.7615085 0.81558763 0.00282106
0.7642663 0.81514570 0.00323437
0.7670450 0.82084524 0.00326817
0.7698447 0.82051724 0.00314959
0.7726651 0.83132900 0.00770066
0.7755060 0.83101980 0.00836245
0.7783672 0.82913911 0.00339771
0.7812486 0.82474540 0.00418107
0.7841499 0.81804454 0.00375886
0.7870710 0.82591211 0.00287561
0.7900118 0.82678604 0.00275941
0.7929720 0.82360670 0.00284215
0.7959514 0.82586180 0.00338621
0.7989498 0.82702410 0.00277101
0.8019673 0.82553851 0.00395259
0.8050033 0.82975630 0.00279340
0.8080580 0.82957240 0.00273066
0.8111310 0.82864480 0.00396522
0.8142222 0.82960000 0.00402773
0.8173314 0.83138790 0.00289991
0.8204585 0.83233690 0.00263684
0.8236032 0.83301830 0.00299635
0.8267654 0.83519542 0.00274912
0.8299450 0.83425870 0.00253431
0.8331416 0.84395760 0.00355518
0.8363553 0.87311303 0.00896213
0.8395858 0.84159390 0.00309899
0.8428329 0.83121360 0.00324156
0.8460965 0.84228440 0.00255702
0.8493763 0.83827230 0.00272408
0.8526723 0.83733570 0.00330735
0.8559843 0.84042471 0.00257551
0.8593121 0.83767002 0.00267394
0.8626555 0.83868840 0.00255918
0.8660144 0.83823860 0.00262900
0.8693886 0.83812400 0.00243886
0.8727779 0.84255080 0.00231690
0.8761821 0.83842600 0.00276492
0.8796012 0.83600503 0.00282519
0.8830350 0.83984363 0.00266397
0.8864832 0.84296990 0.00248054
0.8899457 0.84248274 0.00240387
0.8934225 0.84375554 0.00256271
0.8969132 0.84641630 0.00247086
0.9004177 0.84257334 0.00305500
0.9039360 0.84420043 0.00319737
0.9074678 0.84347190 0.00359256
0.9110129 0.84816620 0.00267729
0.9145713 0.84953564 0.00266618
0.9181427 0.85008561 0.00279848
0.9217270 0.85096540 0.00343069
0.9253241 0.84786903 0.00349443
0.9289337 0.84804000 0.00289412
0.9325559 0.84815883 0.00325704
0.9361902 0.84392520 0.00456927
0.9398367 0.85102370 0.00324771
0.9434952 0.85044750 0.00283871
0.9471655 0.84146863 0.00345815
0.9508475 0.84601090 0.00307043
0.9545410 0.84964573 0.00262115
0.9582459 0.84840810 0.00266667
0.9619620 0.85122030 0.00235238
0.9656892 0.85190000 0.00276339
0.9694273 0.85743093 0.00277244
0.9731763 0.86021130 0.00263126
0.9769358 0.86062860 0.00268632
0.9807059 0.84783620 0.00524713
0.9844863 0.86172820 0.00257381
0.9882768 0.86391401 0.00324243
0.9920775 0.86408871 0.00300189
0.9958881 0.85573740 0.00267904
0.9997084 0.86816470 0.00247221
1.0035383 0.86880640 0.00236013
1.0073780 0.87008303 0.00222954
1.0112270 0.86879253 0.00214754
1.0150850 0.87660630 0.00220875
1.0189520 0.87353622 0.00311090
1.0228280 0.87563480 0.00231935
1.0267130 0.87753670 0.00226769
1.0306060 0.87600994 0.00223922
1.0345080 0.87748580 0.00209818
1.0384181 0.88013154 0.00196712
1.0423370 0.88016930 0.00217993
1.0462634 0.87918961 0.00234603
1.0501980 0.88174331 0.00190011
1.0541410 0.88290423 0.00214139
1.0580910 0.88247320 0.00215140
1.0620490 0.88260632 0.00245341
1.0660140 0.88453390 0.00223267
1.0699862 0.88461303 0.00212405
1.0739660 0.88719272 0.00198584
1.0779530 0.88697590 0.00226647
1.0819461 0.88887721 0.00211222
1.0859470 0.88647842 0.00215244
1.0899540 0.88754620 0.00224104
1.0939671 0.88810750 0.00195831
1.0979871 0.88984740 0.00272661
1.1020133 0.89250340 0.00213707
1.1060460 0.89084580 0.00203762
1.1100842 0.89023274 0.00245834
1.1141290 0.88812220 0.00267559
1.1181790 0.89697620 0.00205814
1.1222343 0.89218032 0.00233218
1.1262960 0.89314824 0.00238916
1.1303622 0.89442800 0.00205228
1.1344341 0.89158730 0.00256917
1.1385113 0.89596810 0.00255270
1.1425933 0.89411413 0.00282044
1.1466804 0.89922130 0.00218278
1.1507722 0.89732712 0.00234263
1.1548690 0.89859163 0.00184933
1.1589700 0.90723220 0.00206060
1.1630753 0.90387791 0.00204391
1.1671851 0.90667810 0.00349133
1.1712992 0.91282594 0.00205662
1.1754174 0.91118252 0.00181929
1.1795394 0.91419494 0.00266468
1.1836653 0.91498184 0.00288851
1.1877951 0.91586010 0.00194403
1.1919290 0.91818392 0.00223070
1.1960653 0.91938430 0.00201507
1.2002060 0.91932260 0.00230829
1.2043491 0.91768250 0.00248162
1.2084960 0.91981351 0.00228653
1.2126460 0.92039160 0.00175572
1.2167990 0.91916960 0.00182649
1.2209542 0.92342770 0.00200170
1.2251130 0.92378600 0.00188887
1.2292740 0.92671220 0.00212752
1.2334372 0.93075752 0.00208285
1.2376033 0.92651980 0.00184166
1.2417720 0.92771804 0.00271556
1.2459421 0.93305860 0.00199686
1.2501150 0.93431490 0.00170135
1.2542900 0.93703720 0.00171833
1.2584661 0.93420183 0.00179267
1.2626444 0.93561601 0.00168496
1.2668243 0.93560630 0.00210431
1.2710061 0.93481600 0.00232744
1.2751892 0.95240120 0.00646133
1.2793740 0.94487011 0.00296690
1.2835600 0.93813782 0.00152195
1.2877470 0.94352800 0.00220230
1.2919350 0.94447451 0.00183099
1.2961240 0.94334300 0.00182214
1.3003140 0.94315642 0.00177747
1.3045050 0.94604843 0.00153204
1.3086962 0.94594500 0.00149881
1.3128882 0.94421923 0.00159132
1.3170810 0.94213283 0.00204760
1.3212740 0.94905460 0.00170146
1.3254674 0.94594750 0.00171429
1.3296610 0.94457810 0.00210628
1.3338550 0.95077740 0.00212132
1.3380490 0.94995680 0.00191394
1.3422423 0.94946640 0.00217773
1.3464360 0.95101530 0.00261140
1.3506293 0.95531004 0.00224683
1.3548230 0.94942581 0.00319435
1.3590152 0.94609260 0.00408757
1.3632074 0.93126740 0.00648841
1.3673990 0.92509780 0.01058642
1.3715900 0.92563122 0.00955434
1.3757802 0.93471252 0.00965662
1.3799700 0.95512044 0.00814175
1.3841580 0.95177140 0.00697464
1.3883454 0.94731914 0.00648528
1.3925320 0.94368904 0.00643820
1.3967170 0.95439624 0.00610836
1.4009010 0.95602071 0.00486071
1.4050840 0.94703274 0.00523564
1.4092650 0.95144033 0.00507936
1.4134442 0.94912660 0.00450955
1.4176223 0.95146850 0.00349444
1.4217990 0.95523864 0.00326234
1.4259740 0.95363390 0.00307830
1.4301463 0.95264130 0.00284791
1.4343172 0.95916860 0.00251270
1.4384862 0.95655600 0.00235035
1.4426531 0.95731961 0.00240353
1.4468180 0.95989751 0.00233500
1.4509810 0.96415170 0.00225654
1.4551410 0.96597194 0.00203175
1.4592990 0.97048932 0.00267405
1.4634543 0.96853830 0.00141078
1.4676073 0.97163040 0.00152097
1.4717580 0.97064180 0.00280321
1.4759060 0.96987724 0.00216062
1.4800510 0.96837711 0.00269137
1.4841930 0.96730554 0.00203071
1.4883330 0.97119920 0.00169145
1.4924690 0.97292184 0.00102056
1.4966030 0.97673370 0.00087939
1.5007330 0.97673332 0.00153901
1.5048604 0.97709960 0.00129331
1.5089850 0.97665900 0.00068516
1.5131060 0.97491970 0.00295520
1.5172230 0.98266050 0.00208928
1.5213371 0.98309201 0.00218296
1.5254480 0.98341850 0.00091278
1.5295550 0.98159170 0.00113763
1.5336590 0.98685850 0.00111135
1.5377590 0.98503464 0.00099860
1.5418550 0.98840020 0.00169803
1.5459474 0.98626980 0.00092339
1.5500360 0.99445060 0.00086577
1.5541210 0.99134160 0.00079100
1.5582020 0.98986040 0.00089226
1.5622783 0.99062330 0.00105175
1.5663510 0.98622010 0.00165506
1.5704200 0.98753803 0.00122560
1.5744842 0.98456603 0.00126530
1.5785443 0.98025882 0.00086931
1.5826002 0.98532760 0.00162941
1.5866520 0.98786371 0.00087253
1.5906990 0.98689270 0.00094180
1.5947420 0.98672372 0.00249673
1.5987800 0.98212492 0.00121453
1.6028133 0.99106073 0.00073404
1.6068423 0.99326450 0.00077004
1.6108670 0.99185752 0.00122509
1.6148861 0.99342540 0.00093941
1.6189011 0.99446620 0.00137747
1.6229110 0.98547760 0.00196532
1.6269161 0.99671510 0.00105179
1.6309163 0.99648392 0.00065118
1.6349120 0.99877661 0.00065621
1.6389020 0.99703854 0.00061361
1.6428871 0.99947570 0.00059874
1.6468671 0.99825334 0.00083400
1.6508420 1.00015700 0.00080755
1.6548120 1.00459610 0.00141211
1.6587762 1.00515700 0.00103292
1.6627354 1.00320100 0.00086874
1.6666893 1.00380600 0.00068609
1.6706380 1.00335810 0.00084982
1.6745810 1.00132230 0.00133927
1.6785190 1.00070200 0.00191877
1.6824510 1.00081800 0.00083320
1.6863780 1.00310700 0.00283021
1.6902990 1.01088300 0.00169292
1.6942140 1.00886100 0.00087199
1.6981240 1.00252500 0.00152680
1.7020280 1.00342700 0.00128758
1.7059262 1.00906710 0.00094488
1.7098190 1.00708000 0.00067462
1.7137060 1.00556500 0.00125944
1.7175870 1.00795000 0.00108402
1.7214620 1.01215630 0.00183568
1.7253313 1.00908010 0.00112666
1.7291944 1.00980700 0.00101186
1.7330520 1.00954410 0.00104376
1.7369031 1.01038900 0.00079970
1.7407484 1.01243440 0.00126297
1.7445880 1.01194600 0.00093041
1.7484210 1.01694800 0.00102415
1.7522480 1.01378800 0.00115442
1.7560690 1.01151510 0.00138520
1.7598840 1.01256500 0.00113298
1.7636921 1.00868100 0.00189040
1.7674950 1.00811600 0.00216799
1.7712910 1.00549120 0.00240451
1.7750804 1.01033130 0.00114717
1.7788640 1.00876230 0.00138509
1.7826410 1.01314000 0.00161381
1.7864120 0.99901810 0.00474336
1.7901762 1.00278610 0.00295502
1.7939341 1.01487300 0.00267865
1.7976860 1.00612040 0.00358489
1.8014310 1.00337310 0.00146621
1.8051700 1.00200000 0.00222221
1.8089020 1.00275010 0.00269961
1.8126280 1.00045340 0.00281562
1.8163470 1.00965030 0.00273078
1.8200594 1.00459300 0.00365362
1.8237652 1.00375400 0.00414343
1.8274650 1.01678300 0.00460856
1.8311580 1.01264600 0.00516608
1.8348442 1.01712300 0.00524599
1.8385240 1.00028700 0.00732449
1.8421970 0.98586850 0.01090197
1.8458633 1.00401040 0.01187787
1.8495230 1.01076710 0.01355077
1.8531760 1.00175700 0.01776299
1.8568223 1.00154300 0.01222790
1.8604620 0.99338942 0.01107216
1.8640950 1.01227600 0.01264997
1.8677210 1.02418430 0.00986491
1.8713403 1.02907040 0.01176253
1.8749532 1.01179620 0.01288168
1.8785590 0.99234664 0.01422746
1.8821580 1.02046040 0.01293010
1.8857510 1.04212330 0.01220149
1.8893362 1.02679500 0.00814559
1.8929151 1.02500820 0.00905009
1.8964872 0.99923294 0.02581675
1.9000524 1.00013240 0.01595762
1.9036110 1.01135900 0.00730829
1.9071630 1.00777020 0.00983218
1.9107072 0.99420624 0.01662948
1.9142454 1.01443100 0.01158181
1.9177770 1.02846830 0.00835087
1.9213011 1.02171800 0.00758323
1.9248190 1.02872400 0.00752440
1.9283294 1.02064600 0.01213297
1.9318340 1.01948330 0.00766682
1.9353310 1.02458130 0.00540239
1.9388210 1.02336000 0.00379403
1.9423050 1.03178000 0.00389198
1.9457813 1.03119930 0.00585861
1.9492514 1.02696800 0.00414365
1.9527150 1.03483920 0.00322070
1.9561710 1.03358400 0.00267207
1.9596210 1.02643510 0.00276378
1.9630633 1.02911200 0.00224112
1.9664993 1.02734900 0.00258275
1.9699290 1.03292640 0.00251127
1.9733512 1.03396000 0.00217922
1.9767670 1.03169200 0.00155183
1.9801762 1.03312230 0.00148817
1.9835784 1.03155310 0.00183673
1.9869741 1.02968900 0.00177468
1.9903630 1.03376810 0.00156451
1.9937450 1.03692400 0.00193881
1.9971210 1.04814720 0.01164101
2.0004894 1.06292300 0.02592663
2.0038520 1.04275400 0.01206208
2.0072071 1.02563700 0.00278901
2.0105560 1.02876110 0.00341856
2.0138990 1.03212100 0.00204594
2.0172340 1.03872510 0.00279221
2.0205631 1.03676400 0.00331002
2.0238860 1.04307430 0.00215386
2.0272020 1.03869920 0.00226251
2.0305111 1.03962330 0.00360092
2.0338141 1.04350130 0.00194173
2.0371110 1.04045700 0.00152416
2.0404010 1.03891630 0.00121109
2.0436842 1.04222510 0.00121016
2.0469613 1.04455000 0.00144458
2.0502321 1.04408240 0.00141910
2.0534963 1.04696400 0.00471273
2.0567543 1.04514400 0.00332137
2.0600061 1.04044700 0.00277282
2.0632512 1.04318300 0.00149570
2.0664910 1.04361500 0.00201014
2.0697231 1.04416200 0.00200533
2.0729500 1.04142400 0.00175331
2.0761702 1.04485300 0.00192778
2.0793843 1.04704000 0.00192672
2.0825922 1.04752230 0.00230997
2.0857942 1.05339210 0.00772023
2.0889904 1.05549800 0.00774772
2.0921800 1.04972300 0.00221572
2.0953633 1.04935220 0.00246398
2.0985410 1.05194110 0.00220343
2.1017124 1.05220420 0.00187869
2.1048790 1.04775640 0.00151520
2.1080384 1.04763110 0.00191297
2.1111922 1.04849700 0.00165632
2.1143410 1.04796240 0.00183209
2.1174833 1.04711110 0.00170047
2.1206200 1.04892510 0.00193964
2.1237510 1.05232720 0.00195692
2.1268754 1.05050100 0.00161703
2.1299951 1.05234900 0.00178984
2.1331090 1.05329430 0.00208466
2.1362173 1.05512300 0.00189119
2.1393210 1.05271910 0.00194452
2.1424174 1.05536430 0.00189788
2.1455094 1.05311000 0.00211800
2.1485960 1.05480300 0.00179171
2.1516764 1.05338600 0.00167828
2.1547530 1.05329000 0.00147200
2.1578230 1.05586320 0.00146979
2.1608880 1.05610300 0.00157386
2.1639482 1.05912610 0.00164430
2.1670030 1.06211240 0.00195819
2.1700530 1.06133800 0.00185989
2.1730973 1.06317100 0.00266922
2.1761362 1.06217300 0.00218086
2.1791710 1.06058200 0.00165483
2.1822010 1.05173000 0.00210203
2.1852260 1.05646100 0.00204691
2.1882460 1.05236800 0.00253212
2.1912610 1.05001040 0.00323177
2.1942710 1.06133410 0.00173328
2.1972770 1.05798700 0.00186709
2.2002780 1.05953200 0.00189827
2.2032750 1.06062700 0.00160554
2.2062670 1.05907520 0.00174248
2.2092540 1.06053630 0.00168238
2.2122380 1.06095900 0.00186626
2.2152163 1.05707100 0.00543429
2.2181910 1.05397600 0.00452042
2.2211611 1.05929900 0.00193482
2.2241270 1.06371640 0.00165573
2.2270890 1.06251140 0.00171937
2.2300470 1.06461800 0.00175070
2.2330010 1.06112030 0.00180192
2.2359504 1.06523800 0.00164157
2.2388960 1.06288000 0.00312766
2.2418382 1.07826200 0.01265242
2.2447762 1.07243700 0.00737791
2.2477110 1.05845230 0.00213008
2.2506422 1.06365100 0.00212579
2.2535691 1.06521300 0.00184141
2.2564930 1.06596700 0.00207518
2.2594134 1.06242440 0.00208033
2.2623302 1.06496300 0.00250165
2.2652440 1.06468510 0.00217278
2.2681541 1.06641930 0.00253153
2.2710610 1.06467500 0.00220663
2.2739650 1.06452210 0.00188581
2.2768660 1.06782000 0.00220860
2.2797634 1.06562800 0.00203418
2.2826590 1.06570000 0.00214268
2.2855503 1.06613800 0.00235998
2.2884400 1.06261430 0.00205814
2.2913260 1.06372500 0.00210620
2.2942094 1.06302300 0.00222815
2.2970914 1.06796200 0.00605686
2.2999700 -.99999999 -.99999999
2.3028460 -.99999999 -.99999999
2.3057203 1.06862000 0.00266768
2.3085920 1.07157730 0.00284808
2.3114612 1.07458700 0.00204419
2.3143284 1.05356930 0.00345096
2.3171930 -.99999999 -.99999999
2.3200564 -.99999999 -.99999999
2.3229180 -.99999999 -.99999999
2.3257772 1.06403000 0.00258856
2.3286354 1.06450500 0.00247173
2.3314910 1.06512500 0.00203243
2.3343453 1.06548200 0.00215897
2.3371980 1.06756300 0.00231252
2.3400492 1.06684800 0.00282056
2.3429000 1.06680300 0.00252912
2.3457484 1.06514400 0.00286449
2.3485960 1.06456600 0.00281075
2.3514430 1.06367500 0.00270195
2.3542881 1.06554400 0.00254442
2.3571324 1.06847400 0.00311950
2.3599762 1.07039700 0.00281351
2.3628190 1.06822600 0.00318040
2.3656611 1.07048530 0.00278088
2.3685030 1.06913200 0.00319132
2.3713440 1.07212410 0.00318313
2.3741850 1.08898130 0.00425596
2.3770244 -.99999999 -.99999999
2.3798651 -.99999999 -.99999999
2.3827050 -.99999999 -.99999999
2.3855450 -.99999999 -.99999999
2.3883850 -.99999999 -.99999999
2.3912250 1.05995100 0.00399025
2.3940644 1.06463200 0.00323571
2.3969060 1.07205300 0.00366608
2.3997464 1.07355240 0.00322704
2.4025880 1.06794840 0.00355187
2.4054300 1.06578800 0.00338167
2.4082720 1.06430100 0.00411155
2.4111160 1.06466500 0.00408367
2.4139602 1.05710100 0.00456201
2.4168060 1.05600100 0.00457858
2.4196524 1.06389400 0.00501766
2.4224991 1.07826420 0.00391711
2.4253482 1.07285200 0.00467235
2.4281990 1.07375200 0.00360501
2.4310500 1.06637000 0.00461554
2.4339040 1.05575800 0.00539089
2.4367582 1.06177610 0.00596209
2.4396150 1.07238130 0.00500072
2.4424740 1.06604320 0.00490584
2.4453350 1.05194020 0.00510728
2.4481970 1.06514200 0.01615360
2.4510620 1.07095000 0.00964463
2.4539284 1.06795200 0.00636532
2.4567983 1.06785300 0.00763532
2.4596710 1.03652000 0.01701097
2.4625451 1.06141310 0.03217093
2.4654230 1.10729700 0.03388932
2.4683022 1.11679500 0.02225538
2.4711860 1.08552640 0.01105392
2.4740720 1.06580000 0.00875055
2.4769611 1.07188700 0.00943003
2.4798540 1.06009500 0.01075963
2.4827500 1.04544040 0.01343339
2.4856491 1.05186210 0.01590779
2.4885530 1.04516910 0.01822768
2.4914590 1.04165400 0.02011059
2.4943700 1.02264700 0.02406308
2.4972841 1.05825220 0.01597657
2.5002031 1.07571500 0.01786209
2.5031270 1.06592300 0.01739844
2.5060534 1.05760210 0.01957418
2.5089850 1.05729100 0.02492169
2.5119220 1.04252430 0.02877456
2.5148630 1.03849200 0.04215864
2.5178074 1.02344900 0.04260035
2.5207590 1.04602140 0.04772562
2.5237130 1.04651540 0.06135530
2.5266740 1.03122620 0.06656187
2.5296394 1.02933000 0.07942200
