0.7500895 0.88281600 -.99999999
0.7523833 0.89023280 -.99999999
0.7547051 0.88331340 -.99999999
0.7570546 0.88149011 -.99999999
0.7594316 0.88845551 -.99999999
0.7618359 0.89381660 -.99999999
0.7642673 0.88270410 -.99999999
0.7667254 0.88521051 -.99999999
0.7692100 0.89414131 -.99999999
0.7717210 0.91001242 -.99999999
0.7742581 0.89826524 -.99999999
0.7768211 0.89593583 -.99999999
0.7794097 0.89157030 -.99999999
0.7820237 0.89462512 -.99999999
0.7846629 0.88716670 -.99999999
0.7873271 0.89183020 -.99999999
0.7900159 0.89214193 -.99999999
0.7927293 0.90139240 -.99999999
0.7954670 0.89383882 -.99999999
0.7982287 0.89656480 -.99999999
0.8010142 0.89551401 -.99999999
0.8038233 0.89511440 -.99999999
0.8066558 0.89418464 -.99999999
0.8095115 0.89468103 -.99999999
0.8123901 0.89168520 -.99999999
0.8152914 0.89594513 -.99999999
0.8182153 0.89242560 -.99999999
0.8211613 0.90050810 -.99999999
0.8241295 0.89455230 -.99999999
0.8271195 0.89902144 -.99999999
0.8301312 0.90104633 -.99999999
0.8331642 0.89757162 -.99999999
0.8362185 0.89543940 -.99999999
0.8392937 0.89447492 -.99999999
0.8423898 0.89376140 -.99999999
0.8455064 0.89759832 -.99999999
0.8486433 0.89685810 -.99999999
0.8518004 0.90018190 -.99999999
0.8549774 0.89625501 -.99999999
0.8581742 0.89964962 -.99999999
0.8613905 0.89223730 -.99999999
0.8646260 0.90077912 -.99999999
0.8678808 0.89325830 -.99999999
0.8711543 0.89365260 -.99999999
0.8744466 0.89669730 -.99999999
0.8777574 0.90102600 -.99999999
0.8810864 0.89654672 -.99999999
0.8844336 0.89576260 -.99999999
0.8877986 0.89735040 -.99999999
0.8911813 0.89952272 -.99999999
0.8945815 0.89450850 -.99999999
0.8979989 0.89892790 -.99999999
0.9014335 0.89624023 -.99999999
0.9048849 0.89768250 -.99999999
0.9083531 0.90634691 -.99999999
0.9118377 0.90469270 -.99999999
0.9153386 0.90397090 -.99999999
0.9188557 0.90237950 -.99999999
0.9223886 0.90290063 -.99999999
0.9259373 0.90508443 -.99999999
0.9295015 0.90179660 -.99999999
0.9330810 0.90608561 -.99999999
0.9366757 0.90167990 -.99999999
0.9402853 0.91547680 -.99999999
0.9439096 0.90356642 -.99999999
0.9475486 0.91453610 -.99999999
0.9512020 0.90566530 -.99999999
0.9548695 0.91316170 -.99999999
0.9585511 0.91446083 -.99999999
0.9622465 0.91274851 -.99999999
0.9659556 0.91567630 -.99999999
0.9696781 0.91933041 -.99999999
0.9734139 0.91708450 -.99999999
0.9771628 0.92168062 -.99999999
0.9809246 0.91892910 -.99999999
0.9846992 0.92592853 -.99999999
0.9884863 0.92548221 -.99999999
0.9922858 0.92671191 -.99999999
0.9960976 0.92329311 -.99999999
0.9999213 0.92514020 -.99999999
1.0037570 0.92861880 -.99999999
1.0076041 0.92808950 -.99999999
1.0114630 0.92424440 -.99999999
1.0153330 0.92968410 -.99999999
1.0192142 0.93187600 -.99999999
1.0231064 0.93344140 -.99999999
1.0270094 0.93211370 -.99999999
1.0309232 0.93621993 -.99999999
1.0348473 0.93863480 -.99999999
1.0387820 0.94019360 -.99999999
1.0427263 0.93704320 -.99999999
1.0466810 0.94076472 -.99999999
1.0506452 0.93824490 -.99999999
1.0546191 0.93959400 -.99999999
1.0586030 0.94029070 -.99999999
1.0625954 0.94773602 -.99999999
1.0665973 0.94748980 -.99999999
1.0706081 0.94708383 -.99999999
1.0746280 0.94384540 -.99999999
1.0786561 0.94844132 -.99999999
1.0826930 0.96804863 -.99999999
1.0867381 0.91136193 -.99999999
1.0907914 0.93813782 -.99999999
1.0948530 0.94871592 -.99999999
1.0989220 0.94913142 -.99999999
1.1029990 0.95038030 -.99999999
1.1070833 0.94711730 -.99999999
1.1111751 0.95555114 -.99999999
1.1152741 0.95585910 -.99999999
1.1193803 0.95191600 -.99999999
1.1234934 0.94833904 -.99999999
1.1276133 0.95066220 -.99999999
1.1317400 0.95545363 -.99999999
1.1358730 0.95537780 -.99999999
1.1400121 0.95384353 -.99999999
1.1441580 0.95792700 -.99999999
1.1483091 0.96095910 -.99999999
1.1524670 0.95894550 -.99999999
1.1566300 0.95737493 -.99999999
1.1607984 0.96172900 -.99999999
1.1649730 0.96141830 -.99999999
1.1691521 0.96898000 -.99999999
1.1733370 0.96416360 -.99999999
1.1775264 0.97098034 -.99999999
1.1817210 0.97442710 -.99999999
1.1859203 0.97064232 -.99999999
1.1901241 0.96750301 -.99999999
1.1943330 0.97252230 -.99999999
1.1985452 0.96908664 -.99999999
1.2027621 0.97608080 -.99999999
1.2069830 0.97217261 -.99999999
1.2112080 0.97510820 -.99999999
1.2154364 0.96895100 -.99999999
1.2196690 0.97440713 -.99999999
1.2239043 0.96860504 -.99999999
1.2281440 0.97323410 -.99999999
1.2323860 0.97877633 -.99999999
1.2366313 0.97909170 -.99999999
1.2408800 0.97478312 -.99999999
1.2451311 0.97980640 -.99999999
1.2493851 0.97905080 -.99999999
1.2536420 0.98219700 -.99999999
1.2579010 0.97748732 -.99999999
1.2621623 0.97683080 -.99999999
1.2664260 0.97585201 -.99999999
1.2706920 0.97844990 -.99999999
1.2749594 0.97554430 -.99999999
1.2792290 0.97654032 -.99999999
1.2835003 0.97775471 -.99999999
1.2877732 0.98021310 -.99999999
1.2920480 0.97846270 -.99999999
1.2963232 0.98361140 -.99999999
1.3006002 0.98280340 -.99999999
1.3048783 0.98581970 -.99999999
1.3091574 0.98354520 -.99999999
1.3134374 0.98449724 -.99999999
1.3177181 0.98511080 -.99999999
1.3220000 0.99023413 -.99999999
1.3262820 0.98905062 -.99999999
1.3305640 0.98740410 -.99999999
1.3348470 0.98783773 -.99999999
1.3391294 0.98288142 -.99999999
1.3434123 0.98452880 -.99999999
1.3476953 0.99502800 -.99999999
1.3519781 0.99185162 -.99999999
1.3562610 0.99205744 -.99999999
1.3605430 0.97915470 -.99999999
1.3648250 0.97184991 -.99999999
1.3691060 0.95997950 -.99999999
1.3733870 0.97358270 -.99999999
1.3776664 1.00690900 -.99999999
1.3819453 1.00106000 -.99999999
1.3862233 0.98308200 -.99999999
1.3905001 0.98145580 -.99999999
1.3947760 0.99493342 -.99999999
1.3990502 0.99272100 -.99999999
1.4033231 0.98196610 -.99999999
1.4075950 0.98323290 -.99999999
1.4118650 0.98154044 -.99999999
1.4161330 0.98426060 -.99999999
1.4203993 0.98821663 -.99999999
1.4246640 0.98853570 -.99999999
1.4289270 0.99313932 -.99999999
1.4331871 0.99687430 -.99999999
1.4374460 0.99236560 -.99999999
1.4417020 0.98788360 -.99999999
1.4459553 0.98069852 -.99999999
1.4502070 0.99126610 -.99999999
1.4544560 0.97459071 -.99999999
1.4587020 0.97943341 -.99999999
1.4629453 0.98339500 -.99999999
1.4671860 0.99590430 -.99999999
1.4714240 0.98686140 -.99999999
1.4756590 0.98638360 -.99999999
1.4798910 0.98474860 -.99999999
1.4841192 0.99207380 -.99999999
1.4883450 0.98769890 -.99999999
1.4925670 0.98910160 -.99999999
1.4967860 0.98815310 -.99999999
1.5010010 0.99403452 -.99999999
1.5052130 0.99176200 -.99999999
1.5094210 0.99287010 -.99999999
1.5136250 0.98982232 -.99999999
1.5178254 0.99348560 -.99999999
1.5220222 0.99182373 -.99999999
1.5262150 0.99209810 -.99999999
1.5304040 0.99237450 -.99999999
1.5345882 0.98995763 -.99999999
1.5387690 0.99099360 -.99999999
1.5429450 0.99459093 -.99999999
1.5471170 0.99138250 -.99999999
1.5512841 0.99511682 -.99999999
1.5554472 0.99481950 -.99999999
1.5596060 0.99404750 -.99999999
1.5637594 0.99347323 -.99999999
1.5679090 0.99449282 -.99999999
1.5720530 1.00072300 -.99999999
1.5761930 1.00129000 -.99999999
1.5803272 0.99218600 -.99999999
1.5844570 0.99360210 -.99999999
1.5885820 0.99703000 -.99999999
1.5927014 0.99765210 -.99999999
1.5968160 0.99521010 -.99999999
1.6009252 1.00109100 -.99999999
1.6050292 0.99608670 -.99999999
1.6091280 0.99818590 -.99999999
1.6132212 0.99021150 -.99999999
1.6173090 0.99377420 -.99999999
1.6213920 0.99512892 -.99999999
1.6254682 0.99878340 -.99999999
1.6295393 0.99577210 -.99999999
1.6336050 1.00168900 -.99999999
1.6376650 0.99857044 -.99999999
1.6417190 1.00014100 -.99999999
1.6457670 0.99426394 -.99999999
1.6498090 0.99656900 -.99999999
1.6538450 0.99947303 -.99999999
1.6578751 1.00436100 -.99999999
1.6618993 1.00061110 -.99999999
1.6659173 1.00180800 -.99999999
1.6699292 0.99960110 -.99999999
1.6739350 0.99897520 -.99999999
1.6779342 0.99798680 -.99999999
1.6819274 1.00219020 -.99999999
1.6859141 0.99865780 -.99999999
1.6898950 0.99910080 -.99999999
1.6938690 1.00002140 -.99999999
1.6978360 1.00174300 -.99999999
1.7017970 0.99825614 -.99999999
1.7057511 1.01014320 -.99999999
1.7096990 1.01151200 -.99999999
1.7136400 1.00774710 -.99999999
1.7175743 1.00158500 -.99999999
1.7215020 1.00517210 -.99999999
1.7254230 1.00296700 -.99999999
1.7293370 1.00632910 -.99999999
1.7332440 1.00772630 -.99999999
1.7371443 1.00396200 -.99999999
1.7410380 1.00018320 -.99999999
1.7449241 1.00287300 -.99999999
1.7488040 1.00531540 -.99999999
1.7526761 1.00573120 -.99999999
1.7565414 1.01382120 -.99999999
1.7604000 0.99353410 -.99999999
1.7642510 1.00417800 -.99999999
1.7680950 1.00769200 -.99999999
1.7719320 1.00574800 -.99999999
1.7757620 1.00420100 -.99999999
1.7795840 1.01188540 -.99999999
1.7833992 1.00799840 -.99999999
1.7872071 1.01087120 -.99999999
1.7910080 1.01055510 -.99999999
1.7948010 1.00660600 -.99999999
1.7985870 1.01115100 -.99999999
1.8023654 1.01569120 -.99999999
1.8061364 1.02043040 -.99999999
1.8099002 1.01367400 -.99999999
1.8136564 1.01465420 -.99999999
1.8174053 1.01223900 -.99999999
1.8211470 1.02159420 -.99999999
1.8248804 1.01816520 -.99999999
1.8286070 1.01683200 -.99999999
1.8323254 1.02211900 -.99999999
1.8360370 1.02862700 -.99999999
1.8397403 1.04786500 -.99999999
1.8434364 1.04668000 -.99999999
1.8471250 1.01232630 -.99999999
1.8508060 1.01780100 -.99999999
1.8544790 1.01969200 -.99999999
1.8581450 1.04506000 -.99999999
1.8618030 1.03899640 -.99999999
1.8654531 1.01710800 -.99999999
1.8690960 1.02208700 -.99999999
1.8727310 1.01750500 -.99999999
1.8763582 1.07418300 -.99999999
1.8799780 1.07330010 -.99999999
1.8835900 0.98197811 -.99999999
1.8871943 0.98957190 -.99999999
1.8907910 1.02034500 -.99999999
1.8943800 1.05074300 -.99999999
1.8979612 1.04417510 -.99999999
1.9015350 1.03816040 -.99999999
1.9051010 1.05170600 -.99999999
1.9086590 1.04700300 -.99999999
1.9122093 1.03460400 -.99999999
1.9157521 1.01508000 -.99999999
1.9192873 1.04149230 -.99999999
1.9228150 1.02860900 -.99999999
1.9263350 1.01954230 -.99999999
1.9298470 1.02694320 -.99999999
1.9333510 1.04471830 -.99999999
1.9368480 1.02833800 -.99999999
1.9403370 1.01895100 -.99999999
1.9438180 1.02845800 -.99999999
1.9472920 1.03216240 -.99999999
1.9507580 1.03141110 -.99999999
1.9542170 1.02515700 -.99999999
1.9576674 1.03851810 -.99999999
1.9611110 1.04200400 -.99999999
1.9645470 1.03157700 -.99999999
1.9679750 1.02305300 -.99999999
1.9713952 1.01897900 -.99999999
1.9748083 1.02177400 -.99999999
1.9782140 1.02734000 -.99999999
1.9816120 1.02409700 -.99999999
1.9850023 1.03017800 -.99999999
1.9883854 1.03030100 -.99999999
1.9917610 1.03192900 -.99999999
1.9951292 1.03185300 -.99999999
1.9984900 1.03250800 -.99999999
2.0018432 1.04324710 -.99999999
2.0051891 1.06182320 -.99999999
2.0085280 1.05300000 -.99999999
2.0118591 1.01935700 -.99999999
2.0151832 1.01292400 -.99999999
2.0185000 1.02137400 -.99999999
2.0218100 1.03257730 -.99999999
2.0251120 1.02630800 -.99999999
2.0284070 1.01991900 -.99999999
2.0316950 1.02993100 -.99999999
2.0349760 1.03335400 -.99999999
2.0382492 1.03325600 -.99999999
2.0415160 1.03291010 -.99999999
2.0447754 1.03249200 -.99999999
2.0480280 1.03416900 -.99999999
2.0512740 1.03955100 -.99999999
2.0545122 1.04503510 -.99999999
2.0577440 1.04291830 -.99999999
2.0609690 1.03864500 -.99999999
2.0641870 1.02919220 -.99999999
2.0673980 1.03626400 -.99999999
2.0706030 1.04153840 -.99999999
2.0738003 1.04334200 -.99999999
2.0769920 1.03761110 -.99999999
2.0801760 1.03178230 -.99999999
2.0833540 1.03504820 -.99999999
2.0865250 1.00883400 -.99999999
2.0896900 1.05285900 -.99999999
2.0928480 1.04245930 -.99999999
2.0960000 1.04134600 -.99999999
2.0991454 1.04253440 -.99999999
2.1022850 1.04362720 -.99999999
2.1054174 1.04483620 -.99999999
2.1085443 1.04877710 -.99999999
2.1116650 1.04712930 -.99999999
2.1147790 1.04752500 -.99999999
2.1178872 1.04793710 -.99999999
2.1209893 1.04410510 -.99999999
2.1240860 1.04823500 -.99999999
2.1271760 1.04733100 -.99999999
2.1302602 1.04538900 -.99999999
2.1333390 1.05055200 -.99999999
2.1364120 1.05165200 -.99999999
2.1394790 1.04917500 -.99999999
2.1425400 1.05226100 -.99999999
2.1455960 1.04882600 -.99999999
2.1486461 1.05011100 -.99999999
2.1516910 1.04494110 -.99999999
2.1547300 1.04325440 -.99999999
2.1577640 1.04670700 -.99999999
2.1607930 1.05016300 -.99999999
2.1638160 1.04994100 -.99999999
2.1668341 1.05090520 -.99999999
2.1698472 1.05044700 -.99999999
2.1728553 1.04966910 -.99999999
2.1758582 1.05214820 -.99999999
2.1788563 1.05228920 -.99999999
2.1818500 1.05325700 -.99999999
2.1848382 1.05630000 -.99999999
2.1878220 1.05421900 -.99999999
2.1908010 1.05443500 -.99999999
2.1937754 1.05144520 -.99999999
2.1967453 1.05531030 -.99999999
2.1997110 1.05749500 -.99999999
2.2026722 1.05374830 -.99999999
2.2056291 1.05674000 -.99999999
2.2085820 1.05433700 -.99999999
2.2115302 1.05462400 -.99999999
2.2144750 1.05827730 -.99999999
2.2174150 1.05587700 -.99999999
2.2203514 1.05547000 -.99999999
2.2232842 1.05720500 -.99999999
2.2262130 1.05876600 -.99999999
2.2291383 1.05970000 -.99999999
2.2320600 1.05687700 -.99999999
2.2349780 1.05568510 -.99999999
2.2378930 1.05517910 -.99999999
2.2408040 1.05964100 -.99999999
2.2437120 1.06192400 -.99999999
2.2466170 1.06475440 -.99999999
2.2495183 1.05817500 -.99999999
2.2524170 1.06088410 -.99999999
2.2553130 1.06856500 -.99999999
2.2582060 1.13695710 -.99999999
2.2610960 1.14327530 -.99999999
2.2639832 1.06954200 -.99999999
2.2668681 1.06015600 -.99999999
2.2697503 1.06533130 -.99999999
2.2726304 1.06157000 -.99999999
2.2755080 1.06341100 -.99999999
2.2783834 1.06695330 -.99999999
2.2812570 1.06464310 -.99999999
2.2841280 1.06387940 -.99999999
2.2869973 1.06258100 -.99999999
2.2898650 1.06426200 -.99999999
2.2927310 1.06404200 -.99999999
2.2955950 1.06056610 -.99999999
2.2984573 1.06741300 -.99999999
2.3013184 1.06943420 -.99999999
2.3041782 1.05960200 -.99999999
2.3070370 1.05963900 -.99999999
2.3098940 1.06769900 -.99999999
2.3127510 1.07432210 -.99999999
2.3156060 1.07165710 -.99999999
2.3184604 1.06170630 -.99999999
2.3213143 1.07146600 -.99999999
2.3241674 1.07494130 -.99999999
2.3270201 1.07025340 -.99999999
2.3298723 1.06983800 -.99999999
2.3327243 1.06734600 -.99999999
2.3355760 1.06649500 -.99999999
2.3384280 1.05185740 -.99999999
2.3412800 1.04848100 -.99999999
2.3441312 1.01412410 -.99999999
2.3469834 1.01300020 -.99999999
2.3498360 1.12968500 -.99999999
2.3526890 1.01476310 -.99999999
2.3555421 0.98096114 -.99999999
2.3583962 1.00752600 -.99999999
2.3612513 1.03907520 -.99999999
2.3641073 1.06782820 -.99999999
2.3669643 1.06975530 -.99999999
2.3698230 1.06584800 -.99999999
2.3726820 1.06509140 -.99999999
2.3755430 1.07384330 -.99999999
2.3784050 1.07539930 -.99999999
2.3812690 1.07722200 -.99999999
2.3841350 1.07561420 -.99999999
2.3870024 1.07463800 -.99999999
2.3898720 1.07377110 -.99999999
2.3927440 1.07734640 -.99999999
2.3956180 1.05348030 -.99999999
2.3984944 1.05953500 -.99999999
2.4013733 1.06507900 -.99999999
2.4042551 1.07925220 -.99999999
2.4071400 1.07424310 -.99999999
2.4100270 1.08049920 -.99999999
2.4129171 1.08244000 -.99999999
2.4158110 1.07568000 -.99999999
2.4187073 1.06223900 -.99999999
2.4216074 1.06523100 -.99999999
2.4245114 1.05906720 -.99999999
2.4274190 1.02979940 -.99999999
2.4303300 0.99347030 -.99999999
2.4332454 0.99046490 -.99999999
2.4361650 1.04341820 -.99999999
2.4390883 0.98946082 -.99999999
2.4420161 1.04704210 -.99999999
2.4449490 1.06500200 -.99999999
2.4478860 1.04784300 -.99999999
2.4508280 1.06258100 -.99999999
2.4537744 1.06496220 -.99999999
2.4567270 1.07167600 -.99999999
2.4596840 1.08499010 -.99999999
2.4626460 1.08068410 -.99999999
2.4656140 1.07674200 -.99999999
2.4685880 1.08546100 -.99999999
2.4715671 1.08182830 -.99999999
2.4745530 1.06781400 -.99999999
2.4775440 1.07568100 -.99999999
2.4805420 1.07402500 -.99999999
2.4835460 1.09542300 -.99999999
2.4865570 1.08244600 -.99999999
2.4895740 1.07635800 -.99999999
2.4925980 1.07952240 -.99999999
2.4956290 1.07789100 -.99999999
2.4986672 1.06343900 -.99999999
2.5017130 1.06088140 -.99999999
