    0.4350    0.7699    0.0509    1.0000
    0.4375    0.8132    0.0458    1.0000
    0.4400    0.7944    0.0406    1.0000
    0.4425    0.8466    0.0362    1.0000
    0.4450    0.8277    0.0300    1.0000
    0.4475    0.8556    0.0269    1.0000
    0.4500    0.8635    0.0239    1.0000
    0.4525    0.8586    0.0214    1.0000
    0.4550    0.8530    0.0200    1.0000
    0.4575    0.8403    0.0187    1.0000
    0.4600    0.8686    0.0172    1.0000
    0.4625    0.8858    0.0163    1.0000
    0.4650    0.8680    0.0148    1.0000
    0.4675    0.8583    0.0137    1.0000
    0.4700    0.8942    0.0132    1.0000
    0.4725    0.8806    0.0122    1.0000
    0.4750    0.8959    0.0114    1.0000
    0.4775    0.8993    0.0105    1.0000
    0.4800    0.8853    0.0097    1.0000
    0.4825    0.8950    0.0092    1.0000
    0.4850    0.9047    0.0087    1.0000
    0.4875    0.9135    0.0084    1.0000
    0.4900    0.9057    0.0082    1.0000
    0.4925    0.9255    0.0083    1.0000
    0.4950    0.9111    0.0075    1.0000
    0.4975    0.9239    0.0072    1.0000
    0.5000    0.9224    0.0068    1.0000
    0.5025    0.9239    0.0065    1.0000
    0.5050    0.9332    0.0063    1.0000
    0.5075    0.9375    0.0063    1.0000
    0.5100    0.9392    0.0061    1.0000
    0.5125    0.9399    0.0059    1.0000
    0.5150    0.9496    0.0058    1.0000
    0.5175    0.9489    0.0057    1.0000
    0.5200    0.9556    0.0056    1.0000
    0.5225    0.9656    0.0057    1.0000
    0.5250    0.9770    0.0057    1.0000
    0.5275    0.9655    0.0053    1.0000
    0.5300    0.9745    0.0050    1.0000
    0.5325    0.9776    0.0049    1.0000
    0.5350    0.9867    0.0047    1.0000
    0.5375    0.9761    0.0044    1.0000
    0.5400    0.9871    0.0043    1.0000
    0.5425    0.9894    0.0041    1.0000
    0.5450    0.9990    0.0040    1.0000
    0.5475    1.0013    0.0040    1.0000
    0.5500    1.0061    0.0039    1.0000
    0.5525    1.0094    0.0038    1.0000
    0.5550    1.0166    0.0038    1.0000
    0.5575    1.0133    0.0037    1.0000
    0.5600    1.0227    0.0037    1.0000
    0.5625    1.0138    0.0036    1.0000
    0.5650    1.0239    0.0036    1.0000
    0.5675    1.0286    0.0036    1.0000
    0.5700    1.0322    0.0034    1.0000
    0.5725    1.0369    0.0033    1.0000
    0.5750    1.0402    0.0033    1.0000
    0.5775    1.0389    0.0033    1.0000
    0.5800    1.0362    0.0032    1.0000
    0.5825    1.0412    0.0032    1.0000
    0.5850    1.0495    0.0033    1.0000
    0.5875    1.0485    0.0032    1.0000
    0.5900    1.0438    0.0032    1.0000
    0.5925    1.0449    0.0032    1.0000
    0.5950    1.0648    0.0033    1.0000
    0.5975    1.0570    0.0033    1.0000
    0.6050    1.0531    0.0031    1.0000
    0.6075    1.0633    0.0031    1.0000
    0.6100    1.0638    0.0030    1.0000
    0.6125    1.0667    0.0029    1.0000
    0.6150    1.0752    0.0029    1.0000
    0.6175    1.0773    0.0029    1.0000
    0.6200    1.0833    0.0028    1.0000
    0.6225    1.0831    0.0028    1.0000
    0.6250    1.0834    0.0027    1.0000
    0.6275    1.0833    0.0027    1.0000
    0.6300    1.0912    0.0027    1.0000
    0.6325    1.1032    0.0027    1.0000
    0.6350    1.1045    0.0027    1.0000
    0.6375    1.0985    0.0027    1.0000
    0.6400    1.1004    0.0027    1.0000
    0.6425    1.1030    0.0027    1.0000
    0.6450    1.1124    0.0027    1.0000
    0.6475    1.1157    0.0027    1.0000
    0.6500    1.1141    0.0027    1.0000
    0.6525    1.1153    0.0027    1.0000
    0.6550    1.1147    0.0027    1.0000
    0.6575    1.1127    0.0026    1.0000
    0.6600    1.1220    0.0026    1.0000
    0.6625    1.1280    0.0027    1.0000
    0.6650    1.1211    0.0026    1.0000
    0.6675    1.1278    0.0025    1.0000
    0.6700    1.1367    0.0025    1.0000
    0.6725    1.1372    0.0025    1.0000
    0.6750    1.1460    0.0025    1.0000
    0.6775    1.1469    0.0024    1.0000
    0.6800    1.1480    0.0024    1.0000
    0.6825    1.1497    0.0024    1.0000
    0.6850    1.1547    0.0024    1.0000
    0.6875    1.1606    0.0025    1.0000
    0.6900    1.1623    0.0026    1.0000
    0.6925    1.1662    0.0027    1.0000
    0.6950    1.1477    0.0026    1.0000
    0.6975    1.1503    0.0026    1.0000
    0.7000    1.1576    0.0026    1.0000
    0.7025    1.1502    0.0026    1.0000
    0.7050    1.1650    0.0027    1.0000
    0.7075    1.1767    0.0027    1.0000
    0.7100    1.1634    0.0027    1.0000
    0.7125    1.1702    0.0027    1.0000
    0.7150    1.1857    0.0027    1.0000
    0.7175    1.1840    0.0027    1.0000
    0.7400    1.1902    0.0028    1.0000
    0.7425    1.2125    0.0029    1.0000
    0.7450    1.2072    0.0028    1.0000
    0.7475    1.1956    0.0028    1.0000
    0.7500    1.2146    0.0029    1.0000
    0.7525    1.2172    0.0029    1.0000
    0.7550    1.2092    0.0029    1.0000
    0.7575    1.1921    0.0028    1.0000
    0.7600    1.2185    0.0031    1.0000
    0.7725    1.2028    0.0030    1.0000
    0.7750    1.2091    0.0031    1.0000
    0.7775    1.1942    0.0031    1.0000
    0.7800    1.1961    0.0031    1.0000
    0.7825    1.1974    0.0032    1.0000
    0.7850    1.1968    0.0046    1.0000
    0.7875    1.1923    0.0046    1.0000
    0.7900    1.1977    0.0033    1.0000
    0.7925    1.1756    0.0033    1.0000
    0.7950    1.1829    0.0033    1.0000
    0.7975    1.1737    0.0033    1.0000
    0.8000    1.1648    0.0033    1.0000
    0.8025    1.1483    0.0033    1.0000
    0.8050    1.1561    0.0033    1.0000
    0.8075    1.1542    0.0033    1.0000
    0.8100    1.1495    0.0034    1.0000
    0.8125    1.1257    0.0033    1.0000
    0.8300    1.0919    0.0035    1.0000
    0.8325    1.1030    0.0036    1.0000
    0.8350    1.0942    0.0036    1.0000
    0.8375    1.0987    0.0036    1.0000
    0.8400    1.0887    0.0036    1.0000
    0.8425    1.0807    0.0036    1.0000
    0.8450    1.0747    0.0036    1.0000
    0.8475    1.0876    0.0037    1.0000
    0.8500    1.0744    0.0036    1.0000
    0.8525    1.0830    0.0037    1.0000
    0.8550    1.0492    0.0036    1.0000
    0.8575    1.0549    0.0036    1.0000
    0.8600    1.0621    0.0037    1.0000
    0.8625    1.0595    0.0038    1.0000
    0.8650    1.0694    0.0040    1.0000
    0.8675    1.0359    0.0038    1.0000
    0.8700    1.0514    0.0038    1.0000
    0.8725    1.0477    0.0040    1.0000
    0.8750    1.0333    0.0041    1.0000
    0.8775    1.0370    0.0042    1.0000
    0.8800    1.0483    0.0043    1.0000
    0.8825    1.0306    0.0043    1.0000
    0.8850    1.0327    0.0044    1.0000
    0.8875    1.0295    0.0045    1.0000
    0.8900    1.0261    0.0046    1.0000
    0.8925    1.0212    0.0047    1.0000
    0.8950    1.0009    0.0048    1.0000
    0.8975    0.9892    0.0049    1.0000
    0.9000    0.9950    0.0050    1.0000
    0.9025    0.9955    0.0049    1.0000
    0.9050    1.0089    0.0050    1.0000
    0.9075    1.0014    0.0052    1.0000
    0.9100    0.9980    0.0053    1.0000
    0.9125    0.9876    0.0053    1.0000
    0.9150    0.9903    0.0055    1.0000
    0.9175    0.9901    0.0055    1.0000
    0.9200    1.0176    0.0058    1.0000
    0.9225    1.0226    0.0060    1.0000
    0.9250    1.0144    0.0062    1.0000

    0.7800   -1.0000   -1.0000    0.0000
    0.7850   -1.0000   -1.0000    0.0000
    0.7900   -1.0000   -1.0000    0.0000
    0.7950   -1.0000   -1.0000    0.0000
    0.8000   -1.0000   -1.0000    0.0000
    0.8050   -1.0000   -1.0000    0.0000
    0.8100   -1.0000   -1.0000    0.0000
    0.8150   -1.0000   -1.0000    0.0000
    0.8200   -1.0000   -1.0000    0.0000
    0.8250   -1.0000   -1.0000    0.0000
    0.8300   -1.0000   -1.0000    0.0000
    0.8350   -1.0000   -1.0000    0.0000
    0.8400    1.0869    0.0093    5.0000
    0.8450    1.0793    0.0092    5.0000
    0.8500    1.0720    0.0091    5.0000
    0.8550    1.0681    0.0091    5.0000
    0.8600    1.0637    0.0090    5.0000
    0.8650    1.0561    0.0088    5.0000
    0.8700    1.0496    0.0087    5.0000
    0.8750    1.0469    0.0086    5.0000
    0.8800    1.0399    0.0084    5.0000
    0.8850    1.0351    0.0082    5.0000
    0.8900    1.0314    0.0081    5.0000
    0.8950    1.0258    0.0080    5.0000
    0.9000    1.0232    0.0080    5.0000
    0.9050    1.0208    0.0079    5.0000
    0.9100    1.0229    0.0079    5.0000
    0.9150    1.0240    0.0100    2.0000
    0.9200    1.0147    0.0077    5.0000
    0.9250    1.0202    0.0077    5.0000
    0.9300    1.0184    0.0077    5.0000
    0.9350    1.0176    0.0078    3.0000
    0.9400    1.0176    0.0083    4.0000
    0.9450    1.0265    0.0081    5.0000
    0.9500    1.0336    0.0081    5.0000
    0.9550    1.0383    0.0079    5.0000
    0.9600    1.0419    0.0078    5.0000
    0.9650    1.0446    0.0076    5.0000
    0.9700    1.0506    0.0073    5.0000
    0.9750    1.0568    0.0072    5.0000
    0.9800    1.0625    0.0071    5.0000
    0.9850    1.0658    0.0070    5.0000
    0.9900    1.0744    0.0070    5.0000
    0.9950    1.0792    0.0069    5.0000
    1.0000    1.0871    0.0068    5.0000
    1.0050    1.0928    0.0068    5.0000
    1.0100    1.0987    0.0068    5.0000
    1.0150    1.1039    0.0068    5.0000
    1.0200    1.1109    0.0068    5.0000
    1.0250    1.1122    0.0067    5.0000
    1.0300    1.1185    0.0067    5.0000
    1.0350    1.1224    0.0067    5.0000
    1.0400    1.1273    0.0067    5.0000
    1.0450    1.1301    0.0067    5.0000
    1.0500    1.1333    0.0066    5.0000
    1.0550    1.1382    0.0066    5.0000
    1.0600    1.1442    0.0066    5.0000
    1.0650    1.1451    0.0065    5.0000
    1.0700    1.1529    0.0066    5.0000
    1.0750    1.1585    0.0066    5.0000
    1.0800    1.1597    0.0065    5.0000
    1.0850    1.1654    0.0065    5.0000
    1.0900    1.1689    0.0065    5.0000
    1.0950    1.1713    0.0065    5.0000
    1.1000    1.1755    0.0065    5.0000
    1.1050    1.1773    0.0065    5.0000
    1.1100    1.1792    0.0065    5.0000
    1.1150    1.1824    0.0066    5.0000
    1.1200    1.1780    0.0061    4.0000
    1.1250    1.1871    0.0070    5.0000
    1.1300    1.1941    0.0072    5.0000
    1.1350    1.2007    0.0073    5.0000
    1.1400    1.2090    0.0072    5.0000
    1.1450    1.2068    0.0071    5.0000
    1.1500    1.2057    0.0069    5.0000
    1.1550    1.2102    0.0067    5.0000
    1.1600    1.2163    0.0066    5.0000
    1.1650    1.2164    0.0064    5.0000
    1.1700    1.2182    0.0063    5.0000
    1.1750    1.2207    0.0063    5.0000
    1.1800    1.2172    0.0062    5.0000
    1.1850    1.2176    0.0062    5.0000
    1.1900    1.2237    0.0062    5.0000
    1.1950    1.2248    0.0062    5.0000
    1.2000    1.2239    0.0062    5.0000
    1.2050    1.2248    0.0062    5.0000
    1.2100    1.2255    0.0062    5.0000
    1.2150    1.2308    0.0062    5.0000
    1.2200    1.2295    0.0061    5.0000
    1.2250    1.2328    0.0061    5.0000
    1.2300    1.2318    0.0061    5.0000
    1.2350    1.2336    0.0061    5.0000
    1.2400    1.2372    0.0061    5.0000
    1.2450    1.2336    0.0061    5.0000
    1.2500    1.2405    0.0061    5.0000
    1.2550    1.2440    0.0062    5.0000
    1.2600    1.2441    0.0063    5.0000
    1.2650    1.2424    0.0064    5.0000
    1.2700    1.2486    0.0064    5.0000
    1.2750    1.2557    0.0064    5.0000
    1.2800    1.2524    0.0064    5.0000
    1.2850    1.2528    0.0063    5.0000
    1.2900    1.2547    0.0063    5.0000
    1.2950    1.2534    0.0062    5.0000
    1.3000    1.2564    0.0062    5.0000
    1.3050    1.2585    0.0063    5.0000
    1.3100    1.2588    0.0064    5.0000
    1.3150    1.2623    0.0065    5.0000
    1.3200    1.2613    0.0065    5.0000
    1.3250    1.2668    0.0066    5.0000
    1.3300    1.2685    0.0066    5.0000
    1.3350    1.2805    0.0068    5.0000
    1.3400    1.2921    0.0074    4.0000
    1.3450    1.2884    0.0071    3.0000
    1.3500    1.2599    0.0095    2.0000
    1.3550   -1.0000   -1.0000    0.0000
    1.3600    1.2861    0.0194    1.0000
    1.3650   -1.0000   -1.0000    0.0000
    1.3700    1.3095    0.0239    1.0000
    1.3750    1.2966    0.0075    1.0000
    1.3800    1.2852    0.0155    3.0000
    1.3850    1.2762    0.0156    3.0000
    1.3900   -1.0000   -1.0000    0.0000
    1.3950    1.2868    0.0102    4.0000
    1.4000    1.2871    0.0119    5.0000
    1.4050    1.2955    0.0114    5.0000
    1.4100    1.3250    0.0159    1.0000
    1.4150    1.2861    0.0132    2.0000
    1.4200    1.3295    0.0137    1.0000
    1.4250    1.3140    0.0049    1.0000
    1.4300    1.2989    0.0091    5.0000
    1.4350    1.3020    0.0089    5.0000
    1.4400    1.3050    0.0088    5.0000
    1.4450    1.3023    0.0085    5.0000
    1.4500    1.3104    0.0083    5.0000
    1.4550    1.3350    0.0112    1.0000
    1.4600    1.3232    0.0044    1.0000
    1.4650    1.3065    0.0080    5.0000
    1.4700    1.3089    0.0081    5.0000
    1.4750    1.3103    0.0081    5.0000
    1.4800    1.3077    0.0080    5.0000
    1.4850    1.3122    0.0078    5.0000
    1.4900    1.3133    0.0077    5.0000
    1.4950    1.3118    0.0076    5.0000
    1.5000    1.3092    0.0075    5.0000
    1.5050    1.3114    0.0075    5.0000
    1.5100    1.3128    0.0075    5.0000
    1.5150    1.3107    0.0075    5.0000
    1.5200    1.3140    0.0075    5.0000
    1.5250    1.3135    0.0075    5.0000
    1.5300    1.3113    0.0075    5.0000
    1.5350    1.3138    0.0076    5.0000
    1.5400    1.3146    0.0076    5.0000
    1.5450    1.3126    0.0076    5.0000
    1.5500    1.3135    0.0076    5.0000
    1.5550    1.3105    0.0076    5.0000
    1.5600    1.3132    0.0078    5.0000
    1.5650    1.3104    0.0079    5.0000
    1.5700    1.3082    0.0079    5.0000
    1.5750    1.3087    0.0081    5.0000
    1.5800    1.3081    0.0081    5.0000
    1.5850    1.3101    0.0081    5.0000
    1.5900    1.3085    0.0081    5.0000
    1.5950    1.3085    0.0082    5.0000
    1.6000    1.3045    0.0082    5.0000
    1.6050    1.3021    0.0082    5.0000
    1.6100    1.3013    0.0083    5.0000
    1.6150    1.2988    0.0082    5.0000
    1.6200    1.2949    0.0081    5.0000
    1.6250    1.2969    0.0081    5.0000
    1.6300    1.2951    0.0082    5.0000
    1.6350    1.2913    0.0082    5.0000
    1.6400    1.2935    0.0084    5.0000
    1.6450    1.2888    0.0084    5.0000
    1.6500    1.2859    0.0084    5.0000
    1.6550    1.2836    0.0084    5.0000
    1.6600    1.2800    0.0084    5.0000
    1.6650    1.2790    0.0084    5.0000
    1.6700    1.2796    0.0085    5.0000
    1.6750    1.2754    0.0086    5.0000
    1.6800    1.2745    0.0086    5.0000
    1.6850    1.2708    0.0086    5.0000
    1.6900    1.2718    0.0086    5.0000
    1.6950    1.2683    0.0086    5.0000
    1.7000    1.2655    0.0087    5.0000
    1.7050    1.2609    0.0088    5.0000
    1.7100    1.2554    0.0088    5.0000
    1.7150    1.2580    0.0088    5.0000
    1.7200    1.2584    0.0089    5.0000
    1.7250    1.2576    0.0090    5.0000
    1.7300    1.2558    0.0091    5.0000
    1.7350    1.2560    0.0092    5.0000
    1.7400    1.2542    0.0093    5.0000
    1.7450    1.2516    0.0093    5.0000
    1.7500    1.2494    0.0093    5.0000
    1.7550    1.2464    0.0094    5.0000
    1.7600    1.2411    0.0094    5.0000
    1.7650    1.2430    0.0095    5.0000
    1.7700    1.2405    0.0097    5.0000
    1.7750    1.2405    0.0098    5.0000
    1.7800    1.2390    0.0099    5.0000
    1.7850    1.2386    0.0100    5.0000
    1.7900    1.2425    0.0102    5.0000
    1.7950    1.2426    0.0107    5.0000
    1.8000    1.2344    0.0111    5.0000
    1.8050    1.2363    0.0119    5.0000
    1.8100    1.2236    0.0137    4.0000
    1.8150    1.2376    0.0136    5.0000
    1.8200    1.2286    0.0145    5.0000
    1.8250    1.2194    0.0185    3.0000
    1.8300    1.2302    0.0211    2.0000
    1.8350    1.2266    0.0230    3.0000
    1.8400    1.2376    0.0145    1.0000
    1.8450    1.2165    0.0320    3.0000
    1.8500    1.2366    0.0172    2.0000
    1.8550    1.2247    0.0208    4.0000
    1.8600    1.2264    0.0308    2.0000
    1.8650   -1.0000   -1.0000    0.0000
    1.8700    1.2196    0.0198    3.0000
    1.8750   -1.0000   -1.0000    0.0000
    1.8800    1.2099    0.0335    3.0000
    1.8850   -1.0000   -1.0000    0.0000
    1.8900    1.2444    0.0106    1.0000
    1.8950    1.2087    0.0157    1.0000
    1.9000    1.2150    0.0185    4.0000
    1.9050    1.2285    0.0281    2.0000
    1.9100    1.2096    0.0281    4.0000
    1.9150    1.2202    0.0193    4.0000
    1.9200    1.2074    0.0236    4.0000
    1.9250    1.2256    0.0166    3.0000
    1.9300    1.2212    0.0182    5.0000
    1.9350    1.2108    0.0187    4.0000
    1.9400    1.2059    0.0154    3.0000
    1.9450    1.2200    0.0162    5.0000
    1.9500    1.2135    0.0179    4.0000
    1.9550    1.2224    0.0177    4.0000
    1.9600    1.2345    0.0188    2.0000
    1.9650    1.2230    0.0177    4.0000
    1.9700    1.2238    0.0165    4.0000
    1.9750    1.2171    0.0144    5.0000
    1.9800    1.2157    0.0134    5.0000
    1.9850    1.2155    0.0129    5.0000
    1.9900    1.2158    0.0128    5.0000
    1.9950    1.2245    0.0133    5.0000
    2.0000    1.2176    0.0151    5.0000
    2.0050   -1.0000   -1.0000    0.0000
    2.0100    1.2349    0.0114    1.0000
    2.0150    1.2271    0.0189    3.0000
    2.0200    1.2324    0.0220    3.0000
    2.0250    1.2304    0.0172    5.0000
    2.0300    1.2318    0.0151    5.0000
    2.0350    1.2279    0.0139    5.0000
    2.0400    1.2265    0.0136    5.0000
    2.0450    1.2281    0.0138    5.0000
    2.0500    1.2261    0.0146    5.0000
    2.0550   -1.0000   -1.0000    0.0000
    2.0600    1.2252    0.0162    5.0000
    2.0650    1.2332    0.0164    5.0000
    2.0700    1.2354    0.0167    4.0000
    2.0750    1.2311    0.0157    5.0000
    2.0800    1.2385    0.0151    5.0000
    2.0850    1.2364    0.0146    5.0000
    2.0900    1.2367    0.0145    5.0000
    2.0950    1.2380    0.0145    5.0000
    2.1000    1.2394    0.0144    5.0000
    2.1050    1.2414    0.0145    5.0000
    2.1100    1.2423    0.0146    5.0000
    2.1150    1.2451    0.0147    5.0000
    2.1200    1.2458    0.0148    5.0000
    2.1250    1.2474    0.0149    5.0000
    2.1300    1.2477    0.0149    5.0000
    2.1350    1.2488    0.0150    5.0000
    2.1400    1.2508    0.0151    5.0000
    2.1450    1.2521    0.0153    5.0000
    2.1500    1.2545    0.0154    5.0000
    2.1550    1.2586    0.0156    5.0000
    2.1600    1.2606    0.0159    5.0000
    2.1650    1.2590    0.0162    5.0000
    2.1700    1.2624    0.0163    5.0000
    2.1750    1.2636    0.0163    5.0000
    2.1800    1.2611    0.0162    5.0000
    2.1850    1.2607    0.0162    5.0000
    2.1900    1.2641    0.0164    5.0000
    2.1950    1.2669    0.0166    5.0000
    2.2000    1.2647    0.0169    5.0000
    2.2050    1.2658    0.0171    5.0000
    2.2100    1.2665    0.0170    5.0000
    2.2150    1.2688    0.0170    5.0000
    2.2200    1.2676    0.0170    5.0000
    2.2250    1.2675    0.0173    5.0000
    2.2300    1.2695    0.0174    5.0000
    2.2350    1.2743    0.0176    5.0000
    2.2400    1.2738    0.0179    5.0000
    2.2450    1.2763    0.0181    5.0000
    2.2500    1.2765    0.0183    5.0000
    2.2550    1.2802    0.0187    5.0000
    2.2600    1.2790    0.0189    5.0000
    2.2650    1.2810    0.0190    5.0000
    2.2700    1.2825    0.0193    5.0000
    2.2750    1.2844    0.0195    5.0000
    2.2800    1.2806    0.0195    5.0000
    2.2850    1.2870    0.0198    5.0000
    2.2900    1.2828    0.0200    5.0000
    2.2950    1.2820    0.0204    5.0000
    2.3000    1.2819    0.0205    5.0000
    2.3050    1.2881    0.0204    5.0000
    2.3100    1.2918    0.0206    5.0000
    2.3150    1.2839    0.0271    2.0000
    2.3200    1.2895    0.0214    5.0000
    2.3250    1.2895    0.0211    5.0000
    2.3300    1.2931    0.0213    5.0000
    2.3350    1.2927    0.0217    5.0000
    2.3400    1.2963    0.0223    5.0000
    2.3450    1.2919    0.0226    5.0000
    2.3500    1.2883    0.0228    5.0000
    2.3550    1.2965    0.0227    5.0000
    2.3600    1.3023    0.0229    5.0000
    2.3650    1.3055    0.0259    3.0000
    2.3700    1.2956    0.0240    5.0000
    2.3750    1.2968    0.0238    5.0000
    2.3800    1.2939    0.0238    5.0000
    2.3850    1.2986    0.0242    5.0000
    2.3900    1.3007    0.0241    5.0000
    2.3950    1.3049    0.0240    5.0000
    2.4000    1.3016    0.0240    5.0000
    2.4050    1.3106    0.0246    5.0000
    2.4100    1.3036    0.0253    5.0000
    2.4150    1.2990    0.0255    5.0000
    2.4200    1.3083    0.0254    5.0000
    2.4250    1.3035    0.0275    4.0000
    2.4300    1.3136    0.0286    3.0000
    2.4350    1.2981    0.0289    4.0000
    2.4400    1.3159    0.0268    5.0000
    2.4450    1.3007    0.0276    5.0000
    2.4500    1.3080    0.0280    5.0000
    2.4550   -1.0000   -1.0000    0.0000
    2.4600   -1.0000   -1.0000    0.0000
    2.4650   -1.0000   -1.0000    0.0000
    2.4700   -1.0000   -1.0000    0.0000
    2.4750   -1.0000   -1.0000    0.0000
    2.4800   -1.0000   -1.0000    0.0000
    2.4850   -1.0000   -1.0000    0.0000
    2.4900   -1.0000   -1.0000    0.0000
