0.7310620 1.02758900 -.99999999
0.7332030 1.02084100 -.99999999
0.7353730 1.02494000 -.99999999
0.7375720 1.01546300 -.99999999
0.7397990 1.02972100 -.99999999
0.7420540 1.02394400 -.99999999
0.7443370 1.03201800 -.99999999
0.7466480 1.01812200 -.99999999
0.7489860 1.02255200 -.99999999
0.7513510 1.00660300 -.99999999
0.7537440 1.01924800 -.99999999
0.7561630 0.99505400 -.99999999
0.7586090 1.01362700 -.99999999
0.7610810 1.00702300 -.99999999
0.7635790 0.97912800 -.99999999
0.7661040 0.98987300 -.99999999
0.7686530 0.97138700 -.99999999
0.7712280 0.97581000 -.99999999
0.7738290 0.98321100 -.99999999
0.7764540 0.95579500 -.99999999
0.7791040 0.94809200 -.99999999
0.7817790 0.92493700 -.99999999
0.7844770 0.93353900 -.99999999
0.7872000 0.90635400 -.99999999
0.7899470 0.91803900 -.99999999
0.7927170 0.89559500 -.99999999
0.7955110 0.89973700 -.99999999
0.7983280 0.92280300 -.99999999
0.8011680 0.90836900 -.99999999
0.8040300 0.85047700 -.99999999
0.8069150 0.84505300 -.99999999
0.8098230 0.82995700 -.99999999
0.8127520 0.82408400 -.99999999
0.8157040 0.81425800 -.99999999
0.8186770 0.80497900 -.99999999
0.8216710 0.78147800 -.99999999
0.8246870 0.77534700 -.99999999
0.8277230 0.75223900 -.99999999
0.8307810 0.74653700 -.99999999
0.8338590 0.73243600 -.99999999
0.8369580 0.73559900 -.99999999
0.8400760 0.71403500 -.99999999
0.8432150 0.70358700 -.99999999
0.8463730 0.69251600 -.99999999
0.8495510 0.69052800 -.99999999
0.8527490 0.67555400 -.99999999
0.8559650 0.67087300 -.99999999
0.8592010 0.65736500 -.99999999
0.8624550 0.64408500 -.99999999
0.8657270 0.63313000 -.99999999
0.8690190 0.63404500 -.99999999
0.8723280 0.61294500 -.99999999
0.8756550 0.61661200 -.99999999
0.8790000 0.60925900 -.99999999
0.8823620 0.60428300 -.99999999
0.8857420 0.58637700 -.99999999
0.8891390 0.58730900 -.99999999
0.8925530 0.57532600 -.99999999
0.8959830 0.58045500 -.99999999
0.8994310 0.57504600 -.99999999
0.9028940 0.57695100 -.99999999
0.9063740 0.56165300 -.99999999
0.9098700 0.56123400 -.99999999
0.9133810 0.56769200 -.99999999
0.9169080 0.56173200 -.99999999
0.9204510 0.55499300 -.99999999
0.9240090 0.56120100 -.99999999
0.9275810 0.55065100 -.99999999
0.9311690 0.55420300 -.99999999
0.9347710 0.55088200 -.99999999
0.9383880 0.55609200 -.99999999
0.9420190 0.55101700 -.99999999
0.9456640 0.55546800 -.99999999
0.9493230 0.55859600 -.99999999
0.9529960 0.56777300 -.99999999
0.9566830 0.57424600 -.99999999
0.9603820 0.58543000 -.99999999
0.9640950 0.59202900 -.99999999
0.9678210 0.59873200 -.99999999
0.9715600 0.60555400 -.99999999
0.9753120 0.62163300 -.99999999
0.9790760 0.63249200 -.99999999
0.9828520 0.64482100 -.99999999
0.9866400 0.65681600 -.99999999
0.9904410 0.68372100 -.99999999
0.9942530 0.69907200 -.99999999
0.9980770 0.71326700 -.99999999
1.0019120 0.73339100 -.99999999
1.0057580 0.75229600 -.99999999
1.0173640 0.89686600 -.99999999
1.0212530 0.84770800 -.99999999
1.0251540 0.87002600 -.99999999
1.0290640 0.88911700 -.99999999
1.0329850 0.90690000 -.99999999
1.0369150 0.93847300 -.99999999
1.0408560 0.95872300 -.99999999
1.0448060 0.98382800 -.99999999
1.0487650 1.00155700 -.99999999
1.0527330 1.02633500 -.99999999
1.0567110 1.03902200 -.99999999
1.0606980 1.05571900 -.99999999
1.0646930 1.06849600 -.99999999
1.0686970 1.07547800 -.99999999
1.0727100 1.09139800 -.99999999
1.0767300 1.10399900 -.99999999
1.0807600 1.11064200 -.99999999
1.0928940 1.13808800 -.99999999
1.0969540 1.12841900 -.99999999
1.1010210 1.14007900 -.99999999
1.1050960 1.15376900 -.99999999
1.1091780 1.14700900 -.99999999
1.1132660 1.16424900 -.99999999
1.1173620 1.16647200 -.99999999
1.1214640 1.16163700 -.99999999
1.1255730 1.17145000 -.99999999
1.1296880 1.17059600 -.99999999
1.1338090 1.17438800 -.99999999
1.1379360 1.18023700 -.99999999
1.1420690 1.17536200 -.99999999
1.1462080 1.18198100 -.99999999
1.1503520 1.22951400 -.99999999
1.1545020 1.22266600 -.99999999
1.1586570 1.17852000 -.99999999
1.1628180 1.19542100 -.99999999
1.1669830 1.20057400 -.99999999
1.1711540 1.23218000 -.99999999
1.1753290 1.22841400 -.99999999
1.1795080 1.23767700 -.99999999
1.1836930 1.25268200 -.99999999
1.1878810 1.24788800 -.99999999
1.1920740 1.24747800 -.99999999
1.1962710 1.24176200 -.99999999
1.2004720 1.25119200 -.99999999
1.2046770 1.25909300 -.99999999
1.2088850 1.27257100 -.99999999
1.2130970 1.27676400 -.99999999
1.2173130 1.28512800 -.99999999
1.2215310 1.28412300 -.99999999
1.2257530 1.29947200 -.99999999
1.2299780 1.30950300 -.99999999
1.2342060 1.32008900 -.99999999
1.2384360 1.31811300 -.99999999
1.2426700 1.32974700 -.99999999
1.2469050 1.34202500 -.99999999
1.2511440 1.36193500 -.99999999
1.2553840 1.35977300 -.99999999
1.2596270 1.36633200 -.99999999
1.2638720 1.37000700 -.99999999
1.2766170 1.42754400 -.99999999
1.2808680 1.38282600 -.99999999
1.2851210 1.39818600 -.99999999
1.2893760 1.40788200 -.99999999
1.2936310 1.42163600 -.99999999
1.2978880 1.43074500 -.99999999
1.3021460 1.43132200 -.99999999
1.3064050 1.44132400 -.99999999
1.3106640 1.44626300 -.99999999
1.3149240 1.44869400 -.99999999
1.3191840 1.46767400 -.99999999
1.3234450 1.47211900 -.99999999
1.3277060 1.48134400 -.99999999
1.3319680 1.47627900 -.99999999
1.3362290 1.48827800 -.99999999
1.3404910 1.48503200 -.99999999
1.3447520 1.48487200 -.99999999
1.3490130 1.48174700 -.99999999
1.3532740 1.47196400 -.99999999
1.3575340 1.45249200 -.99999999
1.3617940 1.42641500 -.99999999
1.3660530 1.43012800 -.99999999
1.3703120 1.44754300 -.99999999
1.3745690 1.43830100 -.99999999
1.3788260 1.45556300 -.99999999
1.3830810 1.45422200 -.99999999
1.3873360 1.46313500 -.99999999
1.3915890 1.44547000 -.99999999
1.3958410 1.44174700 -.99999999
1.4000910 1.44530800 -.99999999
1.4043400 1.42583300 -.99999999
1.4085870 1.43602800 -.99999999
1.4128320 1.44675300 -.99999999
1.4170760 1.43284100 -.99999999
1.4213170 1.44365800 -.99999999
1.4255570 1.42204900 -.99999999
1.4297940 1.42888400 -.99999999
1.4340300 1.45550300 -.99999999
1.4382630 1.45140700 -.99999999
1.4424940 1.42988600 -.99999999
1.4467220 1.41543400 -.99999999
1.4509470 1.41544600 -.99999999
1.4551710 1.44722600 -.99999999
1.4593910 1.40784100 -.99999999
1.4636080 1.40548200 -.99999999
1.4678230 1.39299500 -.99999999
1.4720340 1.38171100 -.99999999
1.4762430 1.37974500 -.99999999
1.4804480 1.35105300 -.99999999
1.4846510 1.36604800 -.99999999
1.4888500 1.36385900 -.99999999
1.4930450 1.35726300 -.99999999
1.4972370 1.33292800 -.99999999
1.5014260 1.33511600 -.99999999
1.5056110 1.32467600 -.99999999
1.5223130 1.30212000 -.99999999
1.5264780 1.28635100 -.99999999
1.5306400 1.28411300 -.99999999
1.5347970 1.25207400 -.99999999
1.5389510 1.25950200 -.99999999
1.5431000 1.26014300 -.99999999
1.5472440 1.25453300 -.99999999
1.5513850 1.24265900 -.99999999
1.5555200 1.23573100 -.99999999
1.5596520 1.22641700 -.99999999
1.5637780 1.22267800 -.99999999
1.5679000 1.21599300 -.99999999
1.5720180 1.20090100 -.99999999
1.5761300 1.17044900 -.99999999
1.5802370 1.16376000 -.99999999
1.5843400 1.14737000 -.99999999
1.5884380 1.14374500 -.99999999
1.5925300 1.12658400 -.99999999
1.5966180 1.13195300 -.99999999
1.6007000 1.14033100 -.99999999
1.6047770 1.10884600 -.99999999
1.6088490 1.07372900 -.99999999
1.6129150 1.05659200 -.99999999
1.6169760 1.05465300 -.99999999
1.6210320 1.07733200 -.99999999
1.6250820 1.06051600 -.99999999
1.6291260 1.07085100 -.99999999
1.6331650 1.06056800 -.99999999
1.6371980 1.05880600 -.99999999
1.6412260 1.05172300 -.99999999
1.6452470 1.03589100 -.99999999
1.6492630 1.02125200 -.99999999
1.6532730 1.02951900 -.99999999
1.6572770 1.00535500 -.99999999
1.6612750 1.00788700 -.99999999
1.6652670 1.02945700 -.99999999
1.6692530 0.98385600 -.99999999
1.6732330 0.95627000 -.99999999
1.6772070 0.96317900 -.99999999
1.6811750 0.95945700 -.99999999
1.6851360 0.97432500 -.99999999
1.6890910 0.95979800 -.99999999
1.6930400 0.93473200 -.99999999
1.6969820 0.91561500 -.99999999
1.7009180 0.90729000 -.99999999
1.7048480 0.89432600 -.99999999
1.7087710 0.90001700 -.99999999
1.7126870 0.90130800 -.99999999
1.7165970 0.90918400 -.99999999
1.7205010 0.89453800 -.99999999
1.7243980 0.90173100 -.99999999
1.7282880 0.89357200 -.99999999
1.7321710 0.88626000 -.99999999
1.7360480 0.86929400 -.99999999
1.7399180 0.86049900 -.99999999
1.7437810 0.88215000 -.99999999
1.7591660 0.85248300 -.99999999
1.7629950 0.82030500 -.99999999
1.7668170 0.80123600 -.99999999
1.7706320 0.80803900 -.99999999
1.7744400 0.79755700 -.99999999
1.7782410 0.80854500 -.99999999
1.7820350 0.81407500 -.99999999
1.7858220 0.80788100 -.99999999
1.7896020 0.80295600 -.99999999
1.7933740 0.78195800 -.99999999
1.7971400 0.76221800 -.99999999
1.8008980 0.76883000 -.99999999
1.8046500 0.76380500 -.99999999
1.8083940 0.75298700 -.99999999
1.8121310 0.75596200 -.99999999
1.8158600 0.76203200 -.99999999
1.8195830 0.74587500 -.99999999
1.8232980 0.75950200 -.99999999
1.8270060 0.75740300 -.99999999
1.8307060 0.76984400 -.99999999
1.8344000 0.75699600 -.99999999
1.8380860 0.76084100 -.99999999
1.8417650 0.74189600 -.99999999
1.8454360 0.71410300 -.99999999
1.8491000 0.71487100 -.99999999
1.8527570 0.71626200 -.99999999
1.8564070 0.71378800 -.99999999
1.8600490 0.71024000 -.99999999
1.8636830 0.72483700 -.99999999
1.8673110 0.74721600 -.99999999
1.8709310 0.71174000 -.99999999
1.8745440 0.68869300 -.99999999
1.8781490 0.68655000 -.99999999
1.8817470 0.68219100 -.99999999
1.8853370 0.68951700 -.99999999
1.8889210 0.70784800 -.99999999
1.8924970 0.73050000 -.99999999
1.8960650 0.74200400 -.99999999
1.8996260 0.72460200 -.99999999
1.9031800 0.71343000 -.99999999
1.9067260 0.71064200 -.99999999
1.9102650 0.71649600 -.99999999
1.9137970 0.70114500 -.99999999
1.9173220 0.70592800 -.99999999
1.9208390 0.68782100 -.99999999
1.9243480 0.69798800 -.99999999
1.9278510 0.69018000 -.99999999
1.9313460 0.69330800 -.99999999
1.9348340 0.68729900 -.99999999
1.9383140 0.70552500 -.99999999
1.9417870 0.71757800 -.99999999
1.9452530 0.72500000 -.99999999
1.9487120 0.72034300 -.99999999
1.9521640 0.74585100 -.99999999
1.9556080 0.70992500 -.99999999
1.9590450 0.69558100 -.99999999
1.9624750 0.68781200 -.99999999
1.9658970 0.70662200 -.99999999
1.9693130 0.68603800 -.99999999
1.9727210 0.69860200 -.99999999
1.9761230 0.68796800 -.99999999
1.9795170 0.72533700 -.99999999
1.9829040 0.70857200 -.99999999
1.9862840 0.74446600 -.99999999
1.9896570 0.73332000 -.99999999
1.9930230 0.74530000 -.99999999
1.9963820 0.73467300 -.99999999
1.9997350 0.71005000 -.99999999
2.0030800 0.72674200 -.99999999
2.0064180 0.73937000 -.99999999
2.0097490 0.70532000 -.99999999
2.0130740 0.68397300 -.99999999
2.0163920 0.73500100 -.99999999
2.0197020 0.76108200 -.99999999
2.0230070 0.74853000 -.99999999
2.0263040 0.74076800 -.99999999
2.0295950 0.74644400 -.99999999
2.0328790 0.75486800 -.99999999
2.0361560 0.73625300 -.99999999
2.0394280 0.73436900 -.99999999
2.0426920 0.75931800 -.99999999
2.0459490 0.77189200 -.99999999
2.0492010 0.75484700 -.99999999
2.0524460 0.74473800 -.99999999
2.0556840 0.76208900 -.99999999
2.0589160 0.78063200 -.99999999
2.0621420 0.77407700 -.99999999
2.0653610 0.79190600 -.99999999
2.0685740 0.81182700 -.99999999
2.0717810 0.83314300 -.99999999
2.0749820 0.80907700 -.99999999
2.0781770 0.82770700 -.99999999
2.0813660 0.82875100 -.99999999
2.0908950 0.86326500 -.99999999
2.0940600 0.85982500 -.99999999
2.0972190 0.89812600 -.99999999
2.1003720 0.86146800 -.99999999
2.1035200 0.86806000 -.99999999
2.1066620 0.88289700 -.99999999
2.1097970 0.90349200 -.99999999
2.1129290 0.90166700 -.99999999
2.1160530 0.90052500 -.99999999
2.1191730 0.90511600 -.99999999
2.1222870 0.92573500 -.99999999
2.1253950 0.95144300 -.99999999
2.1284990 0.98964700 -.99999999
2.1315970 0.95020800 -.99999999
2.1346900 0.96948700 -.99999999
2.1377780 0.96450100 -.99999999
2.1408600 0.98634200 -.99999999
2.1439380 0.96930100 -.99999999
2.1470110 0.96029600 -.99999999
2.1500780 0.97364300 -.99999999
2.1531420 0.97646300 -.99999999
2.1562000 0.96347300 -.99999999
2.1592530 1.00259600 -.99999999
2.1623030 1.03786900 -.99999999
2.1653470 1.05717500 -.99999999
2.1683870 1.08127300 -.99999999
2.1714220 1.05811900 -.99999999
2.1744530 1.04409800 -.99999999
2.1774800 1.03677000 -.99999999
2.1805020 1.05051600 -.99999999
2.1835210 1.07527300 -.99999999
2.1865350 1.05987600 -.99999999
2.1895450 1.08756500 -.99999999
2.1925510 1.09112400 -.99999999
2.1955540 1.10001500 -.99999999
2.1985520 1.09767300 -.99999999
2.2015480 1.14901500 -.99999999
2.2045390 1.12195500 -.99999999
2.2075260 1.13255300 -.99999999
2.2105110 1.15082300 -.99999999
2.2134920 1.14585500 -.99999999
2.2164690 1.15833600 -.99999999
2.2194440 1.18824400 -.99999999
2.2224140 1.17771100 -.99999999
2.2253820 1.19295800 -.99999999
2.2283470 1.19415400 -.99999999
2.2313090 1.21760600 -.99999999
2.2342690 1.19039800 -.99999999
2.2372250 1.21999500 -.99999999
2.2401790 1.25178300 -.99999999
2.2431290 1.25885500 -.99999999
2.2460780 1.27083300 -.99999999
2.2490250 1.25569000 -.99999999
2.2519690 1.28051300 -.99999999
2.2549100 1.30230900 -.99999999
2.2578500 1.28117500 -.99999999
2.2607880 1.28359500 -.99999999
2.2637230 1.29988700 -.99999999
2.2666570 1.32476900 -.99999999
2.2695880 1.30144100 -.99999999
2.2725190 1.31394400 -.99999999
2.2754480 1.30738300 -.99999999
2.2783750 1.33660100 -.99999999
2.2813010 1.34762100 -.99999999
2.2842250 1.34362500 -.99999999
2.2871490 1.35698900 -.99999999
2.2900710 1.36401300 -.99999999
2.2929920 1.36814900 -.99999999
2.2959130 1.39051100 -.99999999
2.2988320 1.41401900 -.99999999
2.3017510 1.37888800 -.99999999
2.3046700 1.38719300 -.99999999
2.3075880 1.40378900 -.99999999
2.3105050 1.41657600 -.99999999
2.3134220 1.40104600 -.99999999
2.3163380 1.41013900 -.99999999
2.3192560 1.42248900 -.99999999
2.3221730 1.44665200 -.99999999
2.3250900 1.45517200 -.99999999
2.3280080 1.40551700 -.99999999
2.3309250 1.45172800 -.99999999
2.3338440 1.44910600 -.99999999
2.3367620 1.45329500 -.99999999
2.3396810 1.47704900 -.99999999
2.3426030 1.46657400 -.99999999
2.3455240 1.47108600 -.99999999
2.3484460 1.50427100 -.99999999
2.3601490 1.46673800 -.99999999
2.3630780 1.48045100 -.99999999
2.3660090 1.54793400 -.99999999
2.3689420 1.59375900 -.99999999
2.3718770 1.59633700 -.99999999
2.3748150 1.55350100 -.99999999
2.3777530 1.57004300 -.99999999
2.3806960 1.55794000 -.99999999
2.3836390 1.56842600 -.99999999
2.3865860 1.57066300 -.99999999
2.3895360 1.58210700 -.99999999
2.3924880 1.56575500 -.99999999
2.3954430 1.59763000 -.99999999
2.3984030 1.63510700 -.99999999
2.4013650 1.59920500 -.99999999
2.4043300 1.59459100 -.99999999
2.4072980 1.61334800 -.99999999
2.4102700 1.62111200 -.99999999
2.4132460 1.60537100 -.99999999
2.4162270 1.60814800 -.99999999
2.4192110 1.63038600 -.99999999
2.4222000 1.61934400 -.99999999
2.4251910 1.66117400 -.99999999
2.4281880 1.67379100 -.99999999
2.4311900 1.66164400 -.99999999
2.4341960 1.73205000 -.99999999
2.4372070 1.73299000 -.99999999
2.4462720 1.63658800 -.99999999
2.4493040 1.65418100 -.99999999
2.4523410 1.69303400 -.99999999
2.4553840 1.68797400 -.99999999
2.4584330 1.66353600 -.99999999
2.4614880 1.70812600 -.99999999
2.4645500 1.71212700 -.99999999
2.4676170 1.68326000 -.99999999
2.4706910 1.70728500 -.99999999
2.4737710 1.70300000 -.99999999
