0.8200 0.96765 0.00487
0.8250 0.97278 0.00519
0.8300 0.96949 0.00514
0.8350 0.96522 0.00475
0.8400 0.97440 0.00500
0.8450 0.97299 0.00497
0.8500 0.97531 0.00518
0.8550 0.97610 0.00492
0.8600 0.97290 0.00485
0.8650 0.97033 0.00517
0.8700 0.96969 0.00521
0.8750 0.97646 0.00497
0.8800 0.96783 0.00511
0.8850 0.96559 0.00470
0.8900 0.97029 0.00460
0.8950 0.97693 0.00467
0.9000 0.96792 0.00455
0.9050 0.97537 0.00459
0.9100 0.97773 0.00413
0.9150 0.98201 0.00443
0.9200 0.97671 0.00424
0.9250 0.97955 0.00467
0.9300 0.97699 0.00522
0.9350 0.97426 0.00515
0.9400 0.97010 0.00471
0.9450 0.97382 0.00578
0.9500 0.96980 0.00443
0.9550 0.97952 0.00445
0.9600 0.98407 0.00441
0.9650 0.98162 0.00413
0.9700 0.97803 0.00435
0.9750 0.98253 0.00411
0.9800 0.97961 0.00405
0.9850 0.98444 0.00412
0.9900 0.98139 0.00385
0.9950 0.98078 0.00374
1.0000 0.98553 0.00415
1.0050 0.98513 0.00408
1.0100 0.98256 0.00365
1.0150 0.98864 0.00393
1.0200 0.98384 0.00379
1.0250 0.98466 0.00372
1.0300 0.98760 0.00386
1.0350 0.98617 0.00370
1.0400 0.98414 0.00377
1.0450 0.99137 0.00387
1.0500 0.98556 0.00357
1.0550 0.98048 0.00334
1.0600 0.98274 0.00346
1.0650 0.98573 0.00343
1.0700 0.98505 0.00379
1.0750 0.98367 0.00337
1.0800 0.98971 0.00341
1.0850 0.98559 0.00370
1.0900 0.98107 0.00361
1.0950 0.98114 0.00346
1.1000 0.98487 0.00367
1.1050 0.98692 0.00379
1.1100 0.99017 0.00399
1.1150 0.97628 0.00461
1.1200 0.97784 0.00528
1.1250 0.98555 0.00467
1.1300 0.98671 0.00375
1.1350 0.99159 0.00394
1.1400 0.98660 0.00410
1.1450 0.98657 0.00400
1.1500 0.98245 0.00419
1.1550 0.98935 0.00472
1.1600 0.99285 0.00396
1.1650 0.98750 0.00365
1.1700 0.99212 0.00340
1.1750 0.99152 0.00336
1.1800 0.99726 0.00353
1.1850 0.99427 0.00331
1.1900 0.99483 0.00322
1.1950 0.99548 0.00342
1.2000 0.99661 0.00348
1.2050 0.99885 0.00348
1.2100 0.99913 0.00348
1.2150 0.99772 0.00332
1.2200 0.99609 0.00339
1.2250 0.99976 0.00354
1.2300 1.00181 0.00381
1.2350 1.00321 0.00316
1.2400 1.00502 0.00364
1.2450 1.00597 0.00373
1.2500 1.01133 0.00345
1.2550 1.00610 0.00338
1.2600 0.99978 0.00383
1.2650 0.99966 0.00376
1.2700 1.00654 0.00378
1.2750 1.00744 0.00367
1.2800 1.00960 0.00367
1.2850 1.01501 0.00380
1.2900 1.02111 0.00344
1.2950 1.01528 0.00343
1.3000 1.01290 0.00340
1.3050 1.01491 0.00375
1.3100 1.01027 0.00368
1.3150 1.01787 0.00339
1.3200 1.01832 0.00328
1.3250 1.01735 0.00335
1.3300 1.01733 0.00384
1.3350 1.01600 0.00481
1.3400 1.01194 0.00878
1.3600 1.02303 0.01201
1.3650 1.01845 0.00804
1.3700 1.03253 0.00664
1.3800 1.02512 0.00563
1.3850 1.02468 0.00584
1.3900 1.03032 0.00586
1.3950 1.02075 0.00654
1.4000 1.02606 0.00464
1.4050 1.02208 0.00666
1.4100 1.03100 0.00722
1.4150 1.02817 0.00598
1.4200 1.03241 0.00478
1.4250 1.02713 0.00502
1.4300 1.02752 0.00464
1.4350 1.02491 0.00441
1.4400 1.03084 0.00456
1.4450 1.03045 0.00497
1.4500 1.03399 0.00494
1.4550 1.04136 0.00414
1.4600 1.03432 0.00470
1.4650 1.02700 0.00466
1.4700 1.03310 0.00447
1.4750 1.03711 0.00409
1.4800 1.03435 0.00425
1.4850 1.04139 0.00465
1.4900 1.03235 0.00445
1.4950 1.03290 0.00434
1.5000 1.03275 0.00379
1.5050 1.03173 0.00383
1.5100 1.03765 0.00381
1.5150 1.03500 0.00380
1.5200 1.04094 0.00363
1.5250 1.03798 0.00363
1.5300 1.03951 0.00378
1.5350 1.04076 0.00379
1.5400 1.04405 0.00407
1.5450 1.04327 0.00365
1.5500 1.04484 0.00375
1.5550 1.04380 0.00382
1.5600 1.04114 0.00415
1.5650 1.03515 0.00459
1.5700 1.03471 0.00457
1.5750 1.03414 0.00453
1.5800 1.03281 0.00413
1.5850 1.03824 0.00412
1.5900 1.03648 0.00427
1.5950 1.03489 0.00403
1.6000 1.03700 0.00425
1.6050 1.03656 0.00406
1.6100 1.04205 0.00407
1.6150 1.04561 0.00422
1.6200 1.04411 0.00459
1.6250 1.04216 0.00400
1.6300 1.04307 0.00419
1.6350 1.04806 0.00435
1.6400 1.04594 0.00426
1.6450 1.04426 0.00426
1.6500 1.05082 0.00432
1.6550 1.04575 0.00440
1.6600 1.04611 0.00415
1.6650 1.04374 0.00420
1.6700 1.04580 0.00518
1.6750 1.04694 0.00487
1.6800 1.05442 0.00430
1.6850 1.05467 0.00429
1.6900 1.05114 0.00439
1.6950 1.05024 0.00435
1.7000 1.05276 0.00449
1.7050 1.04824 0.00439
1.7100 1.05208 0.00449
1.7150 1.04865 0.00454
1.7200 1.04628 0.00454
1.7250 1.05133 0.00447
1.7300 1.05439 0.00450
1.7350 1.05405 0.00457
1.7400 1.05288 0.00486
1.7450 1.05725 0.00470
1.7500 1.05225 0.00485
1.7550 1.05164 0.00486
1.7600 1.05336 0.00466
1.7650 1.05179 0.00467
1.7700 1.05061 0.00473
1.7750 1.05756 0.00478
1.7800 1.05079 0.00481
1.7850 1.05423 0.00485
1.7900 1.05968 0.00536
1.7950 1.05006 0.00624
1.8000 1.06349 0.00669
1.8050 1.05756 0.00769
1.8100 1.06171 0.00719
1.8150 1.05582 0.00797
1.8200 1.07691 0.00861
1.8250 1.05539 0.01048
1.8300 1.05078 0.01144
1.8350 1.07099 0.01362
1.8400 1.06544 0.01073
1.8450 1.06469 0.00896
1.8500 1.07014 0.00988
1.8550 1.05372 0.01010
1.8600 1.03945 0.00801
1.8650 1.06140 0.01823
1.8900 1.05586 0.01145
1.8950 1.04011 0.00756
1.9000 1.05363 0.00931
1.9050 1.05676 0.01008
1.9100 1.05821 0.00916
1.9150 1.05515 0.01819
1.9250 1.06821 0.00853
1.9300 1.06442 0.00864
1.9350 1.06503 0.00825
1.9400 1.06480 0.00728
1.9450 1.06415 0.00751
1.9500 1.06513 0.00808
1.9550 1.05039 0.00779
1.9600 1.04847 0.01118
1.9650 1.06408 0.01026
1.9700 1.05867 0.00985
1.9750 1.06039 0.00850
1.9800 1.05805 0.00693
1.9850 1.06214 0.00620
1.9900 1.06211 0.00816
1.9950 1.05015 0.01099
2.0050 1.06896 0.00831
2.0100 1.06862 0.01177
2.0150 1.06084 0.01536
2.0200 1.06667 0.01200
2.0250 1.06565 0.00958
2.0300 1.05518 0.00855
2.0350 1.06292 0.00696
2.0400 1.06377 0.00829
2.0450 1.06398 0.00926
2.0500 1.05996 0.00857
2.0550 1.06633 0.00754
2.0600 1.06566 0.00739
2.0650 1.06129 0.00765
2.0700 1.05983 0.00841
2.0750 1.06634 0.00801
2.0800 1.06805 0.00713
2.0850 1.06585 0.00680
2.0900 1.07297 0.00690
2.0950 1.07478 0.00677
2.1000 1.07099 0.00684
2.1050 1.06922 0.00680
2.1100 1.06751 0.00684
2.1150 1.07110 0.00688
2.1200 1.07325 0.00693
2.1250 1.07580 0.00693
2.1300 1.07967 0.00702
2.1350 1.07817 0.00696
2.1400 1.07628 0.00708
2.1450 1.07558 0.00707
2.1500 1.07834 0.00718
2.1550 1.07697 0.00716
2.1600 1.08126 0.00754
2.1650 1.08153 0.00764
2.1700 1.08380 0.00766
2.1750 1.08257 0.00761
2.1800 1.08047 0.00750
2.1850 1.07869 0.00757
2.1900 1.07695 0.00745
2.1950 1.07999 0.00760
2.2000 1.08125 0.00756
2.2050 1.07945 0.00774
2.2100 1.07847 0.00791
2.2150 1.07978 0.00828
2.2200 1.08352 0.00933
2.2250 1.08245 0.00777
2.2300 1.08105 0.00780
2.2350 1.08216 0.00788
2.2400 1.07717 0.00804
2.2450 1.08143 0.00800
2.2500 1.07985 0.00801
2.2550 1.07877 0.00811
2.2600 1.07965 0.00818
2.2650 1.07901 0.00852
2.2700 1.08037 0.00848
2.2750 1.07975 0.00850
2.2800 1.08424 0.00857
2.2850 1.07817 0.00853
2.2900 1.07742 0.00858
2.2950 1.07809 0.00858
2.3000 1.07759 0.00959
2.3050 1.07921 0.00919
2.3100 1.07225 0.00885
2.3150 1.08220 0.00930
2.3200 1.08204 0.00991
2.3250 1.07497 0.00923
2.3300 1.07314 0.00903
2.3350 1.06714 0.00829
2.3400 1.07412 0.00918
2.3450 1.08102 0.00928
2.3500 1.07675 0.00933
2.3550 1.07425 0.00948
2.3600 1.06901 0.00950
2.3650 1.07242 0.00890
2.3700 1.07604 0.01007
2.3750 1.08210 0.01017
2.3800 1.07281 0.01005
2.3850 1.06923 0.00971
2.3900 1.07380 0.00995
2.3950 1.07504 0.01007
2.4000 1.07995 0.00990
2.4050 1.08209 0.01001
2.4100 1.08728 0.01038
2.4150 1.08106 0.00978
2.4200 1.08202 0.01092
2.4250 1.07727 0.01096
2.4300 1.07602 0.01037
2.4350 1.09266 0.01111
2.4400 1.08109 0.01211
2.4450 1.08830 0.01267
2.4500 1.07803 0.01054
2.4550 1.08324 0.01220
2.4600 1.06769 0.00985
2.4650 1.08230 0.01021
2.4700 1.09563 0.01154
2.4750 1.08935 0.01097
2.4800 1.09808 0.01176
2.4850 1.10431 0.01175
2.4900 1.12053 0.01446
