0.4904 0.9751 0.0020
0.4909 0.9724 0.0052
0.4914 0.9709 0.0072
0.4919 0.9729 0.0057
0.4924 0.9788 0.0013
0.4929 0.9862 0.0066
0.4934 0.9887 0.0086
0.4939 0.9893 0.0086
0.4944 0.9877 0.0066
0.4949 0.9846 0.0030
0.4954 0.9833 0.0012
0.4959 0.9840 0.0014
0.4964 0.9857 0.0026
0.4969 0.9874 0.0038
0.4974 0.9882 0.0041
0.4979 0.9874 0.0029
0.4984 0.9857 0.0017
0.4989 0.9801 0.0054
0.4994 0.9774 0.0086
0.4999 0.9761 0.0104
0.5004 0.9769 0.0100
0.5009 0.9798 0.0076
0.5014 0.9861 0.0018
0.5019 0.9906 0.0022
0.5024 0.9928 0.0039
0.5029 0.9902 0.0019
0.5034 0.9866 0.0032
0.5039 0.9844 0.0058
0.5044 0.9825 0.0082
0.5049 0.9821 0.0090
0.5054 0.9816 0.0099
0.5059 0.9804 0.0116
0.5064 0.9782 0.0142
0.5069 0.9772 0.0157
0.5074 0.9765 0.0168
0.5079 0.9811 0.0126
0.5084 0.9867 0.0074
0.5089 0.9888 0.0058
0.5094 0.9871 0.0078
0.5099 0.9866 0.0087
0.5104 0.9838 0.0119
0.5109 0.9812 0.0149
0.5114 0.9808 0.0157
0.5119 0.9798 0.0170
0.5124 0.9779 0.0193
0.5129 0.9765 0.0211
0.5134 0.9734 0.0245
0.5139 0.9743 0.0239
0.5144 0.9802 0.0184
0.5149 0.9815 0.0174
0.5154 0.9782 0.0210
0.5159 0.9816 0.0179
0.5164 0.9797 0.0201
0.5169 0.9805 0.0197
0.5174 0.9845 0.0159
0.5179 0.9912 0.0095
0.5184 0.9944 0.0066
0.5189 0.9969 0.0044
0.5194 0.9945 0.0070
0.5199 0.9923 0.0095
0.5204 0.9932 0.0089
0.5209 0.9912 0.0111
0.5214 0.9900 0.0126
0.5219 0.9896 0.0132
0.5224 0.9910 0.0121
0.5229 0.9925 0.0108
0.5234 0.9972 0.0063
0.5239 1.0006 0.0031
0.5244 1.0013 0.0027
0.5249 1.0015 0.0026
0.5254 0.9985 0.0058
0.5259 0.9933 0.0113
0.5264 0.9938 0.0110
0.5269 0.9972 0.0077
0.5274 0.9999 0.0053
0.5279 1.0041 0.0013
0.5284 1.0059 0.0013
0.5289 1.0021 0.0036
0.5294 0.9996 0.0063
0.5299 0.9975 0.0086
0.5304 0.9920 0.0143
0.5309 0.9901 0.0164
0.5314 0.9912 0.0154
0.5319 0.9904 0.0163
0.5324 0.9906 0.0163
0.5329 0.9945 0.0126
0.5334 0.9959 0.0114
0.5339 0.9979 0.0095
0.5344 1.0005 0.0071
0.5349 1.0004 0.0074
0.5354 0.9970 0.0109
0.5359 0.9949 0.0131
0.5364 0.9928 0.0154
0.5369 0.9932 0.0151
0.5374 0.9938 0.0146
0.5379 0.9956 0.0129
0.5384 0.9982 0.0104
0.5389 0.9993 0.0095
0.5394 0.9951 0.0138
0.5399 0.9945 0.0146
0.5404 0.9960 0.0132
0.5409 0.9970 0.0123
0.5414 0.9979 0.0115
0.5419 1.0002 0.0093
0.5424 1.0011 0.0085
0.5429 1.0012 0.0085
0.5434 1.0026 0.0072
0.5439 1.0044 0.0055
0.5444 1.0053 0.0048
0.5449 1.0054 0.0047
0.5454 1.0064 0.0038
0.5459 1.0066 0.0037
0.5464 1.0038 0.0066
0.5469 1.0024 0.0081
0.5474 1.0022 0.0084
0.5479 1.0004 0.0103
0.5484 0.9980 0.0128
0.5489 0.9988 0.0120
0.5494 0.9995 0.0114
0.5499 0.9996 0.0114
0.5504 1.0000 0.0111
0.5509 1.0036 0.0075
0.5514 1.0052 0.0059
0.5519 1.0036 0.0077
0.5524 1.0026 0.0087
0.5529 1.0036 0.0078
0.5534 1.0006 0.0108
0.5539 1.0023 0.0092
0.5544 1.0068 0.0047
0.5549 1.0061 0.0055
0.5554 1.0032 0.0084
0.5559 1.0035 0.0082
0.5564 1.0020 0.0097
0.5569 1.0004 0.0114
0.5574 1.0020 0.0098
0.5579 1.0034 0.0084
0.5584 1.0030 0.0089
0.5589 1.0012 0.0107
0.5594 1.0008 0.0111
0.5599 1.0025 0.0094
0.5604 1.0039 0.0080
0.5609 1.0027 0.0092
0.5614 1.0018 0.0101
0.5619 1.0017 0.0102
0.5624 1.0002 0.0117
0.5629 1.0005 0.0113
0.5634 1.0025 0.0093
0.5639 1.0037 0.0082
0.5644 1.0046 0.0072
0.5649 1.0077 0.0041
0.5654 1.0096 0.0021
0.5659 1.0102 0.0015
0.5664 1.0104 0.0013
0.5669 1.0093 0.0024
0.5674 1.0055 0.0061
0.5679 1.0039 0.0076
0.5684 1.0036 0.0079
0.5689 1.0041 0.0074
0.5694 1.0048 0.0066
0.5699 1.0049 0.0065
0.5704 1.0045 0.0068
0.5709 1.0054 0.0058
0.5714 1.0053 0.0059
0.5719 1.0050 0.0061
0.5724 1.0056 0.0055
0.5729 1.0051 0.0059
0.5734 1.0038 0.0072
0.5739 1.0037 0.0072
0.5744 1.0052 0.0056
0.5749 1.0025 0.0083
0.5754 1.0023 0.0084
0.5759 1.0026 0.0080
0.5764 1.0025 0.0081
0.5769 1.0007 0.0098
0.5774 1.0042 0.0062
0.5779 1.0055 0.0048
0.5784 1.0054 0.0049
0.5789 1.0075 0.0027
0.5794 1.0108 0.0017
0.5799 1.0119 0.0019
0.5804 1.0119 0.0020
0.5809 1.0122 0.0023
0.5814 1.0115 0.0017
0.5819 1.0092 0.0015
0.5824 1.0065 0.0031
0.5829 1.0045 0.0051
0.5834 1.0037 0.0058
0.5839 1.0022 0.0072
0.5844 1.0009 0.0084
0.5849 1.0009 0.0084
0.5854 1.0013 0.0079
0.5859 1.0031 0.0059
0.5864 1.0052 0.0037
0.5869 1.0057 0.0032
0.5874 1.0060 0.0028
0.5879 1.0050 0.0038
0.5884 1.0026 0.0061
0.5889 1.0019 0.0066
0.5894 1.0048 0.0036
0.5899 1.0074 0.0019
0.5904 1.0098 0.0015
0.5909 1.0114 0.0032
0.5914 1.0115 0.0034
0.5919 1.0065 0.0015
0.5924 1.0041 0.0038
0.5929 1.0047 0.0031
0.5934 1.0058 0.0019
0.5939 1.0036 0.0040
0.5944 1.0045 0.0030
0.5949 1.0046 0.0028
0.5954 1.0044 0.0029
0.5959 1.0022 0.0050
0.5964 1.0015 0.0056
0.5969 1.0010 0.0060
0.5974 0.9995 0.0074
0.5979 0.9982 0.0087
0.5984 1.0006 0.0061
0.5989 1.0051 0.0015
0.5994 1.0082 0.0016
0.5999 1.0107 0.0043
0.6004 1.0127 0.0063
0.6009 1.0124 0.0061
0.6014 1.0121 0.0059
0.6019 1.0133 0.0071
0.6024 1.0141 0.0080
0.6029 1.0132 0.0073
0.6034 1.0119 0.0060
0.6039 1.0106 0.0048
0.6044 1.0098 0.0040
0.6049 1.0083 0.0027
0.6054 1.0080 0.0025
0.6059 1.0088 0.0033
0.6064 1.0081 0.0026
0.6069 1.0054 0.0010
0.6074 1.0048 0.0014
0.6079 1.0066 0.0014
0.6084 1.0085 0.0033
0.6089 1.0116 0.0065
0.6094 1.0153 0.0103
0.6099 1.0191 0.0141
0.6104 1.0194 0.0145
0.6109 1.0187 0.0138
0.6114 1.0182 0.0134
0.6119 1.0187 0.0139
0.6124 1.0171 0.0125
0.6129 1.0154 0.0107
0.6134 1.0165 0.0119
0.6139 1.0156 0.0110
0.6144 1.0151 0.0106
0.6149 1.0177 0.0132
0.6154 1.0193 0.0148
0.6159 1.0181 0.0137
0.6164 1.0198 0.0154
0.6169 1.0205 0.0161
0.6174 1.0182 0.0139
0.6179 1.0181 0.0138
0.6184 1.0198 0.0155
0.6189 1.0195 0.0153
0.6194 1.0185 0.0143
0.6199 1.0168 0.0125
0.6204 1.0161 0.0119
0.6209 1.0162 0.0120
0.6214 1.0166 0.0123
0.6219 1.0156 0.0114
0.6224 1.0186 0.0144
0.6229 1.0228 0.0186
0.6234 1.0238 0.0196
0.6239 1.0237 0.0195
0.6244 1.0247 0.0205
0.6249 1.0232 0.0190
0.6254 1.0219 0.0176
0.6259 1.0204 0.0161
0.6264 1.0168 0.0125
0.6269 1.0162 0.0119
0.6274 1.0180 0.0136
0.6279 1.0172 0.0128
0.6284 1.0166 0.0122
0.6289 1.0184 0.0139
0.6294 1.0212 0.0167
0.6299 1.0234 0.0189
0.6304 1.0230 0.0184
0.6309 1.0236 0.0191
0.6314 1.0267 0.0221
0.6319 1.0259 0.0212
0.6324 1.0237 0.0191
0.6329 1.0238 0.0191
0.6334 1.0249 0.0202
0.6339 1.0250 0.0202
0.6344 1.0277 0.0229
0.6349 1.0298 0.0249
0.6354 1.0297 0.0248
0.6359 1.0283 0.0234
0.6364 1.0266 0.0216
0.6369 1.0223 0.0172
0.6374 1.0181 0.0130
0.6379 1.0180 0.0128
0.6384 1.0206 0.0154
0.6389 1.0216 0.0163
0.6394 1.0232 0.0179
0.6399 1.0259 0.0205
0.6404 1.0261 0.0207
0.6409 1.0234 0.0179
0.6414 1.0228 0.0172
0.6419 1.0238 0.0181
0.6424 1.0234 0.0176
0.6429 1.0217 0.0158
0.6434 1.0202 0.0143
0.6439 1.0212 0.0152
0.6444 1.0211 0.0151
0.6449 1.0225 0.0164
0.6454 1.0255 0.0193
0.6459 1.0266 0.0203
0.6464 1.0262 0.0198
0.6469 1.0243 0.0178
0.6474 1.0211 0.0145
0.6479 1.0187 0.0121
0.6484 1.0208 0.0141
0.6489 1.0199 0.0130
0.6494 1.0211 0.0142
0.6499 1.0243 0.0172
0.6504 1.0256 0.0185
0.6509 1.0245 0.0173
0.6514 1.0234 0.0161
0.6519 1.0222 0.0148
0.6524 1.0191 0.0116
0.6529 1.0177 0.0101
0.6534 1.0187 0.0111
0.6539 1.0205 0.0127
0.6544 1.0220 0.0141
0.6549 1.0247 0.0167
0.6554 1.0260 0.0180
0.6559 1.0270 0.0189
0.6564 1.0301 0.0219
0.6569 1.0306 0.0223
0.6574 1.0300 0.0216
0.6579 1.0307 0.0222
0.6584 1.0298 0.0212
0.6589 1.0284 0.0197
0.6594 1.0289 0.0202
0.6599 1.0295 0.0206
0.6604 1.0318 0.0228
0.6609 1.0336 0.0246
0.6614 1.0324 0.0233
0.6619 1.0304 0.0211
0.6624 1.0289 0.0196
0.6629 1.0268 0.0174
0.6634 1.0240 0.0145
0.6639 1.0228 0.0132
0.6644 1.0236 0.0139
0.6649 1.0238 0.0141
0.6654 1.0232 0.0134
0.6659 1.0247 0.0148
0.6664 1.0261 0.0161
0.6669 1.0265 0.0164
0.6674 1.0259 0.0157
0.6679 1.0255 0.0153
0.6684 1.0246 0.0143
0.6689 1.0238 0.0135
0.6694 1.0251 0.0146
0.6699 1.0282 0.0177
0.6704 1.0307 0.0201
0.6709 1.0327 0.0220
0.6714 1.0347 0.0240
0.6719 1.0332 0.0224
0.6724 1.0327 0.0218
0.6729 1.0328 0.0219
0.6734 1.0311 0.0201
0.6739 1.0302 0.0191
0.6744 1.0317 0.0206
0.6749 1.0314 0.0203
0.6754 1.0302 0.0190
0.6759 1.0302 0.0189
0.6764 1.0303 0.0190
0.6769 1.0299 0.0185
0.6774 1.0294 0.0180
0.6779 1.0297 0.0182
0.6784 1.0304 0.0189
0.6789 1.0310 0.0195
0.6794 1.0312 0.0197
0.6799 1.0334 0.0218
0.6804 1.0353 0.0236
0.6809 1.0353 0.0236
0.6814 1.0325 0.0208
0.6819 1.0311 0.0194
0.6824 1.0297 0.0179
0.6829 1.0275 0.0157
0.6834 1.0283 0.0165
0.6839 1.0323 0.0205
0.6844 1.0324 0.0206
0.6849 1.0318 0.0200
0.6854 1.0354 0.0236
0.6859 1.0360 0.0242
0.6864 1.0325 0.0207
0.6869 1.0288 0.0170
0.6874 1.0255 0.0137
0.6879 1.0232 0.0114
0.6884 1.0243 0.0125
0.6889 1.0257 0.0140
0.6894 1.0299 0.0183
0.6899 1.0318 0.0202
0.6904 1.0299 0.0183
0.6909 1.0286 0.0171
0.6914 1.0277 0.0162
0.6919 1.0263 0.0148
0.6924 1.0291 0.0177
0.6929 1.0314 0.0200
0.6934 1.0306 0.0192
0.6939 1.0327 0.0214
0.6944 1.0381 0.0268
0.6949 1.0386 0.0274
0.6954 1.0396 0.0285
0.6959 1.0426 0.0315
0.6964 1.0428 0.0317
0.6969 1.0400 0.0290
0.6974 1.0392 0.0283
0.6979 1.0378 0.0269
0.6984 1.0371 0.0262
0.6989 1.0380 0.0272
0.6994 1.0381 0.0273
0.6999 1.0396 0.0288
0.7004 1.0410 0.0303
0.7009 1.0401 0.0295
0.7014 1.0396 0.0289
0.7019 1.0414 0.0309
0.7024 1.0416 0.0311
0.7029 1.0394 0.0289
0.7034 1.0386 0.0282
0.7039 1.0396 0.0292
0.7044 1.0382 0.0278
0.7049 1.0371 0.0268
0.7054 1.0406 0.0303
0.7059 1.0424 0.0321
0.7064 1.0430 0.0328
0.7069 1.0457 0.0355
0.7074 1.0456 0.0355
0.7079 1.0439 0.0338
0.7084 1.0441 0.0341
0.7089 1.0428 0.0328
0.7094 1.0402 0.0302
0.7099 1.0426 0.0326
0.7104 1.0446 0.0347
0.7109 1.0443 0.0344
0.7114 1.0456 0.0358
0.7119 1.0474 0.0376
0.7124 1.0484 0.0386
0.7129 1.0481 0.0384
0.7134 1.0481 0.0384
0.7139 1.0470 0.0373
0.7144 1.0439 0.0342
0.7149 1.0403 0.0306
0.7154 1.0404 0.0307
0.7159 1.0409 0.0313
0.7164 1.0403 0.0307
0.7169 1.0422 0.0326
0.7174 1.0453 0.0357
0.7179 1.0442 0.0346
0.7184 1.0425 0.0330
0.7189 1.0445 0.0350
0.7194 1.0447 0.0353
0.7199 1.0409 0.0315
0.7204 1.0387 0.0293
0.7209 1.0395 0.0301
0.7214 1.0398 0.0304
0.7219 1.0406 0.0312
0.7224 1.0436 0.0343
0.7229 1.0452 0.0359
0.7234 1.0446 0.0353
0.7239 1.0452 0.0358
0.7244 1.0443 0.0350
0.7249 1.0422 0.0329
0.7254 1.0439 0.0346
0.7259 1.0465 0.0372
0.7264 1.0442 0.0349
0.7269 1.0449 0.0356
0.7274 1.0491 0.0398
0.7279 1.0506 0.0414
0.7284 1.0510 0.0417
0.7289 1.0528 0.0435
0.7294 1.0517 0.0424
0.7299 1.0484 0.0392
0.7304 1.0459 0.0366
0.7309 1.0452 0.0360
0.7314 1.0458 0.0366
0.7319 1.0479 0.0386
0.7324 1.0486 0.0394
0.7329 1.0467 0.0375
0.7334 1.0461 0.0368
0.7339 1.0473 0.0381
0.7344 1.0469 0.0377
0.7349 1.0461 0.0368
0.7354 1.0487 0.0394
0.7359 1.0498 0.0405
0.7364 1.0501 0.0409
0.7369 1.0515 0.0422
0.7374 1.0530 0.0438
0.7379 1.0555 0.0462
0.7384 1.0549 0.0457
0.7389 1.0493 0.0401
0.7394 1.0486 0.0394
0.7399 1.0525 0.0434
0.7404 1.0527 0.0436
0.7409 1.0544 0.0453
0.7414 1.0594 0.0504
0.7419 1.0596 0.0507
0.7424 1.0550 0.0461
0.7429 1.0541 0.0453
0.7434 1.0530 0.0442
0.7439 1.0527 0.0439
0.7444 1.0513 0.0426
0.7449 1.0512 0.0427
0.7454 1.0511 0.0426
0.7459 1.0517 0.0432
0.7464 1.0514 0.0430
0.7469 1.0538 0.0456
0.7474 1.0552 0.0471
0.7479 1.0527 0.0447
0.7484 1.0520 0.0440
0.7489 1.0523 0.0445
0.7494 1.0522 0.0445
0.7499 1.0527 0.0452
0.7504 1.0531 0.0456
0.7509 1.0528 0.0455
0.7514 1.0542 0.0470
0.7519 1.0565 0.0495
0.7524 1.0582 0.0513
0.7529 1.0596 0.0528
0.7534 1.0607 0.0541
0.7539 1.0595 0.0530
0.7544 1.0575 0.0512
0.7549 1.0592 0.0531
0.7554 1.0639 0.0579
0.7559 1.0669 0.0611
0.7564 1.0698 0.0642
0.7569 1.0665 0.0610
0.7574 1.0573 0.0520
0.7579 1.0527 0.0476
0.7584 1.0574 0.0524
0.7589 1.0558 0.0511
0.7594 1.0598 0.0552
0.7599 1.0687 0.0644
0.7604 1.0703 0.0662
0.7609 1.0639 0.0600
0.7614 1.0645 0.0607
0.7619 1.0675 0.0640
0.7624 1.0651 0.0618
0.7629 1.0579 0.0548
0.7634 1.0513 0.0484
0.7639 1.0509 0.0481
0.7644 1.0471 0.0446
0.7649 1.0431 0.0408
0.7654 1.0473 0.0452
0.7659 1.0499 0.0480
0.7664 1.0467 0.0450
0.7669 1.0432 0.0417
0.7674 1.0451 0.0438
0.7679 1.0480 0.0469
0.7684 1.0533 0.0524
0.7689 1.0563 0.0557
0.7694 1.0623 0.0618
0.7699 1.0655 0.0652
0.7704 1.0666 0.0665
0.7709 1.0674 0.0675
0.7714 1.0687 0.0690
0.7719 1.0686 0.0691
0.7724 1.0678 0.0684
0.7729 1.0668 0.0676
0.7734 1.0668 0.0678
0.7739 1.0650 0.0661
0.7744 1.0605 0.0617
0.7749 1.0606 0.0620
0.7754 1.0633 0.0649
0.7759 1.0626 0.0643
0.7764 1.0636 0.0654
0.7769 1.0683 0.0702
0.7774 1.0699 0.0720
0.7779 1.0671 0.0692
0.7784 1.0672 0.0694
0.7789 1.0691 0.0715
0.7794 1.0678 0.0703
0.7799 1.0656 0.0682
0.7804 1.0633 0.0660
0.7809 1.0594 0.0621
0.7814 1.0553 0.0581
0.7819 1.0567 0.0596
0.7824 1.0628 0.0658
0.7829 1.0714 0.0744
0.7834 1.0764 0.0795
0.7839 1.0786 0.0817
0.7844 1.0778 0.0811
0.7849 1.0742 0.0775
0.7854 1.0689 0.0722
0.7859 1.0673 0.0706
0.7864 1.0709 0.0743
0.7869 1.0722 0.0756
0.7874 1.0705 0.0739
0.7879 1.0702 0.0737
0.7884 1.0701 0.0735
0.7889 1.0686 0.0721
0.7894 1.0707 0.0742
0.7899 1.0774 0.0809
0.7904 1.0809 0.0844
0.7909 1.0830 0.0865
0.7914 1.0828 0.0862
0.7919 1.0798 0.0833
0.7924 1.0783 0.0817
0.7929 1.0797 0.0831
0.7934 1.0827 0.0861
0.7939 1.0854 0.0887
0.7944 1.0859 0.0892
0.7949 1.0833 0.0866
0.7954 1.0811 0.0844
0.7959 1.0792 0.0824
0.7964 1.0770 0.0802
0.7969 1.0794 0.0825
0.7974 1.0797 0.0827
0.7979 1.0797 0.0827
0.7984 1.0799 0.0828
0.7989 1.0788 0.0817
0.7994 1.0749 0.0777
0.7999 1.0729 0.0756
0.8004 1.0728 0.0754
0.8009 1.0724 0.0749
0.8014 1.0734 0.0759
0.8019 1.0762 0.0786
0.8024 1.0775 0.0799
0.8029 1.0739 0.0762
0.8034 1.0724 0.0746
0.8039 1.0755 0.0775
0.8044 1.0780 0.0800
0.8049 1.0775 0.0794
0.8054 1.0773 0.0791
0.8059 1.0763 0.0780
0.8064 1.0717 0.0733
0.8069 1.0665 0.0680
0.8074 1.0682 0.0696
0.8079 1.0727 0.0740
0.8084 1.0760 0.0772
0.8089 1.0766 0.0776
0.8094 1.0763 0.0772
0.8099 1.0745 0.0753
0.8104 1.0703 0.0711
0.8109 1.0662 0.0668
0.8114 1.0675 0.0680
0.8119 1.0692 0.0696
0.8124 1.0706 0.0709
0.8129 1.0753 0.0755
0.8134 1.0785 0.0786
0.8139 1.0759 0.0759
0.8144 1.0723 0.0722
0.8149 1.0701 0.0698
0.8154 1.0682 0.0679
0.8159 1.0663 0.0658
0.8164 1.0667 0.0661
0.8169 1.0710 0.0703
0.8174 1.0715 0.0707
0.8179 1.0652 0.0643
0.8184 1.0613 0.0603
0.8189 1.0617 0.0606
0.8194 1.0549 0.0537
0.8199 1.0499 0.0487
0.8204 1.0531 0.0517
0.8209 1.0584 0.0569
0.8214 1.0632 0.0616
0.8219 1.0722 0.0705
0.8224 1.0761 0.0744
0.8229 1.0768 0.0749
0.8234 1.0702 0.0682
0.8239 1.0658 0.0638
0.8244 1.0639 0.0617
0.8249 1.0654 0.0632
0.8254 1.0660 0.0637
0.8259 1.0723 0.0699
0.8264 1.0756 0.0731
0.8269 1.0752 0.0725
0.8274 1.0749 0.0721
0.8279 1.0754 0.0726
0.8284 1.0751 0.0721
0.8289 1.0732 0.0701
0.8294 1.0725 0.0694
0.8299 1.0731 0.0698
0.8304 1.0732 0.0698
0.8309 1.0749 0.0714
0.8314 1.0745 0.0709
0.8319 1.0737 0.0699
0.8324 1.0745 0.0706
0.8329 1.0744 0.0704
0.8334 1.0706 0.0665
0.8339 1.0663 0.0620
0.8344 1.0645 0.0602
0.8349 1.0639 0.0594
0.8354 1.0674 0.0627
0.8359 1.0708 0.0660
0.8364 1.0721 0.0671
0.8369 1.0739 0.0689
0.8374 1.0762 0.0710
0.8379 1.0748 0.0694
0.8384 1.0700 0.0645
0.8389 1.0695 0.0639
0.8394 1.0705 0.0647
0.8399 1.0697 0.0638
0.8404 1.0687 0.0626
0.8409 1.0695 0.0633
0.8414 1.0699 0.0635
0.8419 1.0664 0.0598
0.8424 1.0624 0.0557
0.8429 1.0636 0.0568
0.8434 1.0663 0.0593
0.8439 1.0688 0.0617
0.8444 1.0745 0.0671
0.8449 1.0770 0.0695
0.8454 1.0751 0.0674
0.8459 1.0753 0.0675
0.8464 1.0729 0.0648
0.8469 1.0672 0.0590
0.8474 1.0657 0.0573
0.8479 1.0670 0.0585
0.8484 1.0703 0.0615
0.8489 1.0733 0.0644
0.8494 1.0783 0.0691
0.8499 1.0771 0.0677
0.8504 1.0775 0.0680
0.8509 1.0724 0.0626
0.8514 1.0665 0.0566
0.8519 1.0631 0.0529
0.8524 1.0686 0.0582
0.8529 1.0668 0.0562
0.8534 1.0691 0.0582
0.8539 1.0781 0.0670
0.8544 1.0779 0.0666
0.8549 1.0746 0.0630
0.8554 1.0730 0.0612
0.8559 1.0673 0.0553
0.8564 1.0618 0.0495
0.8569 1.0651 0.0526
0.8574 1.0666 0.0538
0.8579 1.0687 0.0557
0.8584 1.0715 0.0582
0.8589 1.0711 0.0576
0.8594 1.0673 0.0535
0.8599 1.0660 0.0519
0.8604 1.0708 0.0565
0.8609 1.0770 0.0624
0.8614 1.0793 0.0644
0.8619 1.0806 0.0654
0.8624 1.0818 0.0664
0.8629 1.0764 0.0608
0.8634 1.0663 0.0503
0.8639 1.0616 0.0454
0.8644 1.0613 0.0448
0.8649 1.0640 0.0473
0.8654 1.0650 0.0480
0.8659 1.0703 0.0530
0.8664 1.0707 0.0532
0.8669 1.0715 0.0537
0.8674 1.0671 0.0491
0.8679 1.0661 0.0478
0.8684 1.0652 0.0466
0.8689 1.0662 0.0474
0.8694 1.0648 0.0457
0.8699 1.0644 0.0451
0.8704 1.0655 0.0459
0.8709 1.0660 0.0461
0.8714 1.0675 0.0474
0.8719 1.0693 0.0489
0.8724 1.0707 0.0501
0.8729 1.0730 0.0522
0.8734 1.0802 0.0592
0.8739 1.0820 0.0607
0.8744 1.0832 0.0616
0.8749 1.0859 0.0641
0.8754 1.0849 0.0628
0.8759 1.0803 0.0581
0.8764 1.0778 0.0553
0.8769 1.0760 0.0532
0.8774 1.0737 0.0507
0.8779 1.0700 0.0468
0.8784 1.0687 0.0452
0.8789 1.0717 0.0480
0.8794 1.0741 0.0501
0.8799 1.0742 0.0499
0.8804 1.0738 0.0492
0.8809 1.0710 0.0462
0.8814 1.0714 0.0464
0.8819 1.0679 0.0426
0.8824 1.0682 0.0426
0.8829 1.0710 0.0451
0.8834 1.0739 0.0478
0.8839 1.0729 0.0465
0.8844 1.0763 0.0496
0.8849 1.0794 0.0524
0.8854 1.0806 0.0534
0.8859 1.0775 0.0500
0.8864 1.0752 0.0474
0.8869 1.0755 0.0474
0.8874 1.0754 0.0470
0.8879 1.0776 0.0490
0.8884 1.0832 0.0543
0.8889 1.0877 0.0585
0.8894 1.0879 0.0584
0.8899 1.0836 0.0539
0.8904 1.0791 0.0490
0.8909 1.0743 0.0439
0.8914 1.0720 0.0414
0.8919 1.0714 0.0405
0.8924 1.0736 0.0424
0.8929 1.0801 0.0486
0.8934 1.0834 0.0517
0.8939 1.0858 0.0538
0.8944 1.0806 0.0482
0.8949 1.0729 0.0403
0.8954 1.0616 0.0287
0.8959 1.0587 0.0256
0.8964 1.0542 0.0207
0.8969 1.0579 0.0241
0.8974 1.0638 0.0298
0.8979 1.0684 0.0341
0.8984 1.0664 0.0318
0.8989 1.0685 0.0337
0.8994 1.0718 0.0367
0.8999 1.0695 0.0341
0.9004 1.0705 0.0347
0.9009 1.0802 0.0442
0.9014 1.0861 0.0498
0.9019 1.0810 0.0445
0.9024 1.0776 0.0407
0.9029 1.0755 0.0384
0.9034 1.0658 0.0284
0.9039 1.0543 0.0167
0.9044 1.0501 0.0121
0.9049 1.0510 0.0127
0.9054 1.0545 0.0159
0.9059 1.0628 0.0240
0.9064 1.0677 0.0286
0.9069 1.0733 0.0339
0.9074 1.0804 0.0408
0.9079 1.0810 0.0411
0.9084 1.0725 0.0323
0.9089 1.0643 0.0238
0.9094 1.0592 0.0184
0.9099 1.0536 0.0125
0.9104 1.0454 0.0040
0.9109 1.0472 0.0055
0.9114 1.0556 0.0137
0.9119 1.0649 0.0227
0.9124 1.0697 0.0272
0.9129 1.0738 0.0310
0.9134 1.0709 0.0278
0.9139 1.0719 0.0286
0.9144 1.0671 0.0235
0.9149 1.0587 0.0148
0.9154 1.0556 0.0114
0.9159 1.0622 0.0177
