    0.6500   -1.0000   -1.0000         3
    0.6550   -1.0000   -1.0000         3
    0.6600   -1.0000   -1.0000         3
    0.6650   -1.0000   -1.0000         3
    0.6700   -1.0000   -1.0000         3
    0.6750   -1.0000   -1.0000         3
    0.6800    0.8395    0.0790         3
    0.6850    0.8449    0.0646         3
    0.6900    0.8407    0.0501         3
    0.6950   -1.0000   -1.0000         3
    0.7000   -1.0000   -1.0000         3
    0.7050    0.9452    0.0331         3
    0.7100   -1.0000   -1.0000         3
    0.7150    1.0102    0.0295         3
    0.7200    1.0173    0.0279         3
    0.7250    1.0137    0.0269         3
    0.7300    1.0162    0.0257         3
    0.7350    1.0393    0.0245         3
    0.7400    1.0309    0.0229         3
    0.7450    1.0561    0.0249         3
    0.7500   -1.0000   -1.0000         3
    0.7550    1.0171    0.0278         3
    0.7600    0.9947    0.0233         3
    0.7650    0.9874    0.0210         3
    0.7700    1.0379    0.0204         3
    0.7750    1.0384    0.0211         3
    0.7800    1.0209    0.0197         3
    0.7850    1.0307    0.0191         3
    0.7900    1.0239    0.0185         3
    0.7950    1.0233    0.0205         3
    0.8000    1.0104    0.0187         3
    0.8050    0.9937    0.0189         3
    0.8100    1.0073    0.0205         3
    0.8150    0.9980    0.0187         3
    0.8200    0.9816    0.0183         3
    0.8250    0.9726    0.0194         3
    0.8300    0.9567    0.0179         3
    0.8350    0.9560    0.0168         3
    0.8400    0.9398    0.0196         3
    0.8450    0.9399    0.0199         3
    0.8500    0.9446    0.0176         3
    0.8550    0.9344    0.0174         3
    0.8600    0.9291    0.0175         3
    0.8650    0.9319    0.0164         3
    0.8700    0.9191    0.0173         3
    0.8750    0.8999    0.0155         3
    0.8800    0.8897    0.0156         3
    0.8850    0.8904    0.0151         3
    0.8900    0.9024    0.0163         3
    0.8950    0.9006    0.0152         3
    0.9000    0.8843    0.0163         3
    0.9050    0.8713    0.0148         3
    0.9100    0.8639    0.0157         3
    0.9150    0.8704    0.0145         3
    0.9200    0.8713    0.0141         3
    0.9250    0.8816    0.0149         3
    0.9300    0.8908    0.0160         3
    0.9350    0.8811    0.0177         3
    0.9400    0.8735    0.0155         3
    0.9450    0.8881    0.0157         3
    0.9500    0.9039    0.0171         3
    0.9550    0.9110    0.0163         3
    0.9600    0.9118    0.0150         3
    0.9650    0.9116    0.0137         3
    0.9700    0.9153    0.0143         3
    0.9750    0.9162    0.0150         3
    0.9800    0.9329    0.0144         3
    0.9850    0.9464    0.0151         3
    0.9900    0.9466    0.0140         3
    0.9950    0.9355    0.0143         3
    1.0000    0.9297    0.0132         3
    1.0050    0.9468    0.0147         3
    1.0100    0.9533    0.0148         3
    1.0150    0.9609    0.0140         3
    1.0200    0.9845    0.0142         3
    1.0250    1.0077    0.0143         3
    1.0300    0.9879    0.0142         1
    1.0350    0.9891    0.0153         3
    1.0400    0.9858    0.0142         3
    1.0450    0.9939    0.0141         3
    1.0500    1.0015    0.0136         3
    1.0550    1.0100    0.0134         3
    1.0600    1.0164    0.0146         3
    1.0650    1.0198    0.0139         3
    1.0700    1.0197    0.0144         3
    1.0750    1.0220    0.0154         3
    1.0800    1.0352    0.0162         3
    1.0850    1.0574    0.0153         3
    1.0900    1.0603    0.0150         3
    1.0950    1.0633    0.0154         3
    1.1000    1.0485    0.0161         3
    1.1050    1.0330    0.0160         3
    1.1100    1.0504    0.0161         3
    1.1150    1.0769    0.0161         3
    1.1200    1.0858    0.0174         3
    1.1250    1.0805    0.0177         3
    1.1300    1.0937    0.0190         3
    1.1350    1.0974    0.0177         3
    1.1400    1.0967    0.0170         3
    1.1450    1.0888    0.0174         3
    1.1500    1.1010    0.0175         3
    1.1550    1.0894    0.0201         3
    1.1600    1.0864    0.0172         3
    1.1650    1.0978    0.0175         3
    1.1700    1.0789    0.0161         3
    1.1750    1.0848    0.0166         3
    1.1800    1.1134    0.0166         3
    1.1850    1.1016    0.0191         2
    1.1900    1.0651    0.0148         1
    1.1950    1.0887    0.0176         3
    1.2000    1.0887    0.0164         3
    1.2050    1.0921    0.0185         3
    1.2100    1.0910    0.0175         3
    1.2150    1.1097    0.0176         3
    1.2200    1.1303    0.0172         2
    1.2250    1.1374    0.0180         1
    1.2300    1.1075    0.0192         3
    1.2350    1.0975    0.0174         3
    1.2400    1.0954    0.0172         3
    1.2450    1.0987    0.0166         3
    1.2500    1.1115    0.0171         3
    1.2550    1.1177    0.0199         3
    1.2600    1.1307    0.0182         3
    1.2650    1.1468    0.0186         3
    1.2700    1.1426    0.0193         3
    1.2750    1.1383    0.0183         3
    1.2800    1.1330    0.0189         3
    1.2850    1.1315    0.0202         3
    1.2900    1.1157    0.0181         3
    1.2950    1.1323    0.0164         3
    1.3000    1.1281    0.0209         3
    1.3050    1.1203    0.0175         3
    1.3100    1.1049    0.0177         3
    1.3150    1.1045    0.0156         1
    1.3200    1.1084    0.0190         3
    1.3250    1.1212    0.0189         3
    1.3300    1.1118    0.0210         3
    1.3350    1.1140    0.0197         3
    1.3400    1.1173    0.0202         2
    1.3450    1.1117    0.0199         1
    1.3500   -1.0000   -1.0000         0
    1.3550    1.1836    0.0340         1
    1.3600    1.1797    0.0350         1
    1.3650    1.1632    0.0368         2
    1.3700    1.1234    0.0390         2
    1.3750    1.1549    0.0300         1
    1.3800    1.1522    0.0303         2
    1.3850    1.1241    0.0323         3
    1.3900    1.1091    0.0323         3
    1.3950    1.1659    0.0268         1
    1.4000    1.1449    0.0283         3
    1.4050    1.1409    0.0312         2
    1.4100    1.1810    0.0278         2
    1.4150    1.1654    0.0269         3
    1.4200   -1.0000   -1.0000         0
    1.4250    1.1257    0.0221         2
    1.4300    1.1280    0.0224         3
    1.4350    1.1469    0.0237         3
    1.4400    1.1755    0.0253         3
    1.4450    1.1635    0.0219         3
    1.4500    1.1458    0.0227         3
    1.4550    1.1457    0.0210         3
    1.4600    1.1504    0.0221         3
    1.4650    1.1610    0.0218         3
    1.4700    1.1721    0.0220         3
    1.4750    1.1611    0.0217         3
    1.4800    1.1731    0.0197         3
    1.4850    1.1809    0.0192         3
    1.4900    1.1873    0.0205         3
    1.4950    1.1993    0.0191         3
    1.5000    1.1894    0.0195         3
    1.5050    1.1779    0.0196         3
    1.5100    1.1626    0.0192         3
    1.5150    1.1536    0.0187         3
    1.5200    1.1880    0.0194         3
    1.5250    1.2257    0.0190         3
    1.5300    1.1039    0.0191         3
    1.5350    1.1020    0.0186         3
    1.5400    1.1600    0.0191         3
    1.5450    1.1872    0.0197         3
    1.5500    1.1897    0.0195         3
    1.5550    1.1590    0.0199         3
    1.5600    1.1830    0.0212         3
    1.5650    1.1713    0.0193         3
    1.5700    1.1326    0.0194         3
    1.5750    1.1149    0.0194         3
    1.5800    1.1432    0.0197         3
    1.5850    1.1280    0.0197         3
    1.5900    1.1175    0.0192         3
    1.5950    1.1422    0.0196         3
    1.6000    1.1227    0.0195         3
    1.6050    1.1986    0.0205         3
    1.6100    1.1908    0.0234         3
    1.6150    1.1462    0.0208         3
    1.6200    1.1962    0.0203         3
    1.6250    1.1533    0.0205         3
    1.6300    1.1047    0.0207         3
    1.6350    1.1137    0.0190         3
    1.6400    1.1710    0.0194         3
    1.6450    1.1683    0.0223         3
    1.6500    1.1103    0.0209         3
    1.6550    1.0509    0.0193         3
    1.6600    1.0866    0.0195         3
    1.6650    1.1272    0.0212         3
    1.6700    1.1239    0.0203         3
    1.6750    1.1335    0.0225         3
    1.6800    1.1295    0.0224         3
    1.6850    1.1213    0.0233         3
    1.6900    1.1041    0.0201         3
    1.6950    1.0692    0.0216         3
    1.7000    1.1372    0.0204         3
    1.7050    1.1382    0.0243         3
    1.7100    1.0880    0.0208         3
    1.7150    1.0796    0.0246         3
    1.7200    1.0399    0.0225         3
    1.7250    1.0703    0.0253         3
    1.7300    1.0639    0.0226         3
    1.7350    1.0227    0.0248         3
    1.7400    1.1090    0.0227         3
    1.7450    1.1147    0.0253         3
    1.7500    1.0537    0.0244         3
    1.7550    1.0336    0.0215         3
    1.7600    1.0601    0.0241         3
    1.7650    1.0560    0.0237         3
    1.7700    0.9986    0.0229         3
    1.7750    1.0043    0.0226         3
    1.7800    1.0098    0.0244         3
    1.7850    1.0581    0.0230         3
    1.7900    1.0846    0.0244         3
    1.7950    1.1226    0.0256         3
    1.8000    1.0940    0.0282         2
    1.8050    1.0774    0.0282         3
    1.8100    0.9757    0.0290         3
    1.8150    0.9626    0.0318         3
    1.8200    1.0776    0.0336         3
    1.8250    1.0529    0.0361         3
    1.8300    0.9953    0.0418         3
    1.8350    1.0057    0.0459         2
    1.8400    1.0957    0.0539         1
    1.8450    1.0924    0.0645         2
    1.8500   -1.0000   -1.0000         0
    1.8550   -1.0000   -1.0000         0
    1.8600    0.9458    0.0516         3
    1.8650    1.0498    0.0612         3
    1.8700    1.0420    0.0639         2
    1.8750    1.0672    0.0596         2
    1.8800    0.9780    0.0387         1
    1.8850    1.0164    0.0452         3
    1.8900    1.0286    0.0400         3
    1.8950    1.0330    0.0480         2
    1.9000    1.0018    0.0509         3
    1.9050    1.0138    0.0492         3
    1.9100    1.0000    0.0571         3
    1.9150    0.9858    0.0512         3
    1.9200    0.9307    0.0464         3
    1.9250    0.9191    0.0426         3
    1.9300    0.9358    0.0385         3
    1.9350    0.9432    0.0325         3
    1.9400    0.9902    0.0370         3
    1.9450    0.9473    0.0362         3
    1.9500    0.9423    0.0364         3
    1.9550    0.9851    0.0420         3
    1.9600    1.0511    0.0401         3
    1.9650    1.0093    0.0384         3
    1.9700    0.9878    0.0356         3
    1.9750    1.0049    0.0333         3
    1.9800    0.9964    0.0310         3
    1.9850    1.0043    0.0297         3
    1.9900    0.9836    0.0293         3
    1.9950    0.9916    0.0355         3
    2.0000    1.0532    0.0391         2
    2.0050    1.0464    0.0502         1
    2.0100    0.9990    0.0494         3
    2.0150    1.0164    0.0467         3
    2.0200    1.0005    0.0398         3
    2.0250    0.9983    0.0348         3
    2.0300    0.8806    0.0362         2
    2.0350    0.9071    0.0296         3
    2.0400    1.0261    0.0315         3
    2.0450    0.9559    0.0337         3
    2.0500    0.9545    0.0341         1
    2.0550    0.9147    0.0365         3
    2.0600    0.9871    0.0371         3
    2.0650    1.0844    0.0337         3
    2.0700    1.0476    0.0358         3
    2.0750    0.9347    0.0366         3
    2.0800    0.8888    0.0341         2
    2.0850    0.9594    0.0297         3
    2.0900    0.9653    0.0312         3
    2.0950    0.9528    0.0325         3
    2.1000    0.9579    0.0324         3
    2.1050    0.9751    0.0312         3
    2.1100    0.9970    0.0311         3
    2.1150    1.0184    0.0362         3
    2.1200   -1.0000   -1.0000         0
    2.1250   -1.0000   -1.0000         0
    2.1300    1.0271    0.0345         3
    2.1350    1.0419    0.0367         3
    2.1400    1.0566    0.0351         3
    2.1450    0.9767    0.0381         3
    2.1500    1.0032    0.0369         3
    2.1550   -1.0000   -1.0000         0
    2.1600    1.0434    0.0407         3
    2.1650    0.9524    0.0359         3
    2.1700    1.0347    0.0379         3
    2.1750    1.1140    0.0370         3
    2.1800    1.0922    0.0416         3
    2.1850    1.0085    0.0345         3
    2.1900    1.1221    0.0384         3
    2.1950    1.0912    0.0438         3
    2.2000    1.0295    0.0418         3
    2.2050    1.0188    0.0463         3
    2.2100    0.9182    0.0373         2
    2.2150    1.0418    0.0399         3
    2.2200    1.0854    0.0395         3
    2.2250    1.0493    0.0415         3
    2.2300    1.0552    0.0376         3
    2.2350    1.0059    0.0374         3
    2.2400    1.0110    0.0356         3
    2.2450    1.0116    0.0412         3
    2.2500    1.0018    0.0431         3
    2.2550    1.0504    0.0397         3
    2.2600    1.0540    0.0407         3
    2.2650    1.0909    0.0427         3
    2.2700    1.0632    0.0437         3
    2.2750    1.0776    0.0403         3
    2.2800    1.0965    0.0434         3
    2.2850    1.0752    0.0419         3
    2.2900    1.1517    0.0465         3
    2.2950    1.1706    0.0454         3
    2.3000    1.0825    0.0464         3
    2.3050   -1.0000   -1.0000         0
    2.3100    1.0557    0.0427         3
    2.3150    1.1421    0.0512         3
    2.3200    1.0820    0.0452         3
    2.3250    1.0679    0.0467         3
    2.3300   -1.0000   -1.0000         0
    2.3350    1.0457    0.0438         3
    2.3400    1.0798    0.0465         3
    2.3450   -1.0000   -1.0000         0
    2.3500    1.0455    0.0491         3
    2.3550    1.0958    0.0491         3
    2.3600    1.0254    0.0479         3
    2.3650    1.0862    0.0560         3
    2.3700    1.1673    0.0542         3
    2.3750    1.1288    0.0551         3
    2.3800    1.0872    0.0508         3
    2.3850    1.0411    0.0501         2
    2.3900    1.1766    0.0484         3
    2.3950    1.2205    0.0562         3
    2.4000    1.1672    0.0550         3
    2.4050    1.0903    0.0551         3
    2.4100    1.0558    0.0538         3
    2.4150    1.1281    0.0541         3
    2.4200    1.1085    0.0509         3
    2.4250    1.1176    0.0550         3
    2.4300    1.1033    0.0575         3
    2.4350   -1.0000   -1.0000         0
    2.4400   -1.0000   -1.0000         0
    2.4450    1.0266    0.0571         3
    2.4500   -1.0000   -1.0000         0
    2.4550   -1.0000   -1.0000         0
    2.4600    1.0736    0.0566         3
    2.4650    1.1969    0.0569         1
    2.4700    1.0663    0.0658         3
    2.4750    0.9997    0.0570         3
    2.4800   -1.0000   -1.0000         0
    2.4850   -1.0000   -1.0000         0
    2.4900    1.1207    0.0717         1
