0.50000 0.99674
0.50050 0.98207
0.50100 0.96884
0.50150 0.96131
0.50200 0.95492
0.50250 0.93048
0.50300 0.94456
0.50350 1.00511
0.50400 0.99156
0.50450 0.98168
0.50500 0.99278
0.50550 1.00569
0.50600 1.00232
0.50650 0.97546
0.50700 0.96725
0.50750 0.97296
0.50800 0.99509
0.50850 0.99344
0.50900 0.98834
0.50950 0.98865
0.51000 0.96868
0.51050 0.94200
0.51100 0.96717
0.51150 0.98227
0.51200 0.98413
0.51250 0.97190
0.51300 0.96709
0.51350 0.97141
0.51400 0.98352
0.51450 0.99371
0.51500 0.99747
0.51550 0.94341
0.51600 0.91603
0.51650 0.95677
0.51700 0.94965
0.51750 0.93690
0.51800 0.94484
0.51850 0.98408
0.51900 1.01595
0.51950 0.98957
0.52000 0.95198
0.52050 0.92614
0.52100 0.98051
0.52150 0.99784
0.52200 0.99580
0.52250 1.02024
0.52300 1.02010
0.52350 0.99937
0.52400 1.01812
0.52450 1.02091
0.52500 1.00439
0.52550 1.00137
0.52600 0.99190
0.52650 0.98004
0.52700 1.00289
0.52750 1.03097
0.52800 1.05427
0.52850 1.03725
0.52900 1.02389
0.52950 1.03940
0.53000 1.04398
0.53050 1.03977
0.53100 1.02849
0.53150 1.00012
0.53200 0.96599
0.53250 0.98550
0.53300 1.00479
0.53350 1.02288
0.53400 1.01853
0.53450 1.00660
0.53500 0.99382
0.53550 0.98888
0.53600 0.99198
0.53650 1.00462
0.53700 0.98471
0.53750 0.97005
0.53800 0.97100
0.53850 0.97265
0.53900 0.96877
0.53950 0.95266
0.54000 0.96511
0.54050 0.98608
0.54100 1.00869
0.54150 1.01859
0.54200 1.01865
0.54250 1.00747
0.54300 1.00176
0.54350 0.99577
0.54400 0.99779
0.54450 0.99437
0.54500 0.98979
0.54550 0.99298
0.54600 1.00375
0.54650 1.02239
0.54700 1.00006
0.54750 0.98819
0.54800 0.99379
0.54850 0.98701
0.54900 0.99255
0.54950 1.02356
0.55000 1.00000
0.55050 0.99756
0.55100 0.97423
0.55150 0.98505
0.55200 1.00890
0.55250 1.03479
0.55300 1.04096
0.55350 1.02799
0.55400 0.99362
0.55450 0.99150
0.55500 1.01060
0.55550 0.97859
0.55600 0.96654
0.55650 0.96973
0.55700 0.94945
0.55750 0.95255
0.55800 0.97476
0.55850 0.98335
0.55900 0.99167
0.55950 0.99895
0.56000 1.00871
0.56050 1.01411
0.56100 1.02852
0.56150 1.01100
0.56200 0.99075
0.56250 0.98915
0.56300 0.99381
0.56350 0.99074
0.56400 0.97891
0.56450 0.98018
0.56500 0.99077
0.56550 0.99270
0.56600 0.99450
0.56650 0.99295
0.56700 1.01311
0.56750 1.02566
0.56800 1.02867
0.56850 1.00627
0.56900 0.99443
0.56950 0.99747
0.57000 1.00042
0.57050 1.00443
0.57100 1.00791
0.57150 0.99890
0.57200 0.99134
0.57250 1.00016
0.57300 1.00297
0.57350 1.00436
0.57400 1.01208
0.57450 0.99761
0.57500 0.97843
0.57550 0.97888
0.57600 0.98394
0.57650 0.98585
0.57700 0.97948
0.57750 0.98513
0.57800 1.00261
0.57850 1.01592
0.57900 1.02075
0.57950 1.01925
0.58000 1.02473
0.58050 1.02744
0.58100 1.01187
0.58150 1.02774
0.58200 1.03478
0.58250 1.01178
0.58300 1.03435
0.58350 1.04141
0.58400 1.01100
0.58450 1.01558
0.58500 1.00644
0.58550 1.00652
0.58600 1.00585
0.58650 1.02473
0.58700 1.03693
0.58750 1.03515
0.58800 1.02432
0.58850 0.98846
0.58900 1.01157
0.58950 1.00028
0.59000 1.01247
0.59050 1.02141
0.59100 1.01271
0.59150 1.03227
0.59200 1.03517
0.59250 1.01675
0.59300 0.99925
0.59350 0.98694
0.59400 0.97989
0.59450 0.99762
0.59500 1.02086
0.59550 1.02517
0.59600 1.00722
0.59650 0.98588
0.59700 0.98257
0.59750 0.99378
0.59800 1.01130
0.59850 0.99438
0.59900 0.99139
0.59950 0.99685
0.60000 0.99781
0.60050 0.99742
0.60100 0.99253
0.60150 0.98974
0.60200 0.99323
0.60250 1.00572
0.60300 1.01248
0.60350 1.00426
0.60400 0.97729
0.60450 0.98858
0.60500 0.99988
0.60550 0.99171
0.60600 1.00233
0.60650 1.01571
0.60700 1.01019
0.60750 0.98925
0.60800 0.96659
0.60850 0.97484
0.60900 0.98243
0.60950 0.99062
0.61000 0.97723
0.61050 0.96082
0.61100 0.94609
0.61150 0.98382
0.61200 1.00376
0.61250 1.00564
0.61300 0.98560
0.61350 0.97200
0.61400 0.97433
0.61450 0.99169
0.61500 0.99910
0.61550 0.98597
0.61600 0.97327
0.61650 0.96377
0.61700 0.96167
0.61750 0.98305
0.61800 1.00622
0.61850 0.99212
0.61900 0.98804
0.61950 0.98156
0.62000 0.96631
0.62050 0.96812
0.62100 0.98411
0.62150 0.97715
0.62200 0.97847
0.62250 0.99042
0.62300 1.00938
0.62350 1.01259
0.62400 0.99090
0.62450 1.00423
0.62500 1.01443
0.62550 1.00870
0.62600 1.00580
0.62650 1.00221
0.62700 0.99772
0.62750 0.98043
0.62800 0.96749
0.62850 0.98506
0.62900 0.97229
0.62950 0.95837
0.63000 1.00487
0.63050 1.02456
0.63100 1.02532
0.63150 0.98962
0.63200 0.98000
0.63250 0.98928
0.63300 0.98237
0.63350 0.97553
0.63400 0.96733
0.63450 0.97169
0.63500 0.97381
0.63550 0.97188
0.63600 0.98109
0.63650 0.98349
0.63700 0.97269
0.63750 0.96137
0.63800 0.95209
0.63850 0.94708
0.63900 0.95607
0.63950 0.96808
0.64000 0.97619
0.64050 0.98206
0.64100 0.98821
0.64150 0.99648
0.64200 0.99912
0.64250 0.99664
0.64300 0.98006
0.64350 0.97272
0.64400 0.97491
0.64450 0.97222
0.64500 0.97605
0.64550 0.98718
0.64600 0.97573
0.64650 0.96902
0.64700 0.97543
0.64750 0.97815
0.64800 0.96530
0.64850 0.97983
0.64900 0.98231
0.64950 0.98028
0.65000 0.96879
0.65050 0.97916
0.65100 0.99277
0.65150 0.98087
0.65200 0.96838
0.65250 0.95813
0.65300 0.96213
0.65350 0.96877
0.65400 0.97836
0.65450 0.99455
0.65500 0.99036
0.65550 0.96508
0.65600 0.96273
0.65650 0.97252
0.65700 0.99625
0.65750 0.98552
0.65800 0.96999
0.65850 0.95302
0.65900 0.95800
0.65950 0.96106
0.66000 0.98372
0.66050 0.98281
0.66100 0.97608
0.66150 0.97662
0.66200 0.97410
0.66250 0.97224
0.66300 0.98324
0.66350 0.98182
0.66400 0.97299
0.66450 0.97109
0.66500 0.97015
0.66550 0.97018
0.66600 0.97511
0.66650 0.97179
0.66700 0.95927
0.66750 0.95630
0.66800 0.96430
0.66850 0.98777
0.66900 0.98601
0.66950 0.98278
0.67000 0.98446
0.67050 0.98676
0.67100 0.98710
0.67150 0.98238
0.67200 0.98618
0.67250 0.99117
0.67300 0.98584
0.67350 0.98517
0.67400 0.98747
0.67450 0.99011
0.67500 0.98718
0.67550 0.98016
0.67600 0.97322
0.67650 0.97579
0.67700 0.98745
0.67750 0.97283
0.67800 0.96083
0.67850 0.95212
0.67900 0.95068
0.67950 0.95745
0.68000 0.97870
0.68050 0.97288
0.68100 0.96118
0.68150 0.94696
0.68200 0.96250
0.68250 0.98396
0.68300 0.99537
0.68350 0.99060
0.68400 0.97754
0.68450 0.97099
0.68500 0.96693
0.68550 0.96504
0.68600 0.95572
0.68650 0.95958
0.68700 0.99958
0.68750 0.99006
0.68800 0.98096
0.68850 0.97379
0.68900 0.95508
0.68950 0.95068
0.69000 0.96466
0.69050 0.96766
0.69100 0.97759
0.69150 1.00082
0.69200 0.97886
0.69250 0.95664
0.69300 0.95870
0.69350 0.98417
0.69400 1.00841
0.69450 0.99643
0.69500 0.98609
0.69550 0.97732
0.69600 0.96705
0.69650 0.96090
0.69700 0.95901
0.69750 0.96891
0.69800 0.96828
0.69850 0.95326
0.69900 0.98300
0.69950 0.98621
0.70000 0.95643
0.70050 0.95484
0.70100 0.96347
0.70150 0.98356
0.70200 0.99541
0.70250 0.99723
0.70300 0.98413
0.70350 0.98335
0.70400 0.98379
0.70450 0.97776
0.70500 0.95465
0.70550 0.92978
0.70600 0.92430
0.70650 0.94389
0.70700 0.97464
0.70750 0.98088
0.70800 0.98656
0.70850 0.99324
0.70900 0.99391
0.70950 0.98574
0.71000 0.97009
0.71050 0.96156
0.71100 0.95759
0.71150 0.95831
0.71200 0.97035
0.71250 0.97799
0.71300 0.97151
0.71350 0.97777
0.71400 0.98648
0.71450 0.99014
0.71500 0.98194
0.71550 0.97053
0.71600 0.96923
0.71650 0.97053
0.71700 0.97344
0.71750 0.98173
0.71800 0.96301
0.71850 0.93405
0.71900 0.97057
0.71950 0.98897
0.72000 0.98993
0.72050 0.95900
0.72100 0.94783
0.72150 0.95501
0.72200 0.93200
0.72250 0.93959
0.72300 0.99552
0.72350 1.00559
0.72400 1.00286
0.72450 0.99624
0.72500 0.96417
0.72550 0.95503
0.72600 0.96111
0.72650 0.95993
0.72700 0.95839
0.72750 0.95620
0.72800 0.96819
0.72850 0.98002
0.72900 0.97188
0.72950 0.96809
0.73000 0.97055
0.73050 0.99094
0.73100 0.99676
0.73150 0.98652
0.73200 0.98981
0.73250 0.98688
0.73300 0.97698
0.73350 0.97971
0.73400 0.97778
0.73450 0.96683
0.73500 0.97472
0.73550 0.98004
0.73600 0.98073
0.73650 0.97246
0.73700 0.96873
0.73750 0.97569
0.73800 0.95905
0.73850 0.93993
0.73900 0.94144
0.73950 0.95485
0.74000 0.97199
0.74050 0.97322
0.74100 0.97204
0.74150 0.96947
0.74200 0.98557
0.74250 0.98541
0.74300 0.96138
0.74350 0.96621
0.74400 0.97433
0.74450 0.98536
0.74500 0.96854
0.74550 0.96066
0.74600 0.98242
0.74650 0.98303
0.74700 0.98758
0.74750 0.97337
0.74800 0.96675
0.74850 0.96572
0.74900 0.98076
0.74950 0.99496
0.75000 0.99967
0.75050 0.97960
0.75100 0.97496
0.75150 0.98078
0.75200 0.97077
0.75250 0.97139
0.75300 0.97645
0.75350 0.98696
0.75400 0.97618
0.75450 0.95557
0.75500 0.95821
0.75550 0.97260
0.75600 0.97146
0.75650 0.97525
0.75700 0.98521
0.75750 0.98246
0.75800 0.98492
0.75850 0.98555
0.75900 0.98625
0.75950 0.98686
0.76000 0.98627
0.76050 0.98144
0.76100 0.99192
0.76150 0.99630
0.76200 0.99168
0.76250 0.98765
0.76300 0.98561
0.76350 0.96940
0.76400 0.96407
0.76450 0.96915
0.76500 0.98973
0.76550 0.97925
0.76600 0.96327
0.76650 0.96061
0.76700 0.97416
0.76750 1.01018
0.76800 1.02011
0.76850 1.00948
0.76900 0.97318
0.76950 0.94712
0.77000 0.92961
0.77050 0.92853
0.77100 0.95214
0.77150 0.98351
0.77200 1.00383
0.77250 1.00745
0.77300 1.00127
0.77350 0.98614
0.77400 0.96987
0.77450 0.95587
0.77500 0.99883
0.77550 1.01733
0.77600 1.00791
0.77650 0.96756
0.77700 0.94016
0.77750 0.93695
0.77800 0.94840
0.77850 0.96131
0.77900 0.98277
0.77950 0.97177
0.78000 0.97252
0.78050 0.97621
0.78100 0.96347
0.78150 0.97829
0.78200 1.01990
0.78250 1.00683
0.78300 0.97624
0.78350 0.98017
0.78400 0.99520
0.78450 1.01619
0.78500 1.00024
0.78550 0.96501
0.78600 0.91296
0.78650 0.99541
0.78700 1.03493
0.78750 1.02302
0.78800 1.02809
0.78850 1.00390
0.78900 0.93236
0.78950 0.94758
0.79000 0.95579
0.79050 0.97964
0.79100 0.98572
0.79150 0.98747
0.79200 0.97998
0.79250 0.97090
0.79300 0.96636
0.79350 0.98695
0.79400 1.00415
0.79450 1.01599
0.79500 1.03670
0.79550 1.02797
0.79600 1.00216
0.79650 0.96955
0.79700 0.94961
0.79750 0.94372
0.79800 0.96659
0.79850 0.99368
0.79900 1.02300
0.79950 0.98757
0.80000 0.96845
0.80050 0.98542
0.80100 0.99638
0.80150 0.99397
0.80200 0.96824
0.80250 0.95646
0.80300 0.95400
0.80350 0.95699
0.80400 0.97952
0.80450 1.00587
0.80500 1.00526
0.80550 0.99424
0.80600 0.97581
0.80650 0.96799
0.80700 0.96962
0.80750 0.98232
0.80800 0.99534
0.80850 1.00606
0.80900 1.01016
0.80950 1.02464
0.81000 1.02667
0.81050 1.01012
0.81100 0.99991
0.81150 0.99228
0.81200 0.98959
0.81250 0.97331
0.81300 0.96172
0.81350 0.96310
0.81400 0.97678
0.81450 0.98978
0.81500 0.99824
0.81550 1.00233
0.81600 1.00178
0.81650 1.00225
0.81700 0.99597
0.81750 0.98463
0.81800 0.98347
0.81850 0.97481
0.81900 0.95862
0.81950 0.99532
0.82000 1.01835
0.82050 1.02120
0.82100 1.00877
0.82150 0.98487
0.82200 0.94411
0.82250 0.94871
0.82300 0.98913
0.82350 0.98950
0.82400 0.98344
0.82450 0.99787
0.82500 0.98973
0.82550 1.00023
0.82600 0.99118
0.82650 0.96891
0.82700 0.97937
0.82750 1.01033
0.82800 1.02553
0.82850 1.01281
0.82900 0.98052
0.82950 1.00497
0.83000 0.99134
0.83050 0.94178
0.83100 0.99452
0.83150 1.01888
0.83200 0.98232
0.83250 0.96417
0.83300 0.96213
0.83350 1.01340
0.83400 1.04218
0.83450 1.04689
0.83500 1.00936
0.83550 0.99425
0.83600 0.98257
0.83650 0.95290
0.83700 0.97739
0.83750 1.01255
0.83800 0.96531
0.83850 0.97944
0.83900 0.96213
0.83950 0.97795
0.84000 0.99243
0.84050 0.98202
0.84100 0.98737
0.84150 1.00100
0.84200 1.02680
0.84250 1.05599
0.84300 1.05442
0.84350 1.00583
0.84400 0.97366
0.84450 0.96752
0.84500 1.00729
0.84550 1.00368
0.84600 0.99030
0.84650 0.97912
0.84700 0.98935
0.84750 1.00705
0.84800 1.02714
0.84850 1.03476
0.84900 1.03483
0.84950 1.02986
0.85000 1.01381
0.85050 0.99167
0.85100 0.99169
0.85150 0.98814
0.85200 0.98112
0.85250 0.99007
0.85300 0.99932
0.85350 1.00936
0.85400 0.97840
0.85450 0.95393
0.85500 0.94608
0.85550 0.96423
0.85600 0.98724
0.85650 1.01042
0.85700 1.03603
0.85750 1.05429
0.85800 1.04554
0.85850 1.00866
0.85900 0.97028
0.85950 0.98952
0.86000 0.99772
0.86050 0.99379
0.86100 0.93019
0.86150 0.94122
0.86200 1.01106
0.86250 1.04778
0.86300 1.04435
0.86350 0.99869
0.86400 1.00746
0.86450 1.01168
0.86500 1.00610
0.86550 0.99836
0.86600 0.98441
0.86650 0.95917
0.86700 0.97908
0.86750 1.00727
0.86800 1.02946
0.86850 1.01412
0.86900 0.98788
0.86950 0.97042
0.87000 0.99548
0.87050 1.03292
0.87100 1.01772
0.87150 0.99268
0.87200 0.96393
0.87250 0.96868
0.87300 0.98024
0.87350 0.99801
0.87400 1.00646
0.87450 1.01098
0.87500 1.01024
0.87550 1.00722
0.87600 0.99601
0.87650 0.97203
0.87700 0.96859
0.87750 0.99139
0.87800 1.06171
0.87850 1.05597
0.87900 1.02647
0.87950 0.99103
0.88000 0.99804
0.88050 1.01813
0.88100 0.98128
0.88150 1.00700
0.88200 1.06800
0.88250 1.00222
0.88300 0.99746
0.88350 0.99521
0.88400 1.01523
0.88450 0.99844
0.88500 0.99095
0.88550 1.04148
0.88600 1.07545
0.88650 1.07632
0.88700 1.03522
0.88750 1.01606
0.88800 1.04578
0.88850 1.01594
0.88900 0.99108
0.88950 1.00723
0.89000 1.04559
0.89050 1.07339
0.89100 1.04422
0.89150 1.01353
0.89200 0.98672
0.89250 0.97902
0.89300 0.95458
0.89350 0.92862
0.89400 0.99345
0.89450 1.05262
0.89500 1.10507
0.89550 1.03819
0.89600 0.97961
0.89650 0.90196
0.89700 0.90605
0.89750 0.93877
0.89800 1.00570
0.89850 1.02760
0.89900 1.03383
0.89950 1.02076
0.90000 1.04794
