    0.6500   -1.0000   -1.0000         0
    0.6550   -1.0000   -1.0000         0
    0.6600   -1.0000   -1.0000         0
    0.6650   -1.0000   -1.0000         0
    0.6700   -1.0000   -1.0000         0
    0.6750   -1.0000   -1.0000         0
    0.6800   -1.0000   -1.0000         0
    0.6850   -1.0000   -1.0000         0
    0.6900   -1.0000   -1.0000         0
    0.6950   -1.0000   -1.0000         0
    0.7000   -1.0000   -1.0000         0
    0.7050   -1.0000   -1.0000         0
    0.7100   -1.0000   -1.0000         0
    0.7150   -1.0000   -1.0000         0
    0.7200   -1.0000   -1.0000         0
    0.7250   -1.0000   -1.0000         0
    0.7300   -1.0000   -1.0000         0
    0.7350   -1.0000   -1.0000         0
    0.7400   -1.0000   -1.0000         0
    0.7450   -1.0000   -1.0000         0
    0.7500   -1.0000   -1.0000         0
    0.7550   -1.0000   -1.0000         0
    0.7600   -1.0000   -1.0000         0
    0.7650   -1.0000   -1.0000         0
    0.7700   -1.0000   -1.0000         0
    0.7750   -1.0000   -1.0000         0
    0.7800    0.9996    0.0093         3
    0.7850    1.0009    0.0096         3
    0.7900    1.0192    0.0093         3
    0.7950    1.0258    0.0091         3
    0.8000    1.0037    0.0093         3
    0.8050    1.0009    0.0090         3
    0.8100    1.0149    0.0091         3
    0.8150    1.0117    0.0092         3
    0.8200    1.0181    0.0088         3
    0.8250    1.0169    0.0088         3
    0.8300    1.0130    0.0091         3
    0.8350    1.0153    0.0086         3
    0.8400    1.0289    0.0086         3
    0.8450    1.0304    0.0084         3
    0.8500    1.0354    0.0087         3
    0.8550    1.0274    0.0088         3
    0.8600    1.0383    0.0086         3
    0.8650    1.0265    0.0087         3
    0.8700    1.0158    0.0094         3
    0.8750    1.0206    0.0087         3
    0.8800    1.0332    0.0083         3
    0.8850    1.0190    0.0080         3
    0.8900    1.0130    0.0079         3
    0.8950    1.0253    0.0078         3
    0.9000    1.0136    0.0081         3
    0.9050    1.0117    0.0075         3
    0.9100    1.0235    0.0075         3
    0.9150    1.0204    0.0074         3
    0.9200    1.0109    0.0075         3
    0.9250    1.0113    0.0073         3
    0.9300    1.0255    0.0076         3
    0.9350    1.0105    0.0074         3
    0.9400    1.0154    0.0076         3
    0.9450    1.0162    0.0077         3
    0.9500    1.0134    0.0076         3
    0.9550    1.0049    0.0074         3
    0.9600    1.0075    0.0076         3
    0.9650    0.9994    0.0075         3
    0.9700    0.9983    0.0083         3
    0.9750    1.0057    0.0074         3
    0.9800    1.0071    0.0072         3
    0.9850    1.0112    0.0074         3
    0.9900    1.0104    0.0076         3
    0.9950    0.9950    0.0069         3
    1.0000    1.0106    0.0069         3
    1.0050    1.0162    0.0067         3
    1.0100    1.0120    0.0066         3
    1.0150    1.0152    0.0065         3
    1.0200    1.0155    0.0071         2
    1.0250    0.9984    0.0066         3
    1.0300    1.0034    0.0065         3
    1.0350    0.9980    0.0068         3
    1.0400    0.9970    0.0065         3
    1.0450    1.0032    0.0067         3
    1.0500    0.9975    0.0065         3
    1.0550    0.9880    0.0063         3
    1.0600    0.9886    0.0061         3
    1.0650    0.9938    0.0062         3
    1.0700    1.0053    0.0065         3
    1.0750    0.9999    0.0065         3
    1.0800    1.0078    0.0061         3
    1.0850    1.0048    0.0061         3
    1.0900    0.9935    0.0065         3
    1.0950    0.9978    0.0062         3
    1.1000    1.0208    0.0062         3
    1.1050    1.0113    0.0063         3
    1.1100    1.0115    0.0060         3
    1.1150    1.0118    0.0059         3
    1.1200    1.0032    0.0055         3
    1.1250    1.0124    0.0055         3
    1.1300    0.9986    0.0058         3
    1.1350    1.0078    0.0060         3
    1.1400    1.0099    0.0066         3
    1.1450    1.0053    0.0056         1
    1.1500    1.0048    0.0053         2
    1.1550    1.0119    0.0063         3
    1.1600    0.9972    0.0061         3
    1.1650    1.0140    0.0061         3
    1.1700    1.0227    0.0047         2
    1.1750    1.0241    0.0047         2
    1.1800   -1.0000   -1.0000         0
    1.1850    1.0244    0.0058         3
    1.1900    1.0254    0.0055         3
    1.1950    1.0175    0.0057         3
    1.2000    1.0243    0.0058         3
    1.2050    1.0298    0.0059         3
    1.2100    1.0202    0.0056         3
    1.2150    1.0171    0.0058         3
    1.2200    1.0182    0.0059         3
    1.2250    1.0191    0.0058         3
    1.2300    1.0229    0.0056         3
    1.2350    1.0202    0.0056         3
    1.2400    1.0199    0.0053         3
    1.2450    1.0321    0.0053         3
    1.2500    1.0239    0.0053         3
    1.2550    1.0300    0.0057         3
    1.2600    1.0235    0.0062         3
    1.2650    1.0265    0.0062         3
    1.2700    1.0147    0.0060         2
    1.2750    1.0055    0.0071         2
    1.2800    1.0356    0.0061         3
    1.2850    1.0215    0.0056         3
    1.2900    1.0244    0.0059         3
    1.2950    1.0305    0.0060         3
    1.3000    1.0234    0.0060         3
    1.3050    1.0293    0.0062         3
    1.3100    1.0396    0.0060         3
    1.3150    1.0448    0.0056         3
    1.3200    1.0452    0.0054         3
    1.3250    1.0266    0.0055         3
    1.3300    1.0283    0.0057         3
    1.3350    1.0310    0.0051         3
    1.3400    1.0404    0.0052         3
    1.3450    1.0415    0.0055         3
    1.3500    1.0353    0.0061         2
    1.3550    1.0410    0.0071         3
    1.3600    1.0338    0.0062         1
    1.3650    1.0530    0.0076         3
    1.3700    1.0593    0.0100         2
    1.3750    1.0392    0.0095         3
    1.3800    1.0596    0.0085         3
    1.3850    1.0406    0.0087         3
    1.3900    1.0470    0.0092         3
    1.3950    1.0594    0.0087         3
    1.4000    1.0549    0.0082         3
    1.4050    1.0423    0.0080         3
    1.4100    1.0498    0.0084         3
    1.4150    1.0582    0.0072         3
    1.4200    1.0644    0.0069         3
    1.4250    1.0546    0.0067         3
    1.4300    1.0563    0.0076         3
    1.4350    1.0582    0.0085         2
    1.4400    1.0559    0.0055         1
    1.4450    1.0673    0.0073         3
    1.4500    1.0645    0.0069         3
    1.4550    1.0781    0.0064         3
    1.4600    1.0769    0.0068         3
    1.4650    1.0829    0.0069         3
    1.4700    1.0725    0.0071         3
    1.4750    1.0759    0.0070         3
    1.4800    1.0779    0.0072         3
    1.4850    1.0742    0.0065         3
    1.4900    1.0769    0.0066         3
    1.4950    1.0833    0.0063         3
    1.5000    1.0814    0.0067         3
    1.5050    1.0837    0.0080         3
    1.5100    1.0832    0.0065         3
    1.5150    1.0705    0.0072         2
    1.5200    1.0674    0.0068         3
    1.5250    1.0769    0.0067         3
    1.5300    1.0955    0.0072         3
    1.5350    1.0886    0.0070         3
    1.5400    1.0727    0.0067         3
    1.5450    1.0782    0.0070         3
    1.5500    1.0897    0.0071         3
    1.5550    1.0879    0.0068         3
    1.5600    1.0733    0.0068         3
    1.5650    1.0829    0.0072         3
    1.5700    1.0814    0.0067         3
    1.5750    1.0896    0.0070         3
    1.5800    1.0921    0.0078         3
    1.5850    1.0769    0.0074         3
    1.5900    1.0791    0.0062         2
    1.5950    1.0896    0.0084         3
    1.6000    1.0993    0.0089         3
    1.6050    1.0908    0.0072         3
    1.6100    1.0818    0.0074         3
    1.6150    1.0677    0.0079         3
    1.6200    1.0967    0.0081         3
    1.6250    1.1009    0.0074         3
    1.6300    1.0981    0.0070         3
    1.6350    1.0959    0.0071         3
    1.6400    1.1000    0.0073         3
    1.6450    1.1019    0.0079         3
    1.6500    1.0975    0.0081         3
    1.6550    1.0769    0.0077         3
    1.6600    1.0726    0.0072         3
    1.6650    1.0827    0.0075         3
    1.6700    1.0908    0.0079         3
    1.6750    1.0894    0.0077         3
    1.6800    1.0819    0.0078         3
    1.6850    1.1071    0.0079         3
    1.6900    1.0856    0.0080         3
    1.6950    1.0756    0.0079         3
    1.7000    1.0732    0.0076         3
    1.7050    1.0831    0.0074         3
    1.7100    1.0798    0.0074         3
    1.7150    1.0829    0.0078         3
    1.7200    1.0791    0.0084         3
    1.7250    1.0943    0.0081         3
    1.7300    1.0910    0.0076         3
    1.7350    1.1033    0.0082         3
    1.7400    1.1169    0.0079         3
    1.7450    1.0989    0.0077         3
    1.7500    1.1003    0.0075         3
    1.7550    1.1031    0.0075         3
    1.7600    1.1112    0.0084         3
    1.7650    1.1082    0.0082         3
    1.7700    1.1103    0.0089         3
    1.7750    1.1041    0.0087         3
    1.7800    1.1077    0.0087         3
    1.7850    1.0954    0.0084         3
    1.7900    1.0778    0.0080         3
    1.7950    1.0893    0.0082         3
    1.8000    1.1039    0.0097         3
    1.8050    1.0973    0.0093         3
    1.8100    1.0766    0.0094         3
    1.8150    1.0984    0.0089         3
    1.8200    1.1060    0.0099         3
    1.8250    1.1035    0.0094         3
    1.8300   -1.0000   -1.0000         0
    1.8350   -1.0000   -1.0000         0
    1.8400    1.0838    0.0120         2
    1.8450    1.0907    0.0135         3
    1.8500    1.1010    0.0168         3
    1.8550    1.1054    0.0149         2
    1.8600    1.1144    0.0133         3
    1.8650    1.0827    0.0135         3
    1.8700    1.1212    0.0151         3
    1.8750    1.1298    0.0150         3
    1.8800    1.1417    0.0164         2
    1.8850    1.1255    0.0186         1
    1.8900    1.1113    0.0127         2
    1.8950    1.1073    0.0125         2
    1.9000   -1.0000   -1.0000         0
    1.9050    1.0887    0.0134         3
    1.9100    1.1105    0.0129         3
    1.9150    1.1247    0.0148         3
    1.9200    1.1141    0.0138         2
    1.9250    1.1362    0.0137         3
    1.9300    1.1182    0.0123         3
    1.9350    1.1093    0.0123         3
    1.9400    1.1427    0.0124         3
    1.9450    1.1355    0.0126         3
    1.9500    1.1092    0.0107         3
    1.9550    1.1141    0.0115         3
    1.9600    1.1015    0.0121         3
    1.9650    1.1007    0.0130         2
    1.9700    1.1105    0.0132         3
    1.9750    1.1512    0.0141         3
    1.9800    1.1322    0.0111         3
    1.9850    1.1207    0.0102         3
    1.9900    1.1376    0.0107         3
    1.9950    1.1414    0.0103         3
    2.0000    1.1533    0.0115         2
    2.0050    1.1399    0.0119         3
    2.0100   -1.0000   -1.0000         0
    2.0150   -1.0000   -1.0000         0
    2.0200    1.0982    0.0164         2
    2.0250    1.1064    0.0165         2
    2.0300    1.1356    0.0133         3
    2.0350    1.1357    0.0121         3
    2.0400    1.1394    0.0121         3
    2.0450   -1.0000   -1.0000         0
    2.0500    1.1617    0.0088         2
    2.0550    1.1427    0.0107         3
    2.0600    1.1227    0.0111         3
    2.0650    1.1054    0.0129         3
    2.0700    1.1009    0.0107         3
    2.0750    1.1152    0.0115         3
    2.0800    1.1271    0.0106         3
    2.0850    1.1281    0.0105         3
    2.0900    1.1351    0.0100         3
    2.0950    1.1288    0.0101         3
    2.1000    1.1303    0.0102         3
    2.1050    1.1352    0.0112         3
    2.1100    1.1299    0.0107         3
    2.1150    1.1327    0.0105         3
    2.1200    1.1323    0.0113         3
    2.1250    1.1293    0.0110         3
    2.1300    1.1388    0.0107         3
    2.1350    1.1450    0.0106         3
    2.1400    1.1403    0.0116         3
    2.1450    1.1227    0.0112         3
    2.1500    1.1093    0.0124         3
    2.1550    1.1245    0.0123         3
    2.1600    1.1494    0.0113         3
    2.1650    1.1444    0.0111         3
    2.1700    1.1508    0.0118         3
    2.1750    1.1524    0.0117         3
    2.1800    1.1221    0.0115         3
    2.1850    1.1126    0.0125         3
    2.1900    1.1229    0.0124         3
    2.1950    1.1252    0.0126         3
    2.2000    1.1328    0.0117         3
    2.2050    1.1388    0.0126         3
    2.2100    1.1297    0.0123         3
    2.2150    1.1447    0.0115         3
    2.2200    1.1450    0.0122         3
    2.2250    1.1346    0.0132         3
    2.2300    1.1363    0.0131         3
    2.2350    1.1608    0.0135         3
    2.2400    1.1749    0.0135         3
    2.2450    1.1565    0.0128         3
    2.2500    1.1681    0.0144         3
    2.2550    1.1810    0.0141         3
    2.2600    1.1822    0.0130         3
    2.2650    1.1840    0.0137         3
    2.2700    1.1912    0.0134         3
    2.2750    1.1798    0.0129         3
    2.2800    1.1735    0.0140         3
    2.2850    1.1700    0.0136         3
    2.2900    1.1728    0.0147         3
    2.2950    1.2127    0.0181         2
    2.3000    1.2002    0.0151         3
    2.3050    1.1929    0.0151         3
    2.3100    1.2197    0.0172         2
    2.3150    1.1986    0.0166         2
    2.3200    1.1705    0.0150         3
    2.3250    1.1899    0.0140         3
    2.3300    1.2025    0.0140         3
    2.3350    1.2026    0.0147         3
    2.3400    1.2187    0.0168         3
    2.3450    1.2262    0.0172         3
    2.3500    1.2385    0.0160         3
    2.3550    1.2243    0.0143         2
    2.3600    1.2288    0.0183         3
    2.3650    1.2431    0.0166         3
    2.3700    1.2332    0.0154         2
    2.3750    1.2353    0.0144         1
    2.3800    1.2505    0.0140         2
    2.3850    1.2527    0.0174         3
    2.3900    1.2709    0.0147         2
    2.3950    1.2675    0.0171         3
    2.4000   -1.0000   -1.0000         0
    2.4050    1.2452    0.0145         1
    2.4100    1.2956    0.0183         3
    2.4150    1.3159    0.0192         2
    2.4200    1.2901    0.0183         3
    2.4250    1.2899    0.0204         3
    2.4300    1.3536    0.0173         1
    2.4350   -1.0000   -1.0000         0
    2.4400    1.2867    0.0153         1
    2.4450    1.2967    0.0201         3
    2.4500    1.3214    0.0149         2
    2.4550   -1.0000   -1.0000         0
    2.4600   -1.0000   -1.0000         0
    2.4650   -1.0000   -1.0000         0
    2.4700   -1.0000   -1.0000         0
    2.4750   -1.0000   -1.0000         0
    2.4800   -1.0000   -1.0000         0
    2.4850   -1.0000   -1.0000         0
    2.4900   -1.0000   -1.0000         0
