    0.8200   -1.0000   -1.0000         0
    0.8250   -1.0000   -1.0000         0
    0.8300    0.8426    0.0069         2
    0.8350    0.8471    0.0068         3
    0.8400    0.8384    0.0065         3
    0.8450    0.8326    0.0066         3
    0.8500    0.8338    0.0067         2
    0.8550    0.8142    0.0066         3
    0.8600    0.8063    0.0063         3
    0.8650    0.7987    0.0062         3
    0.8700    0.7969    0.0060         3
    0.8750    0.7886    0.0059         3
    0.8800    0.7848    0.0060         3
    0.8850    0.7880    0.0062         3
    0.8900    0.7889    0.0059         3
    0.8950    0.7861    0.0058         3
    0.9000    0.7949    0.0059         3
    0.9050    0.7957    0.0060         3
    0.9100    0.7969    0.0058         3
    0.9150    0.7964    0.0058         3
    0.9200    0.8029    0.0061         3
    0.9250    0.7925    0.0061         3
    0.9300    0.7927    0.0065         3
    0.9350    0.7930    0.0061         2
    0.9400    0.7928    0.0061         2
    0.9450    0.7962    0.0062         3
    0.9500    0.8034    0.0061         3
    0.9550    0.8167    0.0062         3
    0.9600    0.8213    0.0058         3
    0.9650    0.8325    0.0059         3
    0.9700    0.8322    0.0060         3
    0.9750    0.8349    0.0054         3
    0.9800    0.8270    0.0052         3
    0.9850    0.8270    0.0052         3
    0.9900    0.8402    0.0052         3
    0.9950    0.8463    0.0051         3
    1.0000    0.8463    0.0051         3
    1.0050    0.8547    0.0053         3
    1.0100    0.8652    0.0055         3
    1.0150    0.8596    0.0051         3
    1.0200    0.8614    0.0051         3
    1.0250    0.8696    0.0052         3
    1.0300    0.8705    0.0052         3
    1.0350    0.8696    0.0050         3
    1.0400    0.8774    0.0051         3
    1.0450    0.8857    0.0050         3
    1.0500    0.8879    0.0052         3
    1.0550    0.8919    0.0052         3
    1.0600    0.8899    0.0052         3
    1.0650    0.8955    0.0050         3
    1.0700    0.8974    0.0050         3
    1.0750    0.9057    0.0050         3
    1.0800    0.9108    0.0050         3
    1.0850    0.9172    0.0050         3
    1.0900    0.9185    0.0050         3
    1.0950    0.9228    0.0050         3
    1.1000    0.9251    0.0051         3
    1.1050    0.9233    0.0053         3
    1.1100    0.9355    0.0056         3
    1.1150    0.9469    0.0066         3
    1.1200    0.9349    0.0068         3
    1.1250    0.9455    0.0065         1
    1.1300    0.9675    0.0061         2
    1.1350    0.9570    0.0062         3
    1.1400    0.9528    0.0058         3
    1.1450    0.9559    0.0057         3
    1.1500    0.9568    0.0058         3
    1.1550    0.9624    0.0057         3
    1.1600    0.9674    0.0056         3
    1.1650    0.9754    0.0051         3
    1.1700    0.9833    0.0051         3
    1.1750    0.9844    0.0050         3
    1.1800    0.9821    0.0050         3
    1.1850    0.9878    0.0053         3
    1.1900    0.9898    0.0050         3
    1.1950    0.9895    0.0050         3
    1.2000    0.9915    0.0052         3
    1.2050    1.0001    0.0051         3
    1.2100    0.9997    0.0050         3
    1.2150    0.9944    0.0050         3
    1.2200    1.0012    0.0049         3
    1.2250    0.9986    0.0048         3
    1.2300    1.0073    0.0049         3
    1.2350    1.0153    0.0048         3
    1.2400    1.0139    0.0049         3
    1.2450    1.0172    0.0050         3
    1.2500    1.0159    0.0053         3
    1.2550    1.0201    0.0050         3
    1.2600    1.0172    0.0051         3
    1.2650    1.0255    0.0059         3
    1.2700    1.0264    0.0057         3
    1.2750    1.0260    0.0052         3
    1.2800    1.0331    0.0051         3
    1.2850    1.0272    0.0053         3
    1.2900    1.0340    0.0052         3
    1.2950    1.0380    0.0050         3
    1.3000    1.0394    0.0054         3
    1.3050    1.0429    0.0053         3
    1.3100    1.0470    0.0052         3
    1.3150    1.0520    0.0055         3
    1.3200    1.0508    0.0057         3
    1.3250    1.0515    0.0057         3
    1.3300    1.0602    0.0057         3
    1.3350    1.0505    0.0068         3
    1.3400    1.0444    0.0075         2
    1.3450    1.0472    0.0102         1
    1.3500    1.0303    0.0105         1
    1.3550    1.0572    0.0200         1
    1.3600    1.0494    0.0244         1
    1.3650    1.0700    0.0220         2
    1.3700    1.0741    0.0179         1
    1.3750    1.0514    0.0183         1
    1.3800    1.0700    0.0165         1
    1.3850    1.0808    0.0149         3
    1.3900    1.0870    0.0141         2
    1.3950    1.0800    0.0148         1
    1.4000    1.0863    0.0128         3
    1.4050    1.0862    0.0119         3
    1.4100   -1.0000   -1.0000         0
    1.4150   -1.0000   -1.0000         0
    1.4200    1.1020    0.0090         2
    1.4250    1.1028    0.0087         2
    1.4300    1.0933    0.0082         3
    1.4350    1.0999    0.0079         3
    1.4400    1.1026    0.0080         3
    1.4450    1.1075    0.0078         3
    1.4500    1.0976    0.0077         3
    1.4550    1.0888    0.0072         1
    1.4600    1.1092    0.0070         3
    1.4650    1.1087    0.0073         3
    1.4700    1.1056    0.0073         3
    1.4750    1.1046    0.0070         3
    1.4800    1.1051    0.0073         3
    1.4850    1.1123    0.0067         3
    1.4900    1.1121    0.0066         3
    1.4950    1.1122    0.0064         3
    1.5000    1.1185    0.0064         3
    1.5050    1.1186    0.0069         3
    1.5100    1.1048    0.0066         3
    1.5150    1.1063    0.0061         3
    1.5200    1.1198    0.0063         3
    1.5250    1.1118    0.0061         3
    1.5300    1.1103    0.0063         3
    1.5350    1.1212    0.0063         3
    1.5400    1.1198    0.0063         3
    1.5450    1.1211    0.0062         3
    1.5500    1.1257    0.0064         3
    1.5550    1.1181    0.0062         3
    1.5600    1.1193    0.0064         3
    1.5650    1.1230    0.0064         3
    1.5700    1.1169    0.0065         3
    1.5750    1.1136    0.0065         3
    1.5800    1.1200    0.0064         3
    1.5850    1.1138    0.0065         3
    1.5900    1.1209    0.0067         3
    1.5950    1.1156    0.0065         3
    1.6000    1.1127    0.0070         3
    1.6050    1.1146    0.0068         3
    1.6100    1.1148    0.0067         3
    1.6150    1.1020    0.0066         3
    1.6200    1.0874    0.0069         3
    1.6250    1.0923    0.0067         3
    1.6300    1.1112    0.0066         3
    1.6350    1.0912    0.0065         3
    1.6400    1.0976    0.0065         3
    1.6450    1.0954    0.0066         3
    1.6500    1.0950    0.0067         3
    1.6550    1.1003    0.0070         3
    1.6600    1.0907    0.0069         3
    1.6650    1.0850    0.0068         3
    1.6700    1.0985    0.0070         3
    1.6750    1.0950    0.0077         3
    1.6800    1.0829    0.0071         3
    1.6850    1.0822    0.0070         3
    1.6900    1.0770    0.0067         3
    1.6950    1.0735    0.0067         3
    1.7000    1.0626    0.0068         3
    1.7050    1.0695    0.0068         3
    1.7100    1.0628    0.0069         3
    1.7150    1.0745    0.0071         3
    1.7200    1.0637    0.0077         3
    1.7250    1.0609    0.0071         3
    1.7300    1.0630    0.0073         3
    1.7350    1.0735    0.0075         3
    1.7400    1.0648    0.0073         3
    1.7450    1.0558    0.0073         3
    1.7500    1.0628    0.0076         3
    1.7550    1.0674    0.0074         3
    1.7600    1.0399    0.0076         3
    1.7650    1.0427    0.0074         3
    1.7700    1.0400    0.0077         3
    1.7750    1.0468    0.0077         3
    1.7800    1.0443    0.0078         3
    1.7850    1.0457    0.0087         3
    1.7900    1.0538    0.0089         3
    1.7950    1.0582    0.0097         3
    1.8000    1.0466    0.0098         3
    1.8050    1.0327    0.0105         3
    1.8100    1.0325    0.0126         3
    1.8150    1.0362    0.0128         3
    1.8200    1.0394    0.0146         3
    1.8250    1.0363    0.0184         2
    1.8300    1.0507    0.0197         1
    1.8350    1.0464    0.0306         1
    1.8400    1.0379    0.0357         2
    1.8450    1.0285    0.0362         2
    1.8500    1.0543    0.0286         1
    1.8550    1.0594    0.0358         1
    1.8600   -1.0000   -1.0000         0
    1.8650    1.0297    0.0314         2
    1.8700   -1.0000   -1.0000         0
    1.8750   -1.0000   -1.0000         0
    1.8800    1.0469    0.0285         3
    1.8850    1.0338    0.0201         2
    1.8900    1.0507    0.0204         2
    1.8950    1.0441    0.0229         2
    1.9000    1.0346    0.0276         3
    1.9050    1.0362    0.0303         2
    1.9100    1.0557    0.0260         2
    1.9150    1.0317    0.0258         3
    1.9200    1.0491    0.0191         3
    1.9250    1.0480    0.0162         2
    1.9300    1.0597    0.0164         3
    1.9350    1.0310    0.0144         3
    1.9400    1.0526    0.0140         3
    1.9450    1.0535    0.0133         3
    1.9500    1.0502    0.0133         3
    1.9550    1.0646    0.0133         3
    1.9600    1.0386    0.0135         3
    1.9650    1.0477    0.0117         3
    1.9700    1.0629    0.0106         3
    1.9750    1.0528    0.0099         3
    1.9800    1.0578    0.0096         3
    1.9850    1.0574    0.0097         3
    1.9900    1.0444    0.0100         3
    1.9950    1.0617    0.0131         1
    2.0000    1.0469    0.0143         1
    2.0050    1.0690    0.0143         3
    2.0100    1.0793    0.0157         3
    2.0150    1.0787    0.0139         3
    2.0200    1.0651    0.0120         3
    2.0250    1.0628    0.0108         3
    2.0300    1.0780    0.0112         3
    2.0350    1.0645    0.0101         3
    2.0400    1.0676    0.0102         3
    2.0450    1.0764    0.0107         3
    2.0500    1.0637    0.0107         3
    2.0550    1.0690    0.0113         3
    2.0600    1.0684    0.0123         3
    2.0650    1.0771    0.0117         3
    2.0700    1.0815    0.0109         3
    2.0750    1.0834    0.0107         3
    2.0800    1.0921    0.0111         3
    2.0850    1.0906    0.0104         3
    2.0900    1.0855    0.0103         3
    2.0950    1.0799    0.0105         3
    2.1000    1.0879    0.0106         3
    2.1050    1.0870    0.0105         3
    2.1100    1.0994    0.0105         3
    2.1150    1.1071    0.0107         3
    2.1200    1.1100    0.0109         3
    2.1250    1.1009    0.0109         3
    2.1300    1.0846    0.0106         3
    2.1350    1.0929    0.0108         3
    2.1400    1.0953    0.0110         3
    2.1450    1.0862    0.0111         3
    2.1500    1.0856    0.0111         3
    2.1550   -1.0000   -1.0000         0
    2.1600    1.0847    0.0114         3
    2.1650    1.1003    0.0116         3
    2.1700    1.0845    0.0127         3
    2.1750    1.1089    0.0119         3
    2.1800    1.1144    0.0132         3
    2.1850    1.0966    0.0118         3
    2.1900    1.0936    0.0125         3
    2.1950    1.1049    0.0116         3
    2.2000    1.1283    0.0130         3
    2.2050    1.1050    0.0120         3
    2.2100    1.1055    0.0120         3
    2.2150    1.0903    0.0131         3
    2.2200    1.1026    0.0128         3
    2.2250    1.1216    0.0124         3
    2.2300    1.0920    0.0120         3
    2.2350    1.1082    0.0125         3
    2.2400    1.1038    0.0125         3
    2.2450    1.1167    0.0129         3
    2.2500    1.1258    0.0127         3
    2.2550    1.1039    0.0129         3
    2.2600    1.1049    0.0127         3
    2.2650    1.1276    0.0130         3
    2.2700    1.1286    0.0131         3
    2.2750    1.1075    0.0131         3
    2.2800    1.1273    0.0134         3
    2.2850    1.1220    0.0134         3
    2.2900    1.1166    0.0134         3
    2.2950    1.1238    0.0141         3
    2.3000    1.1253    0.0136         3
    2.3050    1.1635    0.0148         1
    2.3100    1.1372    0.0143         3
    2.3150    1.1135    0.0142         3
    2.3200    1.1208    0.0148         3
    2.3250    1.1100    0.0140         2
    2.3300    1.1478    0.0143         3
    2.3350    1.1483    0.0154         3
    2.3400    1.1410    0.0151         3
    2.3450    1.1457    0.0151         3
    2.3500    1.1199    0.0152         3
    2.3550    1.1451    0.0157         3
    2.3600    1.1517    0.0160         3
    2.3650    1.1477    0.0154         3
    2.3700    1.1385    0.0166         3
    2.3750    1.1406    0.0169         3
    2.3800   -1.0000   -1.0000         0
    2.3850    1.1351    0.0167         3
    2.3900   -1.0000   -1.0000         0
    2.3950    1.1596    0.0177         3
    2.4000    1.1398    0.0168         3
    2.4050    1.1242    0.0171         3
    2.4100    1.1334    0.0177         3
    2.4150    1.1225    0.0180         3
    2.4200    1.1158    0.0182         2
    2.4250    1.1575    0.0190         3
    2.4300    1.1243    0.0177         3
    2.4350   -1.0000   -1.0000         0
    2.4400    1.1285    0.0198         3
    2.4450    1.1541    0.0218         1
    2.4500   -1.0000   -1.0000         0
    2.4550    1.1237    0.0231         3
    2.4600    1.1277    0.0203         3
    2.4650    1.1448    0.0216         3
    2.4700    1.1470    0.0218         3
    2.4750   -1.0000   -1.0000         0
    2.4800   -1.0000   -1.0000         0
    2.4850   -1.0000   -1.0000         0
    2.4900   -1.0000   -1.0000         0
