    0.3600    0.6264    0.0021         1
    0.3625    0.6552    0.0023         1
    0.3650    0.5889    0.0022         1
    0.3675    0.6550    0.0020         1
    0.3700    0.6196    0.0020         1
    0.3725    0.6730    0.0023         1
    0.3750    0.6575    0.0026         1
    0.3775    0.6573    0.0021         1
    0.3800    0.6981    0.0024         1
    0.3825    0.7315    0.0041         1
    0.3850    0.6702    0.0028         1
    0.3875    0.6962    0.0029         1
    0.3900    0.6612    0.0028         1
    0.3925    0.7574    0.0055         1
    0.3950    0.6579    0.0056         1
    0.3975    0.6673    0.0046         1
    0.4000    0.7067    0.0039         1
    0.4025    0.7238    0.0032         1
    0.4050    0.7450    0.0036         1
    0.4075    0.7316    0.0036         1
    0.4100    0.7460    0.0037         1
    0.4125    0.7401    0.0036         1
    0.4150    0.7457    0.0037         1
    0.4175    0.7546    0.0038         1
    0.4200    0.7556    0.0039         1
    0.4225    0.7732    0.0040         1
    0.4250    0.7682    0.0041         1
    0.4275    0.7714    0.0042         1
    0.4300    0.7913    0.0059         1
    0.4350    0.7731    0.0045         1
    0.4375    0.7861    0.0044         1
    0.4400    0.7968    0.0044         1
    0.4425    0.7977    0.0043         1
    0.4450    0.8134    0.0044         1
    0.4475    0.8030    0.0043         1
    0.4500    0.8079    0.0042         1
    0.4525    0.8331    0.0044         1
    0.4550    0.8157    0.0045         1
    0.4575    0.8293    0.0045         1
    0.4600    0.8357    0.0046         1
    0.4625    0.8396    0.0045         1
    0.4650    0.8518    0.0048         1
    0.4675    0.8589    0.0049         1
    0.4700    0.8684    0.0050         1
    0.4725    0.8593    0.0049         1
    0.4750    0.8773    0.0050         1
    0.4775    0.8675    0.0050         1
    0.4800    0.8731    0.0050         1
    0.4825    0.8826    0.0051         1
    0.4850    0.8981    0.0053         1
    0.4875    0.8844    0.0057         1
    0.4900    0.8912    0.0054         1
    0.4925    0.9123    0.0057         1
    0.4950    0.9030    0.0056         1
    0.4975    0.9086    0.0057         1
    0.5000    0.9155    0.0059         1
    0.5025    0.9165    0.0060         1
    0.5050    0.9047    0.0058         1
    0.5075    0.9296    0.0059         1
    0.5100    0.9311    0.0062         1
    0.5125    0.9454    0.0074         1
    0.5150    0.9493    0.0075         1
    0.5175    0.9663    0.0068         1
    0.5200    0.9765    0.0066         1
    0.5225    0.9923    0.0098         1
    0.5250    0.9789    0.0100         1
    0.5275    0.9594    0.0188         1
    0.5300    0.9829    0.0177         1
    0.5325    0.9449    0.0026         1
    0.5350    0.9829    0.0015         1
    0.5375    0.9787    0.0013         1
    0.5400    0.9835    0.0014         1
    0.5425    1.0097    0.0015         1
    0.5450    1.0037    0.0015         1
    0.5475    1.0029    0.0015         1
    0.5500    1.0113    0.0015         1
    0.5525    1.0026    0.0015         1
    0.5550    1.0162    0.0016         1
    0.5575    0.9900    0.0018         1
    0.5600    1.0130    0.0019         1
    0.5625    1.0216    0.0017         1
    0.5650    1.0025    0.0016         1
    0.5675    1.0168    0.0017         1
    0.5700    0.9999    0.0017         1
    0.5725    1.0324    0.0017         1
    0.5750    1.0084    0.0017         1
    0.5775    1.0234    0.0017         1
    0.5800    1.0361    0.0018         1
    0.5825    1.0372    0.0018         1
    0.5850    1.0221    0.0018         1
    0.5875    1.0369    0.0019         1
    0.5900    1.0375    0.0021         1
    0.5925    1.0495    0.0020         1
    0.5950    1.0342    0.0019         1
    0.5975    1.0432    0.0019         1
    0.6000    1.0542    0.0020         1
    0.6025    1.0626    0.0020         1
    0.6050    1.0655    0.0020         1
    0.6075    1.0687    0.0020         1
    0.6100    1.0724    0.0020         1
    0.6125    1.0697    0.0020         1
    0.6150    1.0779    0.0021         1
    0.6175    1.0906    0.0021         1
    0.6200    1.0784    0.0021         1
    0.6225    1.0744    0.0021         1
    0.6250    1.0760    0.0022         1
    0.6275    1.0785    0.0022         1
    0.6300    1.0668    0.0023         1
    0.6325    1.0825    0.0023         1
    0.6350    1.0852    0.0023         1
    0.6375    1.1029    0.0023         1
    0.6400    1.1003    0.0023         1
    0.6425    1.1047    0.0023         1
    0.6450    1.1131    0.0023         1
    0.6475    1.1206    0.0024         1
    0.6500    1.1307    0.0024         1
    0.6525    1.1297    0.0024         1
    0.6550    1.0988    0.0051         1
    0.6575    1.1559    0.0054         1
    0.6600    1.1437    0.0025         1
    0.6625    1.1311    0.0024         1
    0.6650    1.1411    0.0025         1
    0.6675    1.1344    0.0025         1
    0.6700    1.1396    0.0025         1
    0.6725    1.1490    0.0029         1
    0.6750    1.1525    0.0026         1
    0.6775    1.1482    0.0026         1
    0.6800    1.1528    0.0026         1
    0.6825    1.1584    0.0027         1
    0.6850    1.1324    0.0027         1
    0.6875    1.1432    0.0029         1
    0.6900    1.1679    0.0029         1
    0.6925    1.1649    0.0029         1
    0.6950    1.1644    0.0029         1
    0.6975    1.1583    0.0028         1
    0.7000    1.1709    0.0029         1
    0.7025    1.1858    0.0029         1
    0.7050    1.1717    0.0029         1
    0.7075    1.1750    0.0029         1
    0.7100    1.1814    0.0029         1
    0.7125    1.1800    0.0030         1
    0.7150    1.1756    0.0030         1
    0.7175    1.1648    0.0031         1
    0.7200    1.2169    0.0033         1
    0.7225    1.2055    0.0033         1
    0.7250    1.2072    0.0035         1
    0.7275    1.2080    0.0035         1
    0.7300    1.2131    0.0036         1
    0.7325    1.2122    0.0035         1
    0.7350    1.2028    0.0035         1
    0.7375    1.2073    0.0035         1
    0.7400    1.2120    0.0034         1
    0.7425    1.2302    0.0034         1
    0.7450    1.2186    0.0034         1
    0.7475    1.2180    0.0034         1
    0.7500    1.2076    0.0034         1
    0.7525    1.2225    0.0034         1
    0.7550    1.2169    0.0035         1
    0.7675    1.2471    0.0054         1
    0.7700    1.2105    0.0038         1
    0.7725    1.2129    0.0040         1
    0.7750    1.2312    0.0046         1
    0.7775    1.2233    0.0040         1
    0.7800    1.2013    0.0039         1
    0.7825    1.1968    0.0040         1
    0.7850    1.2027    0.0042         1
    0.7875    1.1952    0.0042         1
    0.7900    1.1832    0.0041         1
    0.7925    1.1861    0.0042         1
    0.7950    1.2204    0.0042         1
    0.7975    1.1860    0.0041         1
    0.8000    1.2026    0.0042         1
    0.8025    1.1956    0.0041         1
    0.8050    1.1979    0.0040         1
    0.8075    1.1799    0.0039         1
    0.8100    1.1917    0.0039         1
    0.8125    1.1706    0.0039         1
    0.8150    1.1643    0.0040         1
    0.8175    1.1668    0.0041         1
    0.8200    1.1760    0.0041         1
    0.8225    1.1806    0.0042         1
    0.8250    1.1672    0.0042         1
    0.8275    1.1613    0.0047         1
    0.8300    1.1712    0.0047         1
    0.8325    1.1552    0.0049         1
    0.8350    1.1700    0.0048         1
    0.8375    1.1685    0.0048         1
    0.8400    1.1483    0.0048         1
    0.8450    1.1569    0.0049         1
    0.8475    1.1132    0.0046         1
    0.8550    1.1591    0.0046         1
    0.8575    1.0975    0.0043         1
    0.8600    1.1457    0.0049         1
    0.8625    1.0977    0.0052         1
    0.8650    1.0821    0.0057         1
    0.8675    1.1083    0.0052         1
    0.8700    1.1203    0.0046         1
    0.8725    1.0786    0.0052         1
    0.8750    1.0475    0.0062         1
    0.8775    1.0892    0.0063         1
    0.8800    1.0923    0.0056         1
    0.8820    1.0592    0.0349         1
    0.8825    1.0911    0.0057         1
    0.8850    1.0891    0.0056         1
    0.8875    1.0632    0.0065         1
    0.8900    1.0572    0.0085         1
    0.8925    1.0610    0.0085         1
    0.8950    1.0350    0.0082         1
    0.8970    1.1062    0.0318         1
    0.8975    1.0674    0.0058         1
    0.9000    1.0810    0.0056         1
    0.9025    1.0599    0.0052         1
    0.9050    1.0299    0.0051         1
    0.9075    1.0819    0.0052         1
    0.9100    1.0650    0.0050         1
    0.9125    1.0403    0.0051         1
    0.9130    1.0486    0.0303         1
    0.9150    1.0598    0.0051         1
    0.9175    1.0744    0.0050         1
    0.9200    1.0870    0.0060         1
    0.9225    1.0626    0.0073         1
    0.9250    1.0727    0.0075         1

    0.8200    1.1686    0.0127         4
    0.8250    1.1485    0.0123         4
    0.8300    1.1501    0.0118         4
    0.8350    1.1441    0.0110         4
    0.8400    1.1346    0.0110         4
    0.8450    1.1285    0.0104         4
    0.8500    1.1417    0.0110         4
    0.8550    1.1170    0.0114         4
    0.8600    1.1141    0.0107         4
    0.8650    1.1257    0.0108         4
    0.8700    1.0872    0.0110         4
    0.8750    1.0827    0.0113         4
    0.8800    1.1022    0.0099         4
    0.8850    1.1012    0.0099         4
    0.8900    1.0902    0.0102         4
    0.8950    1.0978    0.0098         4
    0.9000    1.1122    0.0098         4
    0.9050    1.0947    0.0109         4
    0.9100    1.0753    0.0102         4
    0.9150    1.0860    0.0089         4
    0.9200    1.1023    0.0100         4
    0.9250    1.0896    0.0109         4
    0.9300    1.0707    0.0124         4
    0.9350    1.0709    0.0125         4
    0.9400    1.0811    0.0105         4
    0.9450    1.1057    0.0109         4
    0.9500    1.1069    0.0106         4
    0.9550    1.0993    0.0106         4
    0.9600    1.0981    0.0094         4
    0.9650    1.1294    0.0095         4
    0.9700    1.1389    0.0098         4
    0.9750    1.1538    0.0102         4
    0.9800    1.1595    0.0103         4
    0.9850    1.1626    0.0091         4
    0.9900    1.1948    0.0098         4
    0.9950    1.2041    0.0110         4
    1.0000    1.1995    0.0092         4
    1.0050    1.2222    0.0090         4
    1.0100    1.2269    0.0092         4
    1.0150    1.2030    0.0086         4
    1.0200    1.2268    0.0113         4
    1.0250    1.2597    0.0098         4
    1.0300    1.2545    0.0097         4
    1.0350    1.2696    0.0107         4
    1.0400    1.2615    0.0093         4
    1.0450    1.2583    0.0087         4
    1.0500    1.3050    0.0085         4
    1.0550    1.3110    0.0114         4
    1.0600    1.2922    0.0089         4
    1.0650    1.2955    0.0091         4
    1.0700    1.3249    0.0095         4
    1.0750    1.3286    0.0088         4
    1.0800    1.3145    0.0089         4
    1.0850    1.3221    0.0098         4
    1.0900    1.3352    0.0105         4
    1.0950    1.3470    0.0091         4
    1.1000    1.3508    0.0093         4
    1.1050    1.3429    0.0102         4
    1.1100    1.3547    0.0120         4
    1.1150    1.3588    0.0127         4
    1.1200    1.3566    0.0178         4
    1.1250    1.3831    0.0146         4
    1.1300    1.3858    0.0112         4
    1.1350    1.3857    0.0115         4
    1.1400    1.3900    0.0103         4
    1.1450    1.4053    0.0098         4
    1.1500    1.3924    0.0102         4
    1.1550    1.3727    0.0113         2
    1.1600    1.4015    0.0116         3
    1.1650    1.4037    0.0107         4
    1.1700    1.4176    0.0095         4
    1.1750    1.4343    0.0099         4
    1.1800    1.4271    0.0096         4
    1.1850    1.4427    0.0088         4
    1.1900    1.4451    0.0091         4
    1.1950    1.4503    0.0094         4
    1.2000    1.4481    0.0090         4
    1.2050    1.4514    0.0089         4
    1.2100    1.4679    0.0087         4
    1.2150    1.4726    0.0098         4
    1.2200    1.4625    0.0092         4
    1.2250    1.4519    0.0086         4
    1.2300    1.4694    0.0094         4
    1.2350    1.4622    0.0094         4
    1.2400    1.4578    0.0095         4
    1.2450    1.4740    0.0090         4
    1.2500    1.4691    0.0093         4
    1.2550    1.4849    0.0099         4
    1.2600    1.4992    0.0090         4
    1.2650    1.4812    0.0099         4
    1.2700    1.4962    0.0095         4
    1.2750    1.4766    0.0098         4
    1.2800    1.4633    0.0095         4
    1.2850    1.4708    0.0089         4
    1.2900    1.5052    0.0093         4
    1.2950    1.5171    0.0106         4
    1.3000    1.5016    0.0096         4
    1.3050    1.5222    0.0092         4
    1.3100    1.5395    0.0093         4
    1.3150    1.5477    0.0101         4
    1.3200    1.5485    0.0097         4
    1.3250    1.5477    0.0118         4
    1.3300    1.5769    0.0117         4
    1.3350    1.5456    0.0131         4
    1.3400    1.5606    0.0154         4
    1.3450    1.5354    0.0158         1
    1.3500    1.5656    0.0203         1
    1.3550   -1.4600   -1.0000         0
    1.3600    1.5754    0.0373         2
    1.3650    1.5343    0.0449         3
    1.3700   -1.4600   -1.0000         0
    1.3750    1.5897    0.0193         1
    1.3800    1.6142    0.0187         1
    1.3850    1.5705    0.0250         4
    1.3900    1.6066    0.0220         4
    1.3950    1.5893    0.0229         2
    1.4000    1.6015    0.0216         4
    1.4050    1.5909    0.0191         4
    1.4100    1.6238    0.0160         3
    1.4150    1.6065    0.0152         3
    1.4200    1.5820    0.0157         3
    1.4250    1.6057    0.0140         4
    1.4300    1.6322    0.0134         3
    1.4350    1.6260    0.0131         4
    1.4400    1.6468    0.0141         4
    1.4450    1.6464    0.0138         4
    1.4500    1.6420    0.0124         4
    1.4550    1.6380    0.0135         4
    1.4600    1.6496    0.0124         4
    1.4650    1.6645    0.0138         4
    1.4700    1.6358    0.0128         4
    1.4750    1.6504    0.0126         4
    1.4800    1.6424    0.0117         3
    1.4850    1.6169    0.0122         3
    1.4900    1.6307    0.0118         4
    1.4950    1.6204    0.0111         3
    1.5000    1.6212    0.0124         4
    1.5050    1.6331    0.0112         4
    1.5100    1.6356    0.0121         4
    1.5150    1.6367    0.0113         4
    1.5200    1.6522    0.0103         4
    1.5250    1.6827    0.0110         4
    1.5300    1.6534    0.0115         4
    1.5350    1.6402    0.0110         4
    1.5400    1.6419    0.0107         4
    1.5450    1.6130    0.0107         4
    1.5500    1.6388    0.0126         4
    1.5550    1.6715    0.0114         4
    1.5600    1.6597    0.0116         4
    1.5650    1.6421    0.0122         4
    1.5700    1.6024    0.0126         4
    1.5750    1.6432    0.0134         4
    1.5800    1.6511    0.0115         4
    1.5850    1.6539    0.0111         4
    1.5900    1.6669    0.0123         4
    1.5950    1.6220    0.0108         4
    1.6000    1.6389    0.0125         4
    1.6050    1.6534    0.0112         4
    1.6100    1.6182    0.0114         4
    1.6150    1.6094    0.0116         4
    1.6200    1.6280    0.0118         4
    1.6250    1.6152    0.0122         4
    1.6300    1.6349    0.0112         4
    1.6350    1.6443    0.0114         4
    1.6400    1.6308    0.0119         4
    1.6450    1.6017    0.0106         4
    1.6500    1.5942    0.0111         4
    1.6550    1.6023    0.0113         4
    1.6600    1.6221    0.0111         4
    1.6650    1.6090    0.0117         4
    1.6700    1.5986    0.0117         4
    1.6750    1.5822    0.0121         4
    1.6800    1.5571    0.0118         4
    1.6850    1.5675    0.0113         4
    1.6900    1.5918    0.0116         4
    1.6950    1.5762    0.0132         4
    1.7000    1.5444    0.0138         4
    1.7050    1.5762    0.0126         4
    1.7100    1.5734    0.0120         4
    1.7150    1.6078    0.0115         4
    1.7200    1.5748    0.0138         4
    1.7250    1.5631    0.0128         4
    1.7300    1.5697    0.0140         4
    1.7350    1.5699    0.0128         4
    1.7400    1.5767    0.0126         4
    1.7450    1.5642    0.0136         4
    1.7500    1.5511    0.0133         4
    1.7550    1.5599    0.0138         4
    1.7600    1.5463    0.0122         4
    1.7650    1.5542    0.0126         4
    1.7700    1.5539    0.0135         4
    1.7750    1.5563    0.0136         4
    1.7800    1.5333    0.0132         4
    1.7850    1.5198    0.0139         4
    1.7900    1.5170    0.0141         4
    1.7950    1.5559    0.0164         4
    1.8000    1.5762    0.0176         4
    1.8050    1.5440    0.0191         4
    1.8100    1.5312    0.0249         4
    1.8150    1.5435    0.0234         3
    1.8200    1.5526    0.0236         4
    1.8250    1.5607    0.0321         3
    1.8300    1.5530    0.0377         3
    1.8350    1.5608    0.0405         2
    1.8400    1.5183    0.0548         3
    1.8450   -1.4600   -1.0000         0
    1.8500    1.5739    0.0500         3
    1.8550    1.5390    0.0507         4
    1.8600    1.4939    0.0398         4
    1.8650    1.5067    0.0597         2
    1.8700   -1.4600   -1.0000         0
    1.8750    1.5694    0.0392         1
    1.8800   -1.4600   -1.0000         0
    1.8850    1.5256    0.0324         2
    1.8900    1.4827    0.0302         2
    1.8950    1.4814    0.0319         1
    1.9000    1.4689    0.0348         2
    1.9050    1.4846    0.0427         4
    1.9100    1.4832    0.0401         3
    1.9150    1.4977    0.0376         3
    1.9200    1.5142    0.0265         4
    1.9250    1.4898    0.0242         4
    1.9300    1.4814    0.0246         4
    1.9350    1.4702    0.0222         3
    1.9400    1.5208    0.0217         4
    1.9450    1.5131    0.0225         4
    1.9500    1.5126    0.0208         4
    1.9550    1.5353    0.0198         4
    1.9600    1.5063    0.0222         3
    1.9650    1.4924    0.0194         3
    1.9700    1.5206    0.0181         4
    1.9750    1.5424    0.0172         4
    1.9800    1.5079    0.0159         4
    1.9850    1.5376    0.0179         4
    1.9900    1.4954    0.0202         4
    1.9950    1.4950    0.0241         2
    2.0000    1.5124    0.0252         2
    2.0050    1.5213    0.0248         4
    2.0100    1.5216    0.0235         4
    2.0150    1.5806    0.0204         4
    2.0200    1.5876    0.0224         4
    2.0250    1.5503    0.0205         4
    2.0300    1.5795    0.0180         4
    2.0350    1.5845    0.0160         4
    2.0400    1.5604    0.0164         4
    2.0450    1.5646    0.0171         4
    2.0500    1.5405    0.0191         4
    2.0550    1.5454    0.0200         4
    2.0600    1.5831    0.0205         4
    2.0650    1.5919    0.0174         4
    2.0700    1.6016    0.0185         4
    2.0750    1.5802    0.0189         4
    2.0800    1.5655    0.0185         4
    2.0850    1.5823    0.0176         4
    2.0900    1.5862    0.0174         4
    2.0950    1.5693    0.0171         4
    2.1000    1.5783    0.0174         4
    2.1050    1.5455    0.0190         4
    2.1100    1.5698    0.0176         4
    2.1150    1.5921    0.0170         4
    2.1200    1.5929    0.0168         4
    2.1250    1.5966    0.0166         4
    2.1300    1.6006    0.0179         4
    2.1350    1.5997    0.0192         4
    2.1400    1.5954    0.0206         4
    2.1450    1.6117    0.0181         4
    2.1500    1.6041    0.0180         4
    2.1550    1.5884    0.0179         4
    2.1600    1.6150    0.0203         4
    2.1650    1.6167    0.0198         4
    2.1700    1.5730    0.0189         4
    2.1750    1.5720    0.0177         4
    2.1800    1.5806    0.0191         4
    2.1850    1.5930    0.0184         4
    2.1900    1.6165    0.0207         4
    2.1950    1.6100    0.0203         4
    2.2000    1.5834    0.0191         4
    2.2050    1.5893    0.0187         4
    2.2100    1.6563    0.0201         4
    2.2150    1.6220    0.0207         4
    2.2200    1.6079    0.0230         4
    2.2250    1.6595    0.0199         4
    2.2300    1.6264    0.0185         4
    2.2350    1.6215    0.0197         4
    2.2400    1.6230    0.0205         4
    2.2450    1.6360    0.0195         4
    2.2500    1.6749    0.0205         4
    2.2550    1.6680    0.0209         4
    2.2600    1.6651    0.0204         4
    2.2650    1.6730    0.0206         4
    2.2700    1.6624    0.0218         4
    2.2750    1.6696    0.0221         4
    2.2800    1.6886    0.0225         4
    2.2850    1.6902    0.0224         4
    2.2900    1.6850    0.0216         4
    2.2950    1.6773    0.0221         4
    2.3000    1.6794    0.0249         4
    2.3050    1.6988    0.0219         4
    2.3100    1.6958    0.0231         4
    2.3150    1.6299    0.0244         3
    2.3200    1.6638    0.0253         4
    2.3250    1.6615    0.0251         4
    2.3300    1.6573    0.0239         4
    2.3350    1.7064    0.0247         4
    2.3400    1.6735    0.0244         4
    2.3450    1.6592    0.0244         4
    2.3500    1.7286    0.0258         4
    2.3550   -1.4600   -1.0000         0
    2.3600    1.7294    0.0240         4
    2.3650    1.7188    0.0244         4
    2.3700    1.7077    0.0285         4
    2.3750   -1.4600   -1.0000         0
    2.3800    1.6636    0.0259         3
    2.3850    1.7511    0.0246         3
    2.3900    1.7653    0.0266         3
    2.3950    1.7558    0.0282         4
    2.4000    1.7579    0.0293         3
    2.4050    1.7557    0.0306         4
    2.4100    1.7543    0.0327         4
    2.4150   -1.4600   -1.0000         0
    2.4200   -1.4600   -1.0000         0
    2.4250   -1.4600   -1.0000         0
    2.4300   -1.4600   -1.0000         0
    2.4350   -1.4600   -1.0000         0
    2.4400   -1.4600   -1.0000         0
    2.4450   -1.4600   -1.0000         0
    2.4500   -1.4600   -1.0000         0
    2.4550   -1.4600   -1.0000         0
    2.4600   -1.4600   -1.0000         0
    2.4650   -1.4600   -1.0000         0
    2.4700   -1.4600   -1.0000         0
    2.4750   -1.4600   -1.0000         0
    2.4800   -1.4600   -1.0000         0
    2.4850   -1.4600   -1.0000         0
    2.4900   -1.4600   -1.0000         0
