    0.8200    1.0231    0.0345         2
    0.8250    0.9737    0.0387         3
    0.8300    0.9349    0.0305         3
    0.8350    0.9180    0.0323         3
    0.8400    0.9277    0.0315         3
    0.8450    0.8934    0.0295         3
    0.8500    0.8683    0.0281         3
    0.8550    0.8835    0.0308         3
    0.8600    0.8708    0.0336         3
    0.8650    0.8887    0.0369         3
    0.8700    0.8799    0.0339         3
    0.8750    0.8033    0.0403         1
    0.8800    0.8018    0.0309         2
    0.8850    0.8397    0.0313         3
    0.8900    0.8345    0.0289         3
    0.8950    0.8521    0.0299         3
    0.9000    0.8417    0.0259         3
    0.9050    0.8260    0.0245         3
    0.9100    0.8286    0.0269         3
    0.9150    0.8382    0.0246         3
    0.9200    0.8365    0.0269         3
    0.9250    0.8210    0.0283         3
    0.9300    0.8357    0.0316         3
    0.9350    0.8376    0.0338         3
    0.9400    0.8302    0.0328         3
    0.9450    0.8025    0.0328         3
    0.9500    0.8055    0.0313         3
    0.9550    0.8295    0.0288         3
    0.9600    0.8321    0.0297         3
    0.9650    0.8335    0.0282         3
    0.9700    0.8300    0.0240         3
    0.9750    0.8299    0.0242         3
    0.9800    0.8095    0.0217         3
    0.9850    0.8114    0.0226         3
    0.9900    0.8197    0.0211         3
    0.9950    0.8429    0.0209         3
    1.0000    0.8360    0.0247         3
    1.0050    0.8147    0.0266         3
    1.0100    0.8396    0.0239         3
    1.0150    0.8565    0.0198         3
    1.0200    0.8257    0.0206         3
    1.0250    0.8345    0.0208         3
    1.0300    0.8781    0.0225         3
    1.0350    0.8748    0.0255         3
    1.0400    0.8580    0.0201         3
    1.0450    0.8710    0.0198         3
    1.0500    0.8750    0.0211         3
    1.0550    0.8651    0.0209         3
    1.0600    0.8728    0.0209         3
    1.0650    0.8783    0.0193         3
    1.0700    0.9033    0.0203         3
    1.0750    0.9038    0.0181         3
    1.0800    0.9040    0.0193         3
    1.0850    0.9027    0.0234         3
    1.0900    0.9258    0.0259         3
    1.0950    0.9338    0.0235         3
    1.1000    0.9136    0.0208         3
    1.1050    0.9178    0.0210         3
    1.1100    0.9265    0.0220         3
    1.1150    0.9442    0.0231         3
    1.1200    0.9453    0.0247         3
    1.1250    0.9225    0.0296         3
    1.1300    0.9369    0.0305         3
    1.1350    0.9360    0.0272         3
    1.1400    0.9223    0.0239         2
    1.1450    0.9329    0.0242         3
    1.1500    0.9571    0.0256         3
    1.1550    0.9641    0.0242         3
    1.1600    0.9805    0.0283         3
    1.1650    0.9688    0.0224         3
    1.1700    0.9594    0.0203         3
    1.1750    0.9685    0.0190         3
    1.1800    1.0015    0.0223         3
    1.1850    1.0147    0.0207         2
    1.1900    1.0024    0.0198         3
    1.1950    0.9948    0.0203         3
    1.2000    0.9679    0.0207         3
    1.2050    0.9718    0.0238         3
    1.2100    1.0056    0.0213         3
    1.2150    1.0022    0.0186         3
    1.2200    1.0064    0.0202         3
    1.2250    1.0166    0.0177         3
    1.2300    1.0035    0.0189         3
    1.2350    1.0189    0.0200         3
    1.2400    0.9838    0.0195         3
    1.2450    0.9665    0.0204         1
    1.2500    0.9998    0.0184         3
    1.2550    1.0268    0.0196         3
    1.2600    1.0037    0.0210         3
    1.2650    0.9936    0.0195         3
    1.2700    0.9803    0.0199         1
    1.2750    0.9934    0.0231         3
    1.2800    1.0333    0.0202         3
    1.2850    1.0135    0.0224         3
    1.2900    1.0225    0.0248         3
    1.2950    1.0484    0.0225         3
    1.3000    1.0509    0.0205         3
    1.3050    1.0425    0.0192         3
    1.3100    1.0518    0.0199         3
    1.3150    1.0630    0.0212         3
    1.3200    1.0330    0.0198         3
    1.3250    1.0323    0.0236         3
    1.3300    1.0584    0.0234         3
    1.3350    1.0785    0.0269         3
    1.3400    1.0795    0.0306         3
    1.3450    1.0822    0.0320         2
    1.3500    1.1016    0.0380         2
    1.3550    1.0705    0.0590         2
    1.3600    1.0822    0.0912         1
    1.3650    1.0991    0.1756         1
    1.3700    1.0567    0.1571         2
    1.3750   -1.0000   -1.0000         0
    1.3800   -1.0000   -1.0000         0
    1.3850   -1.0000   -1.0000         0
    1.3900    1.0620    0.1135         3
    1.3950    1.0761    0.1013         3
    1.4000    1.0795    0.1029         3
    1.4050    1.1154    0.0954         3
    1.4100    1.1715    0.0604         1
    1.4150   -1.0000   -1.0000         0
    1.4200    1.1716    0.0412         1
    1.4250    1.0544    0.0489         2
    1.4300    1.0531    0.0365         1
    1.4350    1.0548    0.0429         3
    1.4400    1.0830    0.0353         3
    1.4450    1.1585    0.0390         3
    1.4500    1.1562    0.0329         3
    1.4550    1.0982    0.0344         3
    1.4600    1.1089    0.0309         3
    1.4650    1.0617    0.0325         3
    1.4700    1.1198    0.0342         3
    1.4750    1.1887    0.0294         1
    1.4800    1.1556    0.0305         3
    1.4850    1.1553    0.0296         3
    1.4900    1.1290    0.0257         3
    1.4950    1.1303    0.0271         3
    1.5000    1.1280    0.0282         3
    1.5050    1.1439    0.0304         3
    1.5100    1.1705    0.0264         3
    1.5150    1.1228    0.0254         3
    1.5200    1.1065    0.0261         3
    1.5250    1.1599    0.0263         3
    1.5300    1.2117    0.0258         3
    1.5350    1.1619    0.0261         3
    1.5400    1.1202    0.0260         3
    1.5450    1.1658    0.0245         3
    1.5500    1.1632    0.0270         3
    1.5550    1.1696    0.0238         3
    1.5600    1.1886    0.0240         3
    1.5650    1.2092    0.0265         3
    1.5700    1.1763    0.0253         3
    1.5750    1.1816    0.0258         3
    1.5800    1.1667    0.0292         3
    1.5850    1.2171    0.0300         3
    1.5900    1.2036    0.0245         3
    1.5950    1.1195    0.0271         3
    1.6000    1.1371    0.0298         3
    1.6050    1.1310    0.0359         3
    1.6100    1.1445    0.0258         3
    1.6150    1.2086    0.0258         3
    1.6200    1.1789    0.0236         3
    1.6250    1.1333    0.0258         3
    1.6300    1.1665    0.0257         3
    1.6350    1.1645    0.0258         3
    1.6400    1.1306    0.0289         3
    1.6450    1.0684    0.0265         3
    1.6500    1.1029    0.0255         3
    1.6550    1.1422    0.0256         3
    1.6600    1.1354    0.0275         3
    1.6650    1.1551    0.0336         3
    1.6700    1.1295    0.0270         3
    1.6750    1.1413    0.0270         3
    1.6800    1.1456    0.0302         3
    1.6850    1.1593    0.0305         3
    1.6900    1.1221    0.0266         3
    1.6950    1.1634    0.0336         3
    1.7000    1.1561    0.0326         3
    1.7050    1.1083    0.0287         3
    1.7100    1.1262    0.0301         3
    1.7150    1.1231    0.0313         3
    1.7200    1.1374    0.0302         3
    1.7250    1.1920    0.0363         3
    1.7300    1.1340    0.0340         3
    1.7350    1.0906    0.0322         3
    1.7400    1.0491    0.0375         3
    1.7450    1.0824    0.0396         3
    1.7500    1.1080    0.0351         3
    1.7550    1.1035    0.0368         3
    1.7600    1.1224    0.0347         3
    1.7650    1.1349    0.0332         3
    1.7700    1.0691    0.0338         3
    1.7750    1.0233    0.0412         3
    1.7800    1.0586    0.0431         3
    1.7850    1.0985    0.0406         3
    1.7900    1.1075    0.0385         3
    1.7950    1.0900    0.0453         3
    1.8000    1.0523    0.0482         3
    1.8050    1.0315    0.0544         3
    1.8100    1.0866    0.0777         3
    1.8150    1.0654    0.0951         3
    1.8200    1.0414    0.1060         3
    1.8250    1.0852    0.1183         3
    1.8300    1.0969    0.1893         1
    1.8350   -1.0000   -1.0000         0
    1.8400   -1.0000   -1.0000         0
    1.8450   -1.0000   -1.0000         0
    1.8500   -1.0000   -1.0000         0
    1.8550   -1.0000   -1.0000         0
    1.8600   -1.0000   -1.0000         0
    1.8650   -1.0000   -1.0000         0
    1.8700   -1.0000   -1.0000         0
    1.8750   -1.0000   -1.0000         0
    1.8800   -1.0000   -1.0000         0
    1.8850   -1.0000   -1.0000         0
    1.8900   -1.0000   -1.0000         0
    1.8950   -1.0000   -1.0000         0
    1.9000   -1.0000   -1.0000         0
    1.9050   -1.0000   -1.0000         0
    1.9100   -1.0000   -1.0000         0
    1.9150   -1.0000   -1.0000         0
    1.9200   -1.0000   -1.0000         0
    1.9250    1.1090    0.1450         1
    1.9300    1.0440    0.1370         2
    1.9350    1.2197    0.1165         1
    1.9400    1.1943    0.0882         2
    1.9450    1.1587    0.0945         2
    1.9500    1.2044    0.0897         1
    1.9550    1.0899    0.0720         3
    1.9600    1.0025    0.0805         3
    1.9650    0.9752    0.0827         2
    1.9700    1.1859    0.0656         2
    1.9750    1.1811    0.0538         2
    1.9800    1.0934    0.0602         3
    1.9850    1.0765    0.0452         3
    1.9900    1.0518    0.0456         3
    1.9950    1.0529    0.0533         3
    2.0000    1.1052    0.0656         3
    2.0050    1.1052    0.0822         3
    2.0100    1.0379    0.0879         3
    2.0150    1.0768    0.0684         3
    2.0200    1.0803    0.0685         2
    2.0250    1.2114    0.0750         2
    2.0300    1.1569    0.0517         2
    2.0350    1.0571    0.0421         3
    2.0400    1.0858    0.0481         3
    2.0450    1.1542    0.0539         3
    2.0500    1.1594    0.0521         3
    2.0550    1.1105    0.0560         3
    2.0600    1.0521    0.0536         3
    2.0650    1.0167    0.0476         3
    2.0700    1.0563    0.0487         3
    2.0750    1.1236    0.0485         3
    2.0800    1.0914    0.0501         3
    2.0850    1.0767    0.0527         3
    2.0900    1.1422    0.0507         3
    2.0950    1.1207    0.0462         3
    2.1000    1.0867    0.0507         3
    2.1050    1.1038    0.0551         3
    2.1100    1.1024    0.0507         3
    2.1150    1.0902    0.0513         3
    2.1200    1.0170    0.0514         3
    2.1250    1.0213    0.0461         3
    2.1300    1.0387    0.0551         3
    2.1350    1.0597    0.0461         3
    2.1400    1.0155    0.0470         3
    2.1450    0.9898    0.0499         2
    2.1500    1.1177    0.0539         3
    2.1550    1.2360    0.0606         2
    2.1600    1.1711    0.0534         3
    2.1650    1.0704    0.0546         3
    2.1700    1.1111    0.0528         3
    2.1750    1.1297    0.0510         3
    2.1800    1.0642    0.0536         3
    2.1850    1.0949    0.0569         3
    2.1900    1.0601    0.0635         3
    2.1950    1.1156    0.0654         3
    2.2000    1.1734    0.0554         3
    2.2050    1.1092    0.0568         3
    2.2100    1.0777    0.0575         3
    2.2150    1.1263    0.0513         3
    2.2200    1.0913    0.0514         3
    2.2250    1.0604    0.0583         3
    2.2300    1.1125    0.0644         3
    2.2350    1.1761    0.0587         3
    2.2400    1.1833    0.0599         3
    2.2450    1.1974    0.0627         3
    2.2500    1.1976    0.0626         3
    2.2550    1.1493    0.0605         3
    2.2600    1.0911    0.0684         3
    2.2650    1.0975    0.0603         3
    2.2700    1.1264    0.0610         3
    2.2750    1.1094    0.0760         3
    2.2800    1.0799    0.0674         3
    2.2850    1.1571    0.0699         3
    2.2900    1.1577    0.0687         3
    2.2950    1.1603    0.0771         3
    2.3000    1.1660    0.0705         3
    2.3050    1.0334    0.0890         3
    2.3100    1.1591    0.0691         3
    2.3150    1.3003    0.0699         1
    2.3200    1.1980    0.1089         1
    2.3250    1.1669    0.0721         3
    2.3300    1.1709    0.0930         3
    2.3350    1.2198    0.0910         3
    2.3400    1.1621    0.0714         3
    2.3450    1.1033    0.0700         3
    2.3500    1.1523    0.0802         3
    2.3550    1.1937    0.0750         3
    2.3600    1.1850    0.0798         3
    2.3650    1.0699    0.0841         3
    2.3700    1.1300    0.0822         2
    2.3750    1.2475    0.0923         3
    2.3800    1.1434    0.0840         3
    2.3850    1.1577    0.0823         3
    2.3900    1.2911    0.1089         2
    2.3950    1.0979    0.0721         3
    2.4000    1.0748    0.1073         2
    2.4050    1.2673    0.1112         2
    2.4100    1.0967    0.0912         3
    2.4150    1.1406    0.1022         3
    2.4200    1.0849    0.0937         2
    2.4250    1.2449    0.0884         1
    2.4300    1.2573    0.0944         3
    2.4350    1.3330    0.1020         2
    2.4400    1.3978    0.1006         1
    2.4450    1.3222    0.0943         3
    2.4500    1.3982    0.1297         2
    2.4550    1.4886    0.1339         2
    2.4600    1.3234    0.1032         3
    2.4650    1.1432    0.1122         2
    2.4700    1.2876    0.1321         2
    2.4750    1.4151    0.1547         2
    2.4800    1.3564    0.1540         1
    2.4850   -1.0000   -1.0000         0
    2.4900   -1.0000   -1.0000         0
