    0.8200    0.9142    0.0032         2
    0.8250    0.9198    0.0034         2
    0.8300    0.9205    0.0034         2
    0.8350    0.9177    0.0033         2
    0.8400    0.9260    0.0033         2
    0.8450    0.9322    0.0034         2
    0.8500    0.9287    0.0034         2
    0.8550    0.9285    0.0036         2
    0.8600    0.9223    0.0035         2
    0.8650    0.9209    0.0029         1
    0.8700    0.9037    0.0036         1
    0.8750    0.9223    0.0032         2
    0.8800    0.9288    0.0031         2
    0.8850    0.9283    0.0030         2
    0.8900    0.9418    0.0030         2
    0.8950    0.9407    0.0030         2
    0.9000    0.9460    0.0030         2
    0.9050    0.9445    0.0029         2
    0.9100    0.9545    0.0030         2
    0.9150    0.9440    0.0029         2
    0.9200    0.9478    0.0030         2
    0.9250    0.9445    0.0031         2
    0.9300    0.9460    0.0033         2
    0.9350    0.9456    0.0030         2
    0.9400    0.9490    0.0029         2
    0.9450    0.9553    0.0029         2
    0.9500    0.9641    0.0029         2
    0.9550    0.9715    0.0028         2
    0.9600    0.9694    0.0028         2
    0.9650    0.9707    0.0027         2
    0.9700    0.9644    0.0027         2
    0.9750    0.9641    0.0026         2
    0.9800    0.9710    0.0026         2
    0.9850    0.9726    0.0026         2
    0.9900    0.9734    0.0026         2
    0.9950    0.9720    0.0026         2
    1.0000    0.9725    0.0026         2
    1.0050    0.9717    0.0026         2
    1.0100    0.9789    0.0026         2
    1.0150    0.9757    0.0025         2
    1.0200    0.9763    0.0026         2
    1.0250    0.9766    0.0025         2
    1.0300    0.9812    0.0025         2
    1.0350    0.9735    0.0025         2
    1.0400    0.9880    0.0025         2
    1.0450    0.9886    0.0025         2
    1.0500    0.9842    0.0025         2
    1.0550    0.9812    0.0024         2
    1.0600    0.9873    0.0025         2
    1.0650    0.9795    0.0025         2
    1.0700    0.9804    0.0025         2
    1.0750    0.9887    0.0024         2
    1.0800    0.9893    0.0024         2
    1.0850    0.9900    0.0024         2
    1.0900    0.9870    0.0024         2
    1.0950    0.9881    0.0024         2
    1.1000    0.9883    0.0024         2
    1.1050    0.9975    0.0025         2
    1.1100    0.9782    0.0029         1
    1.1150    0.9695    0.0031         1
    1.1200    0.9945    0.0036         2
    1.1250    0.9915    0.0031         2
    1.1300    0.9860    0.0026         2
    1.1350    0.9802    0.0025         2
    1.1400    0.9768    0.0026         2
    1.1450    0.9777    0.0031         2
    1.1500    0.9902    0.0030         2
    1.1550    0.9885    0.0024         2
    1.1600    0.9903    0.0024         2
    1.1650    0.9880    0.0024         2
    1.1700    0.9891    0.0023         2
    1.1750    0.9934    0.0024         2
    1.1800    0.9956    0.0022         2
    1.1850    0.9978    0.0022         2
    1.1900    0.9927    0.0022         2
    1.1950    0.9958    0.0022         2
    1.2000    0.9942    0.0022         2
    1.2050    0.9979    0.0022         2
    1.2100    0.9952    0.0023         2
    1.2150    0.9973    0.0023         2
    1.2200    1.0025    0.0022         2
    1.2250    1.0010    0.0022         2
    1.2300    1.0090    0.0022         2
    1.2350    1.0056    0.0023         2
    1.2400    1.0046    0.0022         2
    1.2450    1.0100    0.0023         2
    1.2500    1.0099    0.0023         2
    1.2550    1.0031    0.0024         2
    1.2600    1.0069    0.0029         2
    1.2650    1.0158    0.0024         2
    1.2700    1.0101    0.0023         2
    1.2750    1.0015    0.0024         2
    1.2800    1.0021    0.0024         2
    1.2850    1.0088    0.0022         2
    1.2900    1.0146    0.0022         2
    1.2950    1.0177    0.0023         2
    1.3000    1.0222    0.0024         2
    1.3050    1.0129    0.0023         2
    1.3100    1.0125    0.0023         2
    1.3150    1.0140    0.0023         2
    1.3200    1.0232    0.0023         2
    1.3250    1.0157    0.0024         2
    1.3300    1.0123    0.0026         2
    1.3350    1.0051    0.0027         2
    1.3400   -1.0000   -1.0000         0
    1.3450   -1.0000   -1.0000         0
    1.3500    0.9935    0.0107         1
    1.3550   -1.0000   -1.0000         0
    1.3600   -1.0000   -1.0000         0
    1.3650    1.0186    0.0051         2
    1.3700    1.0204    0.0036         2
    1.3750    0.9872    0.0042         1
    1.3800    0.9956    0.0038         1
    1.3850    1.0351    0.0029         1
    1.3900    1.0238    0.0036         2
    1.3950    0.9954    0.0040         1
    1.4000    1.0172    0.0031         2
    1.4050    1.0239    0.0031         2
    1.4100    1.0203    0.0030         2
    1.4150    1.0171    0.0036         2
    1.4200    1.0112    0.0028         2
    1.4250    1.0143    0.0027         2
    1.4300    1.0176    0.0027         2
    1.4350   -1.0000   -1.0000         0
    1.4400    1.0231    0.0028         2
    1.4450    1.0175    0.0025         2
    1.4500    1.0150    0.0029         2
    1.4550    1.0122    0.0029         2
    1.4600    1.0099    0.0027         2
    1.4650    1.0128    0.0027         2
    1.4700    1.0175    0.0027         2
    1.4750    1.0164    0.0026         2
    1.4800    1.0191    0.0027         2
    1.4850    1.0151    0.0027         2
    1.4900    1.0101    0.0026         2
    1.4950    1.0030    0.0026         2
    1.5000    1.0049    0.0026         2
    1.5050    1.0051    0.0026         2
    1.5100    1.0049    0.0027         2
    1.5150    1.0088    0.0025         2
    1.5200    1.0123    0.0026         2
    1.5250    1.0141    0.0027         2
    1.5300    1.0114    0.0026         2
    1.5350    1.0155    0.0027         2
    1.5400    1.0157    0.0026         2
    1.5450    1.0194    0.0026         2
    1.5500    1.0200    0.0028         2
    1.5550    1.0262    0.0028         2
    1.5600    1.0242    0.0027         2
    1.5650    1.0248    0.0028         2
    1.5700    1.0258    0.0028         2
    1.5750    1.0186    0.0029         2
    1.5800    1.0248    0.0028         2
    1.5850    1.0199    0.0028         2
    1.5900    1.0232    0.0029         2
    1.5950    1.0207    0.0028         2
    1.6000    1.0278    0.0028         2
    1.6050    1.0231    0.0028         2
    1.6100    1.0241    0.0033         2
    1.6150    1.0270    0.0034         2
    1.6200    1.0283    0.0029         2
    1.6250    1.0242    0.0030         2
    1.6300    1.0267    0.0028         2
    1.6350    1.0235    0.0030         2
    1.6400    1.0242    0.0030         2
    1.6450    1.0265    0.0029         2
    1.6500    1.0255    0.0029         2
    1.6550    1.0309    0.0029         2
    1.6600    1.0249    0.0031         2
    1.6650    1.0228    0.0036         2
    1.6700    1.0214    0.0030         2
    1.6750    1.0215    0.0031         2
    1.6800    1.0246    0.0032         2
    1.6850    1.0265    0.0031         2
    1.6900    1.0177    0.0032         2
    1.6950    1.0221    0.0032         2
    1.7000    1.0124    0.0032         2
    1.7050    1.0241    0.0031         2
    1.7100    1.0295    0.0031         2
    1.7150    1.0283    0.0032         2
    1.7200    1.0231    0.0033         2
    1.7250    1.0286    0.0033         2
    1.7300    1.0309    0.0034         2
    1.7350    1.0325    0.0034         2
    1.7400    1.0354    0.0034         2
    1.7450    1.0352    0.0038         2
    1.7500    1.0274    0.0033         2
    1.7550    1.0349    0.0033         2
    1.7600    1.0308    0.0033         2
    1.7650    1.0258    0.0033         2
    1.7700    1.0315    0.0035         2
    1.7750    1.0317    0.0036         2
    1.7800    1.0355    0.0035         2
    1.7850    1.0478    0.0035         2
    1.7900    1.0323    0.0036         2
    1.7950    1.0221    0.0038         2
    1.8000    1.0248    0.0040         2
    1.8050    1.0386    0.0042         2
    1.8100    1.0417    0.0048         2
    1.8150    1.0443    0.0044         1
    1.8200    1.0632    0.0057         1
    1.8250    1.0439    0.0043         1
    1.8300    1.0435    0.0070         2
    1.8350    1.0691    0.0101         1
    1.8400    1.0558    0.0074         1
    1.8450    1.0421    0.0058         2
    1.8500    1.0285    0.0062         2
    1.8550    1.0518    0.0058         2
    1.8600    1.0373    0.0048         1
    1.8650    1.0490    0.0081         1
    1.8700    1.0460    0.0081         2
    1.8750    1.0281    0.0078         1
    1.8800    1.0435    0.0071         2
    1.8850    1.0572    0.0067         1
    1.8900    1.0479    0.0055         2
    1.8950    1.0524    0.0066         2
    1.9000    1.0604    0.0066         2
    1.9050    1.0567    0.0064         2
    1.9100    1.0411    0.0057         2
    1.9150    1.0542    0.0058         2
    1.9200    1.0554    0.0058         2
    1.9250    1.0388    0.0051         2
    1.9300    1.0536    0.0049         2
    1.9350    1.0496    0.0047         2
    1.9400    1.0485    0.0047         2
    1.9450    1.0523    0.0051         2
    1.9500    1.0568    0.0057         2
    1.9550    1.0627    0.0058         1
    1.9600    1.0694    0.0055         1
    1.9650    1.0729    0.0052         2
    1.9700    1.0716    0.0050         2
    1.9750    1.0593    0.0049         2
    1.9800    1.0575    0.0042         2
    1.9850    1.0655    0.0043         2
    1.9900    1.0509    0.0049         2
    1.9950    1.0976    0.0074         1
    2.0000    1.0860    0.0089         1
    2.0050    1.0666    0.0086         1
    2.0100    1.0764    0.0057         2
    2.0150   -1.0000   -1.0000         0
    2.0200    1.0611    0.0072         1
    2.0250    1.0762    0.0060         2
    2.0300    1.0789    0.0046         2
    2.0350    1.0757    0.0045         2
    2.0400    1.0788    0.0045         2
    2.0450    1.0777    0.0059         2
    2.0500    1.0912    0.0062         1
    2.0550    1.0967    0.0059         1
    2.0600    1.0832    0.0049         2
    2.0650    1.0899    0.0050         2
    2.0700    1.1089    0.0057         1
    2.0750    1.1174    0.0060         1
    2.0800    1.0941    0.0047         2
    2.0850    1.0899    0.0046         2
    2.0900    1.0968    0.0047         2
    2.0950    1.0982    0.0048         2
    2.1000    1.0991    0.0048         2
    2.1050    1.0963    0.0049         2
    2.1100    1.0926    0.0048         2
    2.1150    1.0996    0.0049         2
    2.1200    1.0981    0.0049         2
    2.1250    1.0995    0.0049         2
    2.1300    1.1023    0.0050         2
    2.1350    1.1067    0.0050         2
    2.1400    1.1012    0.0049         2
    2.1450    1.1009    0.0052         2
    2.1500    1.0995    0.0053         2
    2.1550    1.1036    0.0055         2
    2.1600    1.1107    0.0053         2
    2.1650    1.1163    0.0053         2
    2.1700    1.1188    0.0054         2
    2.1750    1.1168    0.0053         2
    2.1800    1.1143    0.0056         2
    2.1850    1.1208    0.0054         2
    2.1900    1.1122    0.0055         2
    2.1950    1.1078    0.0056         2
    2.2000    1.1262    0.0056         2
    2.2050    1.1271    0.0057         2
    2.2100    1.1327    0.0057         2
    2.2150    1.1369    0.0058         2
    2.2200    1.1364    0.0057         2
    2.2250    1.1383    0.0057         2
    2.2300    1.1420    0.0058         2
    2.2350    1.1371    0.0060         2
    2.2400    1.1387    0.0060         2
    2.2450    1.1470    0.0062         2
    2.2500    1.1493    0.0061         2
    2.2550    1.1495    0.0061         2
    2.2600    1.1611    0.0063         2
    2.2650    1.1620    0.0062         2
    2.2700    1.1611    0.0062         2
    2.2750    1.1677    0.0065         2
    2.2800    1.1748    0.0065         2
    2.2850    1.1719    0.0065         2
    2.2900    1.1740    0.0066         2
    2.2950    1.1743    0.0067         2
    2.3000    1.1909    0.0068         2
    2.3050    1.1972    0.0065         2
    2.3100    1.1943    0.0074         2
    2.3150    1.1922    0.0080         2
    2.3200    1.2044    0.0069         2
    2.3250    1.2184    0.0071         2
    2.3300    1.2140    0.0070         2
    2.3350    1.2144    0.0074         2
    2.3400    1.2174    0.0073         2
    2.3450    1.2286    0.0072         2
    2.3500    1.2395    0.0076         2
    2.3550    1.2478    0.0074         2
    2.3600    1.2579    0.0073         2
    2.3650    1.2528    0.0077         2
    2.3700    1.2566    0.0079         2
    2.3750    1.2606    0.0075         2
    2.3800    1.2626    0.0074         2
    2.3850    1.2790    0.0078         2
    2.3900    1.2800    0.0080         2
    2.3950    1.2993    0.0078         2
    2.4000   -1.0000   -1.0000         0
    2.4050    1.3204    0.0082         2
    2.4100    1.3234    0.0084         2
    2.4150    1.3268    0.0088         2
    2.4200    1.3408    0.0085         2
    2.4250    1.3409    0.0089         2
    2.4300    1.3581    0.0094         2
    2.4350    1.3688    0.0101         2
    2.4400    1.3645    0.0073         1
    2.4450   -1.0000   -1.0000         0
    2.4500    1.3589    0.0083         1
    2.4550    1.3670    0.0076         1
    2.4600    1.3828    0.0073         1
    2.4650    1.3966    0.0073         1
    2.4700    1.4003    0.0077         1
    2.4750    1.4250    0.0081         1
    2.4800   -1.0000   -1.0000         0
    2.4850   -1.0000   -1.0000         0
    2.4900   -1.0000   -1.0000         0
