0.4901 0.8914 0.0854
0.4906 0.8785 0.0988
0.4911 0.8674 0.1104
0.4916 0.8947 0.0836
0.4921 0.9271 0.0517
0.4926 0.9211 0.0582
0.4931 0.9092 0.0706
0.4936 0.9058 0.0745
0.4941 0.9050 0.0758
0.4946 0.8946 0.0867
0.4951 0.8801 0.1017
0.4956 0.8782 0.1041
0.4961 0.8890 0.0938
0.4966 0.8956 0.0877
0.4971 0.8870 0.0968
0.4976 0.8857 0.0985
0.4981 0.9010 0.0837
0.4986 0.9111 0.0741
0.4991 0.9013 0.0844
0.4996 0.8935 0.0927
0.5001 0.9045 0.0821
0.5006 0.9098 0.0773
0.5011 0.9068 0.0808
0.5016 0.9249 0.0632
0.5021 0.9401 0.0484
0.5026 0.9294 0.0596
0.5031 0.9164 0.0731
0.5036 0.9158 0.0741
0.5041 0.9188 0.0716
0.5046 0.9198 0.0711
0.5051 0.9212 0.0701
0.5056 0.9177 0.0740
0.5061 0.9080 0.0842
0.5066 0.8990 0.0936
0.5071 0.9010 0.0920
0.5076 0.9162 0.0773
0.5081 0.9373 0.0565
0.5086 0.9412 0.0530
0.5091 0.9323 0.0624
0.5096 0.9298 0.0653
0.5101 0.9291 0.0664
0.5106 0.9287 0.0672
0.5111 0.9277 0.0686
0.5116 0.9133 0.0833
0.5121 0.9082 0.0888
0.5126 0.9266 0.0707
0.5131 0.9330 0.0647
0.5136 0.9298 0.0683
0.5141 0.9329 0.0655
0.5146 0.9330 0.0657
0.5151 0.9151 0.0839
0.5156 0.8895 0.1099
0.5161 0.8896 0.1101
0.5166 0.9243 0.0757
0.5171 0.9671 0.0332
0.5176 0.9757 0.0248
0.5181 0.9771 0.0237
0.5186 0.9871 0.0140
0.5191 0.9796 0.0218
0.5196 0.9576 0.0440
0.5201 0.9476 0.0543
0.5206 0.9538 0.0484
0.5211 0.9476 0.0548
0.5216 0.9429 0.0598
0.5221 0.9527 0.0502
0.5226 0.9754 0.0278
0.5231 1.0098 0.0064
0.5236 1.0070 0.0034
0.5241 0.9666 0.0373
0.5246 0.9482 0.0558
0.5251 0.9411 0.0632
0.5256 0.9266 0.0778
0.5261 0.9343 0.0704
0.5266 0.9698 0.0351
0.5271 0.9992 0.0059
0.5276 1.0000 0.0052
0.5281 0.9859 0.0195
0.5286 0.9733 0.0323
0.5291 0.9583 0.0475
0.5296 0.9502 0.0558
0.5301 0.9602 0.0460
0.5306 0.9615 0.0449
0.5311 0.9463 0.0602
0.5316 0.9398 0.0669
0.5321 0.9530 0.0538
0.5326 0.9820 0.0250
0.5331 1.0016 0.0055
0.5336 0.9930 0.0143
0.5341 0.9854 0.0221
0.5346 0.9894 0.0183
0.5351 0.9763 0.0315
0.5356 0.9574 0.0505
0.5361 0.9566 0.0514
0.5366 0.9718 0.0364
0.5371 0.9831 0.0253
0.5376 0.9812 0.0273
0.5381 0.9686 0.0400
0.5386 0.9602 0.0485
0.5391 0.9642 0.0447
0.5396 0.9743 0.0347
0.5401 1.0042 0.0049
0.5406 1.0243 0.0151
0.5411 1.0066 0.0028
0.5416 0.9927 0.0167
0.5421 0.9959 0.0137
0.5426 0.9943 0.0154
0.5431 0.9931 0.0167
0.5436 0.9926 0.0173
0.5441 0.9920 0.0180
0.5446 0.9875 0.0226
0.5451 0.9810 0.0292
0.5456 0.9860 0.0242
0.5461 0.9898 0.0206
0.5466 0.9864 0.0240
0.5471 0.9906 0.0199
0.5476 1.0026 0.0081
0.5481 1.0014 0.0093
0.5486 0.9959 0.0148
0.5491 0.9952 0.0157
0.5496 0.9952 0.0158
0.5501 1.0000 0.0110
0.5506 1.0059 0.0052
0.5511 1.0097 0.0014
0.5516 1.0056 0.0056
0.5521 1.0035 0.0078
0.5526 1.0129 0.0016
0.5531 1.0177 0.0063
0.5536 1.0145 0.0030
0.5541 1.0076 0.0040
0.5546 0.9963 0.0153
0.5551 0.9842 0.0274
0.5556 0.9834 0.0282
0.5561 0.9920 0.0197
0.5566 0.9941 0.0176
0.5571 0.9933 0.0185
0.5576 0.9918 0.0200
0.5581 0.9975 0.0143
0.5586 1.0181 0.0063
0.5591 1.0307 0.0188
0.5596 1.0358 0.0239
0.5601 1.0333 0.0214
0.5606 1.0154 0.0035
0.5611 1.0050 0.0069
0.5616 1.0152 0.0033
0.5621 1.0281 0.0162
0.5626 1.0245 0.0127
0.5631 1.0204 0.0085
0.5636 1.0208 0.0089
0.5641 1.0192 0.0073
0.5646 1.0198 0.0080
0.5651 1.0255 0.0138
0.5656 1.0322 0.0204
0.5661 1.0383 0.0266
0.5666 1.0384 0.0268
0.5671 1.0228 0.0112
0.5676 1.0117 0.0011
0.5681 1.0238 0.0123
0.5686 1.0345 0.0230
0.5691 1.0244 0.0129
0.5696 1.0178 0.0064
0.5701 1.0242 0.0129
0.5706 1.0414 0.0301
0.5711 1.0553 0.0441
0.5716 1.0532 0.0420
0.5721 1.0421 0.0310
0.5726 1.0308 0.0198
0.5731 1.0261 0.0151
0.5736 1.0206 0.0097
0.5741 1.0136 0.0027
0.5746 1.0195 0.0087
0.5751 1.0365 0.0258
0.5756 1.0408 0.0302
0.5761 1.0307 0.0201
0.5766 1.0250 0.0145
0.5771 1.0290 0.0186
0.5776 1.0350 0.0246
0.5781 1.0419 0.0316
0.5786 1.0451 0.0348
0.5791 1.0424 0.0322
0.5796 1.0382 0.0281
0.5801 1.0373 0.0273
0.5806 1.0442 0.0343
0.5811 1.0551 0.0452
0.5816 1.0523 0.0425
0.5821 1.0399 0.0302
0.5826 1.0434 0.0338
0.5831 1.0473 0.0378
0.5836 1.0299 0.0205
0.5841 1.0134 0.0040
0.5846 1.0200 0.0107
0.5851 1.0405 0.0313
0.5856 1.0501 0.0409
0.5861 1.0451 0.0361
0.5866 1.0319 0.0229
0.5871 1.0137 0.0048
0.5876 1.0047 0.0040
0.5881 1.0057 0.0030
0.5886 1.0355 0.0269
0.5891 1.0879 0.0794
0.5896 1.0990 0.0906
0.5901 1.0785 0.0701
0.5906 1.0667 0.0585
0.5911 1.0508 0.0427
0.5916 1.0459 0.0379
0.5921 1.0540 0.0461
0.5926 1.0498 0.0419
0.5931 1.0491 0.0413
0.5936 1.0552 0.0476
0.5941 1.0521 0.0445
0.5946 1.0570 0.0495
0.5951 1.0623 0.0549
0.5956 1.0587 0.0515
0.5961 1.0544 0.0473
0.5966 1.0451 0.0380
0.5971 1.0459 0.0389
0.5976 1.0575 0.0506
0.5981 1.0634 0.0566
0.5986 1.0554 0.0487
0.5991 1.0573 0.0507
0.5996 1.0666 0.0600
0.6001 1.0614 0.0550
0.6006 1.0595 0.0532
0.6011 1.0695 0.0632
0.6016 1.0820 0.0758
0.6021 1.0843 0.0782
0.6026 1.0730 0.0670
0.6031 1.0676 0.0616
0.6036 1.0687 0.0629
0.6041 1.0664 0.0606
0.6046 1.0661 0.0604
0.6051 1.0660 0.0604
0.6056 1.0694 0.0638
0.6061 1.0724 0.0670
0.6066 1.0639 0.0585
0.6071 1.0617 0.0564
0.6076 1.0587 0.0535
0.6081 1.0613 0.0561
0.6086 1.0722 0.0671
0.6091 1.0742 0.0692
0.6096 1.0772 0.0722
0.6101 1.0815 0.0765
0.6106 1.0827 0.0779
0.6111 1.0783 0.0735
0.6116 1.0788 0.0740
0.6121 1.0807 0.0760
0.6126 1.0751 0.0705
0.6131 1.0754 0.0708
0.6136 1.0804 0.0758
0.6141 1.0723 0.0677
0.6146 1.0662 0.0617
0.6151 1.0667 0.0622
0.6156 1.0717 0.0673
0.6161 1.0994 0.0950
0.6166 1.1139 0.1095
0.6171 1.1009 0.0965
0.6176 1.0953 0.0910
0.6181 1.0922 0.0879
0.6186 1.0942 0.0899
0.6191 1.1019 0.0976
0.6196 1.0951 0.0909
0.6201 1.0849 0.0806
0.6206 1.0802 0.0760
0.6211 1.0822 0.0779
0.6216 1.0908 0.0866
0.6221 1.0883 0.0841
0.6226 1.0874 0.0831
0.6231 1.0969 0.0926
0.6236 1.0968 0.0925
0.6241 1.0946 0.0903
0.6246 1.1000 0.0957
0.6251 1.1096 0.1054
0.6256 1.1111 0.1068
0.6261 1.0969 0.0926
0.6266 1.0848 0.0804
0.6271 1.0919 0.0875
0.6276 1.1022 0.0979
0.6281 1.1022 0.0978
0.6286 1.0961 0.0917
0.6291 1.1012 0.0967
0.6296 1.1090 0.1046
0.6301 1.1050 0.1006
0.6306 1.1004 0.0958
0.6311 1.1103 0.1058
0.6316 1.1186 0.1140
0.6321 1.1081 0.1034
0.6326 1.0978 0.0931
0.6331 1.1031 0.0984
0.6336 1.1141 0.1093
0.6341 1.1132 0.1084
0.6346 1.1141 0.1093
0.6351 1.1208 0.1160
0.6356 1.1272 0.1223
0.6361 1.1273 0.1223
0.6366 1.1231 0.1181
0.6371 1.1238 0.1187
0.6376 1.1200 0.1149
0.6381 1.1067 0.1015
0.6386 1.0963 0.0910
0.6391 1.1003 0.0950
0.6396 1.1165 0.1111
0.6401 1.1246 0.1191
0.6406 1.1212 0.1157
0.6411 1.1210 0.1154
0.6416 1.1308 0.1252
0.6421 1.1345 0.1288
0.6426 1.1216 0.1158
0.6431 1.1140 0.1081
0.6436 1.1175 0.1115
0.6441 1.1218 0.1158
0.6446 1.1303 0.1242
0.6451 1.1368 0.1306
0.6456 1.1293 0.1231
0.6461 1.1270 0.1206
0.6466 1.1289 0.1225
0.6471 1.1201 0.1136
0.6476 1.1127 0.1061
0.6481 1.1036 0.0969
0.6486 1.1070 0.1002
0.6491 1.1329 0.1261
0.6496 1.1470 0.1400
0.6501 1.1434 0.1363
0.6506 1.1305 0.1233
0.6511 1.1245 0.1173
0.6516 1.1210 0.1136
0.6521 1.1218 0.1144
0.6526 1.1334 0.1259
0.6531 1.1307 0.1231
0.6536 1.1181 0.1104
0.6541 1.0977 0.0898
0.6546 1.1100 0.1021
0.6551 1.1024 0.0944
0.6556 1.1158 0.1077
0.6561 1.1498 0.1416
0.6566 1.1377 0.1294
0.6571 1.1602 0.1518
0.6576 1.1708 0.1623
0.6581 1.1499 0.1414
0.6586 1.1453 0.1366
0.6591 1.1551 0.1464
0.6596 1.1572 0.1484
0.6601 1.1525 0.1436
0.6606 1.1462 0.1373
0.6611 1.1390 0.1300
0.6616 1.1402 0.1310
0.6621 1.1385 0.1292
0.6626 1.1372 0.1279
0.6631 1.1492 0.1398
0.6636 1.1603 0.1508
0.6641 1.1631 0.1535
0.6646 1.1529 0.1432
0.6651 1.1460 0.1363
0.6656 1.1493 0.1394
0.6661 1.1502 0.1402
0.6666 1.1472 0.1372
0.6671 1.1449 0.1348
0.6676 1.1477 0.1375
0.6681 1.1458 0.1356
0.6686 1.1447 0.1344
0.6691 1.1484 0.1380
0.6696 1.1493 0.1388
0.6701 1.1514 0.1409
0.6706 1.1532 0.1426
0.6711 1.1517 0.1410
0.6716 1.1574 0.1467
0.6721 1.1669 0.1561
0.6726 1.1668 0.1559
0.6731 1.1571 0.1461
0.6736 1.1535 0.1425
0.6741 1.1588 0.1477
0.6746 1.1638 0.1527
0.6751 1.1672 0.1560
0.6756 1.1641 0.1529
0.6761 1.1585 0.1472
0.6766 1.1563 0.1450
0.6771 1.1604 0.1490
0.6776 1.1595 0.1480
0.6781 1.1595 0.1481
0.6786 1.1683 0.1568
0.6791 1.1716 0.1600
0.6796 1.1727 0.1611
0.6801 1.1675 0.1559
0.6806 1.1568 0.1452
0.6811 1.1538 0.1420
0.6816 1.1579 0.1462
0.6821 1.1598 0.1480
0.6826 1.1585 0.1467
0.6831 1.1588 0.1470
0.6836 1.1711 0.1593
0.6841 1.1815 0.1697
0.6846 1.1701 0.1582
0.6851 1.1301 0.1183
0.6856 1.1357 0.1239
0.6861 1.1716 0.1598
0.6866 1.1775 0.1657
0.6871 1.2047 0.1930
0.6876 1.2114 0.1996
0.6881 1.1847 0.1730
0.6886 1.1703 0.1585
0.6891 1.1757 0.1640
0.6896 1.1867 0.1751
0.6901 1.1874 0.1758
0.6906 1.1847 0.1731
0.6911 1.1846 0.1730
0.6916 1.1883 0.1768
0.6921 1.1851 0.1736
0.6926 1.1756 0.1642
0.6931 1.1753 0.1639
0.6936 1.1805 0.1692
0.6941 1.1822 0.1709
0.6946 1.1824 0.1712
0.6951 1.1787 0.1675
0.6956 1.1771 0.1660
0.6961 1.1796 0.1685
0.6966 1.1772 0.1662
0.6971 1.1752 0.1642
0.6976 1.1822 0.1712
0.6981 1.1871 0.1762
0.6986 1.1820 0.1711
0.6991 1.1740 0.1632
0.6996 1.1721 0.1614
0.7001 1.1751 0.1643
0.7006 1.1710 0.1603
0.7011 1.1811 0.1705
0.7016 1.2089 0.1983
0.7021 1.2157 0.2051
0.7026 1.1978 0.1873
0.7031 1.1916 0.1811
0.7036 1.1987 0.1883
0.7041 1.1977 0.1873
0.7046 1.1950 0.1846
0.7051 1.1988 0.1885
0.7056 1.1957 0.1854
0.7061 1.1858 0.1756
0.7066 1.1910 0.1808
0.7071 1.1962 0.1861
0.7076 1.1944 0.1843
0.7081 1.1950 0.1849
0.7086 1.1930 0.1829
0.7091 1.1971 0.1870
0.7096 1.1995 0.1895
0.7101 1.1945 0.1845
0.7106 1.1899 0.1800
0.7111 1.1872 0.1773
0.7116 1.1886 0.1788
0.7121 1.2008 0.1909
0.7126 1.2098 0.2000
0.7131 1.2018 0.1920
0.7136 1.1849 0.1751
0.7141 1.1762 0.1665
0.7146 1.1959 0.1863
0.7151 1.2060 0.1963
0.7156 1.1829 0.1732
0.7161 1.1649 0.1553
0.7166 1.1622 0.1526
0.7171 1.1529 0.1433
0.7176 1.1495 0.1400
0.7181 1.1755 0.1659
0.7186 1.1991 0.1896
0.7191 1.1950 0.1855
0.7196 1.1902 0.1807
0.7201 1.2119 0.2024
0.7206 1.2344 0.2250
0.7211 1.2246 0.2152
0.7216 1.1976 0.1882
0.7221 1.1770 0.1676
0.7226 1.1777 0.1684
0.7231 1.1935 0.1841
0.7236 1.2024 0.1931
0.7241 1.2007 0.1914
0.7246 1.1925 0.1832
0.7251 1.1897 0.1804
0.7256 1.1927 0.1835
0.7261 1.1935 0.1842
0.7266 1.2020 0.1927
0.7271 1.2021 0.1928
0.7276 1.1805 0.1712
0.7281 1.1730 0.1637
0.7286 1.1971 0.1879
0.7291 1.2221 0.2129
0.7296 1.2200 0.2107
0.7301 1.2093 0.2000
0.7306 1.2065 0.1973
0.7311 1.2092 0.1999
0.7316 1.2108 0.2015
0.7321 1.2226 0.2133
0.7326 1.2408 0.2315
0.7331 1.2322 0.2229
0.7336 1.2104 0.2011
0.7341 1.2015 0.1923
0.7346 1.2011 0.1918
0.7351 1.2156 0.2063
0.7356 1.2279 0.2187
0.7361 1.2250 0.2158
0.7366 1.2097 0.2005
0.7371 1.1956 0.1864
0.7376 1.2042 0.1950
0.7381 1.2227 0.2135
0.7386 1.2455 0.2363
0.7391 1.2487 0.2396
0.7396 1.2216 0.2124
0.7401 1.1972 0.1881
0.7406 1.2028 0.1938
0.7411 1.2299 0.2209
0.7416 1.2470 0.2380
0.7421 1.2420 0.2330
0.7426 1.2268 0.2179
0.7431 1.2073 0.1984
0.7436 1.2032 0.1944
0.7441 1.2240 0.2153
0.7446 1.2513 0.2426
0.7451 1.2465 0.2380
0.7456 1.2176 0.2092
0.7461 1.2149 0.2066
0.7466 1.2272 0.2189
0.7471 1.2370 0.2288
0.7476 1.2480 0.2399
0.7481 1.2427 0.2347
0.7486 1.2166 0.2087
0.7491 1.2007 0.1929
0.7496 1.1963 0.1886
0.7501 1.2053 0.1978
0.7506 1.2377 0.2303
0.7511 1.2521 0.2448
0.7516 1.2343 0.2272
0.7521 1.2201 0.2131
0.7526 1.2143 0.2075
0.7531 1.2185 0.2118
0.7536 1.2386 0.2321
0.7541 1.2428 0.2364
0.7546 1.2359 0.2297
0.7551 1.2315 0.2254
0.7556 1.2097 0.2038
0.7561 1.1927 0.1870
0.7566 1.2103 0.2047
0.7571 1.2378 0.2324
0.7576 1.2194 0.2142
0.7581 1.2096 0.2045
0.7586 1.2273 0.2224
0.7591 1.2274 0.2227
0.7596 1.2276 0.2231
0.7601 1.2277 0.2234
0.7606 1.2278 0.2237
0.7611 1.2278 0.2239
0.7616 1.2279 0.2242
0.7621 1.2282 0.2247
0.7626 1.1918 0.1885
0.7631 1.2016 0.1986
0.7636 1.2767 0.2739
0.7641 1.3009 0.2982
0.7646 1.2845 0.2821
0.7651 1.2527 0.2504
0.7656 1.2406 0.2386
0.7661 1.2710 0.2692
0.7666 1.2961 0.2945
0.7671 1.2880 0.2866
0.7676 1.2559 0.2547
0.7681 1.2159 0.2149
0.7686 1.2028 0.2021
0.7691 1.2169 0.2164
0.7696 1.2429 0.2425
0.7701 1.2614 0.2612
0.7706 1.2552 0.2552
0.7711 1.2463 0.2465
0.7716 1.2284 0.2287
0.7721 1.2075 0.2080
0.7726 1.2093 0.2100
0.7731 1.2228 0.2237
0.7736 1.2392 0.2402
0.7741 1.2585 0.2597
0.7746 1.2587 0.2600
0.7751 1.2310 0.2324
0.7756 1.2046 0.2062
0.7761 1.1989 0.2006
0.7766 1.2162 0.2181
0.7771 1.2487 0.2507
0.7776 1.2641 0.2662
0.7781 1.2422 0.2444
0.7786 1.2152 0.2175
0.7791 1.2006 0.2030
0.7796 1.2073 0.2098
0.7801 1.2349 0.2376
0.7806 1.2564 0.2591
0.7811 1.2538 0.2566
0.7816 1.2264 0.2292
0.7821 1.1928 0.1957
0.7826 1.1881 0.1911
0.7831 1.2124 0.2155
0.7836 1.2350 0.2382
0.7841 1.2540 0.2572
0.7846 1.2476 0.2509
0.7851 1.2218 0.2251
0.7856 1.2080 0.2114
0.7861 1.2105 0.2139
0.7866 1.2168 0.2202
0.7871 1.2296 0.2330
0.7876 1.2471 0.2506
0.7881 1.2391 0.2425
0.7886 1.2114 0.2149
0.7891 1.1942 0.1976
0.7896 1.1987 0.2022
0.7901 1.2130 0.2165
0.7906 1.2235 0.2269
0.7911 1.2294 0.2328
0.7916 1.2248 0.2283
0.7921 1.2105 0.2139
0.7926 1.2037 0.2071
0.7931 1.2004 0.2038
0.7936 1.2122 0.2156
0.7941 1.2369 0.2402
0.7946 1.2528 0.2561
0.7951 1.2428 0.2461
0.7956 1.2180 0.2212
0.7961 1.1980 0.2011
0.7966 1.1871 0.1902
0.7971 1.1926 0.1957
0.7976 1.1968 0.1998
0.7981 1.1980 0.2009
0.7986 1.2040 0.2069
0.7991 1.2116 0.2145
0.7996 1.2047 0.2075
0.8001 1.1841 0.1868
0.8006 1.1880 0.1907
0.8011 1.2089 0.2114
0.8016 1.2226 0.2250
0.8021 1.2326 0.2350
0.8026 1.2232 0.2255
0.8031 1.1897 0.1920
0.8036 1.1594 0.1615
0.8041 1.1599 0.1619
0.8046 1.1932 0.1951
0.8051 1.2266 0.2285
0.8056 1.2356 0.2374
0.8061 1.2289 0.2305
0.8066 1.2144 0.2160
0.8071 1.1861 0.1876
0.8076 1.1671 0.1684
0.8081 1.1868 0.1880
0.8086 1.2135 0.2146
0.8091 1.2296 0.2307
0.8096 1.2390 0.2399
0.8101 1.2243 0.2251
0.8106 1.1993 0.2000
0.8111 1.1831 0.1836
0.8116 1.1708 0.1713
0.8121 1.1715 0.1719
0.8126 1.1851 0.1853
0.8131 1.1997 0.1998
0.8136 1.2039 0.2039
0.8141 1.1864 0.1863
0.8146 1.1569 0.1567
0.8151 1.1339 0.1336
0.8156 1.1363 0.1359
0.8161 1.1588 0.1583
0.8166 1.1752 0.1746
0.8171 1.1829 0.1822
0.8176 1.1888 0.1880
0.8181 1.1668 0.1659
0.8186 1.1485 0.1475
0.8191 1.1609 0.1598
0.8196 1.1824 0.1812
0.8201 1.1988 0.1975
0.8206 1.1993 0.1979
0.8211 1.1930 0.1915
0.8216 1.1699 0.1683
0.8221 1.1493 0.1476
0.8226 1.1592 0.1575
0.8231 1.1792 0.1773
0.8236 1.1906 0.1886
0.8241 1.1957 0.1936
0.8246 1.2002 0.1980
0.8251 1.2063 0.2040
0.8256 1.2000 0.1976
0.8261 1.1797 0.1773
0.8266 1.1531 0.1505
0.8271 1.1342 0.1315
0.8276 1.1473 0.1445
0.8281 1.1704 0.1675
0.8286 1.1891 0.1861
0.8291 1.2074 0.2043
0.8296 1.2074 0.2042
0.8301 1.1882 0.1849
0.8306 1.1584 0.1550
0.8311 1.1401 0.1365
0.8316 1.1364 0.1327
0.8321 1.1458 0.1420
0.8326 1.1818 0.1779
0.8331 1.2170 0.2130
0.8336 1.2212 0.2171
0.8341 1.1979 0.1936
0.8346 1.1750 0.1706
0.8351 1.1620 0.1574
0.8356 1.1470 0.1423
0.8361 1.1548 0.1500
0.8366 1.1810 0.1761
0.8371 1.1935 0.1884
0.8376 1.2049 0.1997
0.8381 1.2125 0.2071
0.8386 1.1935 0.1879
0.8391 1.1614 0.1557
0.8396 1.1487 0.1428
0.8401 1.1587 0.1527
0.8406 1.1829 0.1768
0.8411 1.2085 0.2022
0.8416 1.2196 0.2131
0.8421 1.2034 0.1968
0.8426 1.1622 0.1554
0.8431 1.1306 0.1236
0.8436 1.1331 0.1260
0.8441 1.1574 0.1501
0.8446 1.1661 0.1587
0.8451 1.1846 0.1770
0.8456 1.2151 0.2074
0.8461 1.1917 0.1838
0.8466 1.1514 0.1433
0.8471 1.1418 0.1335
0.8476 1.1298 0.1214
0.8481 1.1080 0.0994
0.8486 1.1049 0.0961
0.8491 1.1487 0.1397
0.8496 1.1713 0.1621
0.8501 1.1958 0.1864
0.8506 1.2061 0.1964
0.8511 1.1621 0.1523
0.8516 1.1315 0.1215
0.8521 1.1023 0.0921
0.8526 1.0834 0.0729
0.8531 1.0937 0.0830
0.8536 1.1682 0.1573
0.8541 1.1910 0.1798
0.8546 1.1541 0.1427
0.8551 1.1861 0.1744
0.8556 1.1915 0.1796
0.8561 1.1445 0.1324
0.8566 1.1215 0.1092
0.8571 1.1378 0.1252
0.8576 1.1672 0.1543
0.8581 1.1849 0.1717
0.8586 1.1902 0.1768
0.8591 1.1840 0.1703
0.8596 1.1558 0.1419
0.8601 1.1293 0.1152
0.8606 1.1245 0.1100
0.8611 1.1318 0.1171
0.8616 1.1521 0.1372
0.8621 1.1780 0.1627
0.8626 1.1990 0.1834
0.8631 1.1960 0.1803
0.8636 1.1570 0.1409
0.8641 1.1001 0.0838
0.8646 1.1111 0.0945
0.8651 1.1488 0.1319
0.8656 1.1559 0.1388
0.8661 1.1947 0.1774
0.8666 1.1871 0.1695
0.8671 1.1478 0.1299
0.8676 1.1590 0.1409
0.8681 1.1638 0.1453
0.8686 1.1394 0.1207
0.8691 1.1093 0.0904
0.8696 1.1063 0.0871
0.8701 1.1301 0.1107
0.8706 1.1616 0.1419
0.8711 1.1776 0.1577
0.8716 1.1855 0.1653
0.8721 1.1730 0.1526
0.8726 1.1407 0.1200
0.8731 1.1258 0.1048
0.8736 1.1158 0.0947
0.8741 1.1097 0.0883
0.8746 1.1210 0.0994
0.8751 1.1615 0.1396
0.8756 1.1965 0.1744
0.8761 1.1986 0.1762
0.8766 1.1798 0.1572
0.8771 1.1427 0.1198
0.8776 1.1023 0.0792
0.8781 1.0898 0.0664
0.8786 1.1042 0.0806
0.8791 1.1243 0.1004
0.8796 1.1450 0.1209
0.8801 1.1755 0.1511
0.8806 1.1968 0.1722
0.8811 1.1741 0.1492
0.8816 1.1337 0.1085
0.8821 1.1082 0.0827
0.8826 1.0903 0.0646
0.8831 1.0934 0.0675
0.8836 1.1233 0.0970
0.8841 1.1522 0.1257
0.8846 1.1647 0.1379
0.8851 1.1764 0.1493
0.8856 1.1824 0.1551
0.8861 1.1611 0.1335
0.8866 1.1268 0.0989
0.8871 1.0990 0.0708
0.8876 1.0948 0.0663
0.8881 1.1072 0.0785
0.8886 1.1175 0.0884
0.8891 1.1289 0.0996
0.8896 1.1524 0.1229
0.8901 1.1735 0.1436
0.8906 1.1734 0.1433
0.8911 1.1534 0.1230
0.8916 1.1229 0.0922
0.8921 1.0931 0.0621
0.8926 1.0787 0.0474
0.8931 1.1025 0.0709
0.8936 1.1461 0.1143
0.8941 1.1610 0.1289
0.8946 1.1400 0.1076
0.8951 1.1168 0.0841
0.8956 1.0926 0.0596
0.8961 1.1008 0.0675
0.8966 1.1263 0.0927
0.8971 1.1255 0.0916
0.8976 1.1012 0.0670
0.8981 1.0963 0.0619
0.8986 1.1311 0.0964
0.8991 1.1575 0.1226
0.8996 1.1520 0.1168
0.9001 1.1160 0.0805
0.9006 1.0972 0.0614
0.9011 1.0887 0.0526
0.9016 1.0873 0.0510
0.9021 1.1122 0.0755
0.9026 1.1429 0.1060
0.9031 1.1662 0.1289
0.9036 1.1654 0.1279
0.9041 1.1459 0.1080
0.9046 1.1278 0.0897
0.9051 1.0891 0.0507
0.9056 1.0517 0.0131
0.9061 1.0540 0.0151
0.9066 1.0530 0.0138
0.9071 1.0531 0.0136
0.9076 1.1027 0.0629
0.9081 1.1440 0.1039
0.9086 1.1554 0.1150
0.9091 1.1646 0.1240
0.9096 1.1580 0.1171
0.9101 1.1349 0.0937
0.9106 1.1072 0.0657
0.9111 1.0730 0.0313
0.9116 1.0759 0.0338
0.9121 1.1034 0.0611
0.9126 1.1167 0.0741
0.9131 1.1368 0.0939
0.9136 1.1531 0.1100
0.9141 1.1516 0.1081
0.9146 1.1310 0.0873
0.9151 1.1014 0.0574
0.9156 1.0682 0.0238
