0.50050 1.00137
0.50100 0.98458
0.50150 0.95096
0.50200 0.96043
0.50250 0.97163
0.50300 0.97965
0.50350 0.97224
0.50400 0.97107
0.50450 0.98716
0.50500 0.98752
0.50550 0.98695
0.50600 0.99539
0.50650 0.99520
0.50700 0.99056
0.50750 0.98065
0.50800 0.98015
0.50850 0.98320
0.50900 0.98064
0.50950 0.98060
0.51000 0.98170
0.51050 0.98665
0.51100 0.98782
0.51150 0.98896
0.51200 0.98545
0.51250 0.97430
0.51300 0.96087
0.51350 0.96110
0.51400 0.96651
0.51450 0.97108
0.51500 0.96587
0.51550 0.96465
0.51600 0.97330
0.51650 0.98325
0.51700 0.98544
0.51750 0.97754
0.51800 0.97780
0.51850 0.97654
0.51900 0.97671
0.51950 0.98311
0.52000 0.99118
0.52050 0.98832
0.52100 0.98387
0.52150 0.98075
0.52200 0.98859
0.52250 0.99819
0.52300 1.00245
0.52350 0.99776
0.52400 0.99174
0.52450 0.98793
0.52500 0.99032
0.52550 0.98609
0.52600 0.97626
0.52650 0.97780
0.52700 0.98989
0.52750 1.00724
0.52800 1.01329
0.52850 1.01147
0.52900 1.00295
0.52950 0.99415
0.53000 0.99069
0.53050 0.99300
0.53100 1.00225
0.53150 1.00914
0.53200 1.00637
0.53250 0.99782
0.53300 0.99110
0.53350 0.99352
0.53400 0.99378
0.53450 0.99158
0.53500 0.98487
0.53550 0.98858
0.53600 0.99660
0.53650 0.99336
0.53700 0.99440
0.53750 0.99684
0.53800 0.99971
0.53850 0.99939
0.53900 1.00024
0.53950 0.99173
0.54000 0.98471
0.54050 0.97953
0.54100 0.99193
0.54150 1.00005
0.54200 1.00523
0.54250 0.99340
0.54300 0.98746
0.54350 0.99784
0.54400 1.00139
0.54450 1.00445
0.54500 1.00276
0.54550 1.00299
0.54600 1.00410
0.54650 1.00078
0.54700 0.99786
0.54750 0.99728
0.54800 1.00576
0.54850 1.00426
0.54900 0.99738
0.54950 0.99922
0.55000 1.00000
0.55050 1.00080
0.55100 0.99245
0.55150 0.99290
0.55200 1.00058
0.55250 0.99845
0.55300 0.99578
0.55350 0.99538
0.55400 1.00173
0.55450 1.00575
0.55500 1.00540
0.55550 1.00019
0.55600 0.99884
0.55650 1.00235
0.55700 1.00329
0.55750 1.00274
0.55800 0.99737
0.55850 0.99000
0.55900 0.98396
0.55950 0.99159
0.56000 0.99942
0.56050 1.00681
0.56100 1.00663
0.56150 0.99864
0.56200 0.98984
0.56250 0.99000
0.56300 0.99371
0.56350 0.99901
0.56400 0.99688
0.56450 0.99558
0.56500 0.99371
0.56550 0.98801
0.56600 0.98988
0.56650 1.00004
0.56700 0.99744
0.56750 0.99426
0.56800 0.99461
0.56850 0.99101
0.56900 0.98817
0.56950 0.98936
0.57000 0.99471
0.57050 0.99761
0.57100 0.99296
0.57150 0.99025
0.57200 0.99121
0.57250 1.00214
0.57300 1.00330
0.57350 1.00002
0.57400 0.99714
0.57450 0.99847
0.57500 1.00185
0.57550 0.99290
0.57600 0.98877
0.57650 0.98844
0.57700 0.99618
0.57750 1.00652
0.57800 1.01679
0.57850 1.01171
0.57900 1.00850
0.57950 1.00409
0.58000 1.00176
0.58050 0.99890
0.58100 0.99315
0.58150 0.99523
0.58200 0.99620
0.58250 0.99690
0.58300 1.00320
0.58350 1.00889
0.58400 1.01436
0.58450 1.00564
0.58500 0.99520
0.58550 1.00227
0.58600 0.99513
0.58650 0.98270
0.58700 0.98631
0.58750 0.99698
0.58800 1.00949
0.58850 1.00918
0.58900 1.00431
0.58950 0.99555
0.59000 0.99611
0.59050 0.99799
0.59100 1.00172
0.59150 1.00153
0.59200 0.99999
0.59250 0.99471
0.59300 0.99656
0.59350 0.99982
0.59400 1.00605
0.59450 1.01186
0.59500 1.01239
0.59550 1.00251
0.59600 0.99732
0.59650 0.99756
0.59700 1.00890
0.59750 1.01207
0.59800 1.00944
0.59850 0.99811
0.59900 0.99598
0.59950 0.99964
0.60000 1.00607
0.60050 1.00581
0.60100 1.00112
0.60150 1.00640
0.60200 1.00902
0.60250 1.00863
0.60300 1.00151
0.60350 1.00140
0.60400 1.01042
0.60450 1.01623
0.60500 1.01922
0.60550 1.02000
0.60600 1.01770
0.60650 1.01331
0.60700 1.00496
0.60750 1.00150
0.60800 1.00075
0.60850 1.00493
0.60900 1.00695
0.60950 1.00666
0.61000 1.00251
0.61050 1.00489
0.61100 1.00880
0.61150 1.00632
0.61200 1.00895
0.61250 1.01461
0.61300 1.01102
0.61350 1.01094
0.61400 1.01247
0.61450 1.00592
0.61500 1.00114
0.61550 0.99760
0.61600 1.00765
0.61650 1.01423
0.61700 1.01672
0.61750 1.01187
0.61800 1.00603
0.61850 1.00283
0.61900 1.00757
0.61950 1.01348
0.62000 1.01816
0.62050 1.01876
0.62100 1.01770
0.62150 1.01708
0.62200 1.01883
0.62250 1.01971
0.62300 1.01953
0.62350 1.02321
0.62400 1.02797
0.62450 1.02697
0.62500 1.02054
0.62550 1.01263
0.62600 1.01752
0.62650 1.01676
0.62700 1.01187
0.62750 1.01013
0.62800 1.01022
0.62850 1.01115
0.62900 1.00462
0.62950 1.00351
0.63000 1.01010
0.63050 1.01518
0.63100 1.01781
0.63150 1.01679
0.63200 1.01469
0.63250 1.01442
0.63300 1.01673
0.63350 1.01894
0.63400 1.01967
0.63450 1.01618
0.63500 1.01441
0.63550 1.01262
0.63600 1.01412
0.63650 1.01561
0.63700 1.01649
0.63750 1.01539
0.63800 1.01520
0.63850 1.01516
0.63900 1.01331
0.63950 1.01177
0.64000 1.00917
0.64050 1.02192
0.64100 1.02656
0.64150 1.02347
0.64200 1.02077
0.64250 1.02001
0.64300 1.02158
0.64350 1.02596
0.64400 1.03137
0.64450 1.03646
0.64500 1.03413
0.64550 1.02879
0.64600 1.02210
0.64650 1.01860
0.64700 1.01741
0.64750 1.01891
0.64800 1.01953
0.64850 1.01912
0.64900 1.02207
0.64950 1.02028
0.65000 1.01763
0.65050 1.03954
0.65100 1.03822
0.65150 1.03556
0.65200 1.03639
0.65250 1.02264
0.65300 1.03119
0.65350 1.03126
0.65400 1.03004
0.65450 1.02696
0.65500 1.03119
0.65550 1.03324
0.65600 1.03569
0.65650 1.03260
0.65700 1.02858
0.65750 1.02341
0.65800 1.02554
0.65850 1.02979
0.65900 1.03265
0.65950 1.03353
0.66000 1.03079
0.66050 1.02315
0.66100 1.02580
0.66150 1.03213
0.66200 1.03644
0.66250 1.03508
0.66300 1.03001
0.66350 1.03314
0.66400 1.03453
0.66450 1.03538
0.66500 1.03744
0.66550 1.03361
0.66600 1.02564
0.66650 1.02627
0.66700 1.02911
0.66750 1.03318
0.66800 1.03380
0.66850 1.03311
0.66900 1.02940
0.66950 1.02973
0.67000 1.02916
0.67050 1.02439
0.67100 1.02595
0.67150 1.02973
0.67200 1.03349
0.67250 1.03385
0.67300 1.03171
0.67350 1.02547
0.67400 1.02689
0.67450 1.02930
0.67500 1.02588
0.67550 1.02665
0.67600 1.03008
0.67650 1.02953
0.67700 1.02902
0.67750 1.02894
0.67800 1.02814
0.67850 1.02927
0.67900 1.03386
0.67950 1.03248
0.68000 1.03151
0.68050 1.03016
0.68100 1.02828
0.68150 1.02590
0.68200 1.02195
0.68250 1.02106
0.68300 1.03847
0.68350 1.02921
0.68400 1.02235
0.68450 1.03721
0.68500 1.02049
0.68550 1.02841
0.68600 1.03453
0.68650 1.03351
0.68700 1.03171
0.68750 1.03327
0.68800 1.03399
0.68850 1.03454
0.68900 1.03592
0.68950 1.03676
0.69000 1.03920
0.69050 1.02109
0.69100 1.03510
0.69150 1.03493
0.69200 1.03991
0.69250 1.02082
0.69300 1.02214
0.69350 1.02373
0.69400 1.02418
0.69450 1.02497
0.69500 1.02701
0.69550 1.03372
0.69600 1.03804
0.69650 1.03727
0.69700 1.03266
0.69750 1.02800
0.69800 1.03082
0.69850 1.03536
0.69900 1.03974
0.69950 1.03540
0.70000 1.02803
0.70050 1.03939
0.70100 1.03932
0.70150 1.02370
0.70200 1.03232
0.70250 1.03169
0.70300 1.02729
0.70350 1.02165
0.70400 1.02646
0.70450 1.03073
0.70500 1.03356
0.70550 1.03192
0.70600 1.03118
0.70650 1.03058
0.70700 1.02614
0.70750 1.02534
0.70800 1.03362
0.70850 1.03470
0.70900 1.03339
0.70950 1.03162
0.71000 1.03478
0.71050 1.03905
0.71100 1.04116
0.71150 1.03711
0.71200 1.03008
0.71250 1.02155
0.71300 1.03693
0.71350 1.03377
0.71400 1.03304
0.71450 1.03016
0.71500 1.02491
0.71550 1.02531
0.71600 1.02658
0.71650 1.02875
0.71700 1.02485
0.71750 1.02351
0.71800 1.02823
0.71850 1.03079
0.71900 1.03057
0.71950 1.02503
0.72000 1.02553
0.72050 1.02748
0.72100 1.02723
0.72150 1.02682
0.72200 1.02678
0.72250 1.02841
0.72300 1.02694
0.72350 1.02530
0.72400 1.02977
0.72450 1.03610
0.72500 1.02259
0.72550 1.02230
0.72600 1.03900
0.72650 1.03378
0.72700 1.02886
0.72750 1.02882
0.72800 1.03339
0.72850 1.02264
0.72900 1.02372
0.72950 1.03614
0.73000 1.02530
0.73050 1.03256
0.73100 1.03586
0.73150 1.03467
0.73200 1.03703
0.73250 1.04604
0.73300 1.04553
0.73350 1.03032
0.73400 1.01667
0.73450 1.02847
0.73500 1.02680
0.73550 1.02044
0.73600 1.02508
0.73650 1.02516
0.73700 1.02252
0.73750 1.02756
0.73800 1.03529
0.73850 1.03095
0.73900 1.02674
0.73950 1.02441
0.74000 1.03002
0.74050 1.03249
0.74100 1.03141
0.74150 1.03077
0.74200 1.02983
0.74250 1.02849
0.74300 1.02765
0.74350 1.02777
0.74400 1.02819
0.74450 1.02444
0.74500 1.02265
0.74550 1.02679
0.74600 1.03083
0.74650 1.03300
0.74700 1.02813
0.74750 1.02577
0.74800 1.02356
0.74850 1.02188
0.74900 1.02275
0.74950 1.02553
0.75000 1.02800
0.75050 1.02924
0.75100 1.02951
0.75150 1.03192
0.75200 1.03281
0.75250 1.03392
0.75300 1.02764
0.75350 1.03715
0.75400 1.02556
0.75450 1.03012
0.75500 1.03493
0.75550 1.02045
0.75600 1.02406
0.75650 1.02748
0.75700 1.02917
0.75750 1.03989
0.75800 1.02536
0.75850 1.02236
0.75900 1.02652
0.75950 1.03743
0.76000 1.03831
0.76050 1.03978
0.76100 1.02727
0.76150 1.02884
0.76200 1.03429
0.76250 1.03478
0.76300 1.03621
0.76350 1.02384
0.76400 1.03439
0.76450 1.03242
0.76500 1.03628
0.76550 1.02145
0.76600 1.02305
0.76650 1.02831
0.76700 1.03373
0.76750 1.02901
0.76800 1.03043
0.76850 1.03873
0.76900 1.03763
0.76950 1.03536
0.77000 1.03085
0.77050 1.03587
0.77100 1.03918
0.77150 1.03475
0.77200 1.03582
0.77250 1.03484
0.77300 1.02612
0.77350 1.02356
0.77400 1.02398
0.77450 1.02923
0.77500 1.03585
0.77550 1.04137
0.77600 1.03623
0.77650 1.03314
0.77700 1.03083
0.77750 1.03371
0.77800 1.03823
0.77850 1.04232
0.77900 1.03753
0.77950 1.03337
0.78000 1.02911
0.78050 1.02919
0.78100 1.02939
0.78150 1.02777
0.78200 1.02532
0.78250 1.02399
0.78300 1.02238
0.78350 1.03190
0.78400 1.03805
0.78450 1.03229
0.78500 1.03153
0.78550 1.03188
0.78600 1.03089
0.78650 1.03336
0.78700 1.03681
0.78750 1.03849
0.78800 1.03560
0.78850 1.03106
0.78900 1.03002
0.78950 1.02944
0.79000 1.02834
0.79050 1.03428
0.79100 1.04214
0.79150 1.05044
0.79200 1.04233
0.79250 1.03910
0.79300 1.04231
0.79350 1.03893
0.79400 1.03484
0.79450 1.02956
0.79500 1.02953
0.79550 1.03091
0.79600 1.03311
0.79650 1.02941
0.79700 1.02726
0.79750 1.03072
0.79800 1.03668
0.79850 1.04093
0.79900 1.03748
0.79950 1.03533
0.80000 1.03386
0.80050 1.03338
0.80100 1.03432
0.80150 1.03668
0.80200 1.04064
0.80250 1.03855
0.80300 1.03261
0.80350 1.03202
0.80400 1.03290
0.80450 1.03450
0.80500 1.02955
0.80550 1.02662
0.80600 1.02631
0.80650 1.02524
0.80700 1.02315
0.80750 1.03818
0.80800 1.02016
0.80850 1.02215
0.80900 1.02323
0.80950 1.03855
0.81000 1.03406
0.81050 1.03498
0.81100 1.03294
0.81150 1.03128
0.81200 1.03345
0.81250 1.03565
0.81300 1.03587
0.81350 1.02507
0.81400 1.02297
0.81450 1.02644
0.81500 1.02314
0.81550 1.02129
0.81600 1.02098
0.81650 1.02713
0.81700 1.02783
0.81750 1.02329
0.81800 1.02920
0.81850 1.03517
0.81900 1.02168
0.81950 1.02541
0.82000 1.02500
0.82050 1.03849
0.82100 1.02289
0.82150 1.02744
0.82200 1.02304
0.82250 1.03761
0.82300 1.03177
0.82350 1.02819
0.82400 1.02830
0.82450 1.02955
0.82500 1.03395
0.82550 1.03880
0.82600 1.02139
0.82650 1.02723
0.82700 1.02195
0.82750 1.02283
0.82800 1.02587
0.82850 1.02744
0.82900 1.02872
0.82950 1.03604
0.83000 1.02043
0.83050 1.02077
0.83100 1.03344
0.83150 1.03617
0.83200 1.02272
0.83250 1.02809
0.83300 1.03018
0.83350 1.02123
0.83400 1.02677
0.83450 1.03722
0.83500 1.05023
0.83550 1.05148
0.83600 1.04505
0.83650 1.02770
0.83700 1.02006
0.83750 1.03823
0.83800 1.02792
0.83850 1.02927
0.83900 1.02756
0.83950 1.03820
0.84000 1.03670
0.84050 1.02614
0.84100 1.02536
0.84150 1.02902
0.84200 1.03651
0.84250 1.03933
0.84300 1.04221
0.84350 1.04389
0.84400 1.04021
0.84450 1.03690
0.84500 1.03338
0.84550 1.02465
0.84600 1.03924
0.84650 1.02200
0.84700 1.02405
0.84750 1.02694
0.84800 1.03272
0.84850 1.03871
0.84900 1.04208
0.84950 1.04018
0.85000 1.03819
0.85050 1.03651
0.85100 1.03033
0.85150 1.02349
0.85200 1.01835
0.85250 1.01510
0.85300 1.01669
0.85350 1.02123
0.85400 1.02427
0.85450 1.02827
0.85500 1.03293
0.85550 1.03571
0.85600 1.03769
0.85650 1.03844
0.85700 1.03784
0.85750 1.03754
0.85800 1.03682
0.85850 1.03758
0.85900 1.03736
0.85950 1.03167
0.86000 1.03172
0.86050 1.03164
0.86100 1.02939
0.86150 1.03196
0.86200 1.03567
0.86250 1.04429
0.86300 1.03785
0.86350 1.02615
0.86400 1.01903
0.86450 1.02367
0.86500 1.03473
0.86550 1.02871
0.86600 1.02724
0.86650 1.02917
0.86700 1.02919
0.86750 1.03482
0.86800 1.04625
0.86850 1.04369
0.86900 1.04446
0.86950 1.05185
0.87000 1.04609
0.87050 1.03764
0.87100 1.02609
0.87150 1.02670
0.87200 1.03070
0.87250 1.03712
0.87300 1.03282
0.87350 1.02533
0.87400 1.01762
0.87450 1.01313
0.87500 1.01089
0.87550 1.01415
0.87600 1.01863
0.87650 1.02211
0.87700 1.02595
0.87750 1.02992
0.87800 1.03205
0.87850 1.03779
0.87900 1.03262
0.87950 1.01662
0.88000 1.00911
0.88050 1.00809
0.88100 1.01604
0.88150 1.02183
0.88200 1.02450
0.88250 1.02387
0.88300 1.03101
0.88350 1.03974
0.88400 1.04656
0.88450 1.03757
0.88500 1.02729
0.88550 1.01951
0.88600 1.02950
0.88650 1.03897
0.88700 1.02715
0.88750 1.02807
0.88800 1.03229
0.88850 1.03004
0.88900 1.01931
0.88950 1.00450
0.89000 1.00407
0.89050 1.00822
0.89100 1.01408
0.89150 0.99517
0.89200 0.98743
0.89250 0.99121
0.89300 0.99686
0.89350 0.99785
0.89400 0.99448
0.89450 1.00269
0.89500 1.00688
0.89550 1.00379
0.89600 0.99825
0.89650 0.99536
0.89700 0.99515
0.89750 0.98921
0.89800 0.98408
0.89850 0.98455
0.89900 0.99161
0.89950 0.99747
0.90000 0.99332
0.90050 0.98740
