0.50050 1.06266
0.50100 1.12630
0.50150 1.10952
0.50200 1.01944
0.50250 1.03402
0.50300 1.03974
0.50350 1.02563
0.50400 0.99414
0.50450 0.99227
0.50500 1.04400
0.50550 1.06911
0.50600 1.07670
0.50650 1.04979
0.50700 1.06394
0.50750 1.07366
0.50800 1.02873
0.50850 1.02046
0.50900 1.03542
0.50950 1.04714
0.51000 1.03611
0.51050 1.01028
0.51100 1.06307
0.51150 1.08229
0.51200 1.06607
0.51250 0.98926
0.51300 0.97858
0.51350 1.05962
0.51400 1.06325
0.51450 1.04780
0.51500 1.01021
0.51550 0.95775
0.51600 0.92684
0.51650 0.96581
0.51700 0.97340
0.51750 0.96775
0.51800 0.96338
0.51850 0.97243
0.51900 0.99293
0.51950 1.04100
0.52000 1.06561
0.52050 1.07076
0.52100 1.07223
0.52150 1.06657
0.52200 1.05486
0.52250 1.04295
0.52300 1.04789
0.52350 1.07499
0.52400 1.09579
0.52450 1.09659
0.52500 1.06044
0.52550 1.05550
0.52600 1.04711
0.52650 1.00391
0.52700 0.97443
0.52750 0.95699
0.52800 0.96644
0.52850 1.02183
0.52900 1.09021
0.52950 1.06045
0.53000 1.01931
0.53050 0.97161
0.53100 0.98139
0.53150 0.99647
0.53200 1.01707
0.53250 1.01803
0.53300 1.02248
0.53350 1.03352
0.53400 1.04215
0.53450 1.04870
0.53500 1.05286
0.53550 1.01148
0.53600 0.97020
0.53650 0.96252
0.53700 0.96814
0.53750 0.97807
0.53800 0.98354
0.53850 1.00859
0.53900 1.03854
0.53950 1.00960
0.54000 1.01150
0.54050 1.03597
0.54100 1.02068
0.54150 1.02059
0.54200 1.03815
0.54250 1.05529
0.54300 1.06758
0.54350 1.07455
0.54400 1.03267
0.54450 0.99141
0.54500 0.96599
0.54550 0.97226
0.54600 0.98245
0.54650 0.97148
0.54700 0.98238
0.54750 1.00022
0.54800 1.00914
0.54850 1.02161
0.54900 1.03253
0.54950 1.01055
0.55000 1.00000
0.55050 0.99917
0.55100 0.99964
0.55150 0.99952
0.55200 0.99896
0.55250 0.95567
0.55300 0.93470
0.55350 0.95183
0.55400 1.03682
0.55450 1.09466
0.55500 1.07469
0.55550 1.03358
0.55600 0.99730
0.55650 0.99394
0.55700 0.99479
0.55750 1.00083
0.55800 1.02332
0.55850 1.03701
0.55900 1.03823
0.55950 1.00529
0.56000 1.01887
0.56050 1.07008
0.56100 1.03608
0.56150 0.98202
0.56200 0.90519
0.56250 0.95592
0.56300 1.01054
0.56350 1.06015
0.56400 1.04496
0.56450 1.01202
0.56500 0.96520
0.56550 1.00452
0.56600 1.05288
0.56650 1.04571
0.56700 1.02757
0.56750 1.01087
0.56800 0.99443
0.56850 0.99483
0.56900 1.00454
0.56950 1.00319
0.57000 0.99146
0.57050 0.97005
0.57100 0.99004
0.57150 1.01526
0.57200 1.04544
0.57250 1.04780
0.57300 1.03874
0.57350 1.01623
0.57400 1.02042
0.57450 1.02095
0.57500 0.99448
0.57550 0.98624
0.57600 0.98330
0.57650 0.98423
0.57700 0.98674
0.57750 0.99457
0.57800 1.03130
0.57850 1.02526
0.57900 0.99019
0.57950 0.96821
0.58000 0.97123
0.58050 0.99471
0.58100 1.01490
0.58150 1.02390
0.58200 1.01777
0.58250 1.01679
0.58300 0.98949
0.58350 0.91898
0.58400 0.91831
0.58450 0.94608
0.58500 1.00583
0.58550 1.01125
0.58600 1.00032
0.58650 0.97671
0.58700 0.96986
0.58750 0.97180
0.58800 0.96632
0.58850 0.98558
0.58900 1.01501
0.58950 1.03448
0.59000 1.05633
0.59050 1.08270
0.59100 1.06731
0.59150 1.03615
0.59200 0.99199
0.59250 0.98862
0.59300 1.00519
0.59350 1.04551
0.59400 1.03401
0.59450 1.01940
0.59500 1.01984
0.59550 1.02232
0.59600 1.02457
0.59650 1.02435
0.59700 1.03553
0.59750 1.04720
0.59800 1.01537
0.59850 1.01821
0.59900 1.04017
0.59950 1.01336
0.60000 0.99049
0.60050 0.97022
0.60100 1.04491
0.60150 1.05812
0.60200 0.99606
0.60250 0.98837
0.60300 0.98839
0.60350 0.99530
0.60400 1.00039
0.60450 1.01630
0.60500 1.05398
0.60550 1.02839
0.60600 0.98308
0.60650 0.94253
0.60700 0.94032
0.60750 0.95439
0.60800 0.97364
0.60850 0.99076
0.60900 1.00659
0.60950 1.00212
0.61000 0.98781
0.61050 0.96361
0.61100 0.97576
0.61150 0.98583
0.61200 0.99122
0.61250 0.98416
0.61300 0.97845
0.61350 0.97682
0.61400 0.97104
0.61450 0.97036
0.61500 0.98308
0.61550 0.99080
0.61600 0.99648
0.61650 0.99670
0.61700 1.02343
0.61750 1.05253
0.61800 1.01442
0.61850 1.00392
0.61900 1.01396
0.61950 1.01824
0.62000 1.02580
0.62050 1.03875
0.62100 1.02226
0.62150 1.01966
0.62200 1.03252
0.62250 1.01469
0.62300 0.98902
0.62350 0.95385
0.62400 0.98016
0.62450 1.01136
0.62500 1.02499
0.62550 1.02957
0.62600 1.03392
0.62650 1.04878
0.62700 1.04425
0.62750 1.02755
0.62800 0.97999
0.62850 0.97413
0.62900 0.99503
0.62950 0.98267
0.63000 0.98469
0.63050 0.99856
0.63100 1.02468
0.63150 1.03810
0.63200 1.03399
0.63250 1.02124
0.63300 1.01278
0.63350 1.01655
0.63400 1.01138
0.63450 0.99799
0.63500 0.96607
0.63550 0.97543
0.63600 0.99381
0.63650 0.99630
0.63700 0.99217
0.63750 0.98836
0.63800 1.01311
0.63850 1.01142
0.63900 0.99297
0.63950 0.98663
0.64000 0.99002
0.64050 1.00270
0.64100 0.98234
0.64150 0.98035
0.64200 1.00314
0.64250 1.02728
0.64300 1.02938
0.64350 0.99028
0.64400 1.00416
0.64450 1.02257
0.64500 1.02303
0.64550 1.00595
0.64600 0.98881
0.64650 0.99787
0.64700 1.00648
0.64750 1.01370
0.64800 1.01000
0.64850 1.00993
0.64900 1.01247
0.64950 1.01958
0.65000 1.01291
0.65050 0.99285
0.65100 1.00270
0.65150 1.00796
0.65200 1.00604
0.65250 0.97799
0.65300 0.96223
0.65350 0.97629
0.65400 1.00104
0.65450 1.03010
0.65500 1.06317
0.65550 1.06910
0.65600 1.06250
0.65650 1.04504
0.65700 1.03273
0.65750 1.02229
0.65800 1.00438
0.65850 1.00201
0.65900 1.01113
0.65950 1.02037
0.66000 1.01634
0.66050 0.99825
0.66100 0.98107
0.66150 0.98815
0.66200 1.02819
0.66250 1.03013
0.66300 1.01560
0.66350 0.97934
0.66400 0.97843
0.66450 0.98762
0.66500 1.00292
0.66550 0.99591
0.66600 0.98593
0.66650 0.99646
0.66700 1.00706
0.66750 1.01516
0.66800 1.00031
0.66850 1.00049
0.66900 1.01080
0.66950 1.01104
0.67000 1.01040
0.67050 1.00934
0.67100 1.02473
0.67150 1.03306
0.67200 1.03092
0.67250 1.01303
0.67300 1.00224
0.67350 1.01001
0.67400 1.01759
0.67450 1.01871
0.67500 1.00535
0.67550 0.99555
0.67600 0.99134
0.67650 1.00197
0.67700 1.00045
0.67750 0.99310
0.67800 0.99780
0.67850 1.00666
0.67900 1.01896
0.67950 1.01078
0.68000 1.00862
0.68050 1.00985
0.68100 0.99400
0.68150 0.98980
0.68200 1.00303
0.68250 0.97094
0.68300 0.94646
0.68350 0.94850
0.68400 1.00419
0.68450 1.05173
0.68500 1.02845
0.68550 1.01612
0.68600 1.00499
0.68650 0.99428
0.68700 0.98937
0.68750 0.99261
0.68800 1.01314
0.68850 1.01827
0.68900 1.01338
0.68950 0.98629
0.69000 0.97593
0.69050 0.98296
0.69100 1.02005
0.69150 1.03490
0.69200 1.01484
0.69250 0.99561
0.69300 0.98649
0.69350 0.99228
0.69400 1.00500
0.69450 1.01703
0.69500 1.02236
0.69550 1.01057
0.69600 0.99536
0.69650 0.99507
0.69700 0.98102
0.69750 0.96525
0.69800 0.98326
0.69850 0.99881
0.69900 1.00849
0.69950 1.00004
0.70000 0.99957
0.70050 1.00818
0.70100 1.01657
0.70150 1.02247
0.70200 1.02496
0.70250 1.01080
0.70300 1.00553
0.70350 1.01773
0.70400 1.00778
0.70450 0.99658
0.70500 1.00095
0.70550 1.01703
0.70600 1.03454
0.70650 1.02693
0.70700 1.00900
0.70750 0.98493
0.70800 0.98013
0.70850 0.98769
0.70900 1.00504
0.70950 1.00247
0.71000 0.99902
0.71050 0.99739
0.71100 1.00191
0.71150 1.01545
0.71200 1.04278
0.71250 1.04571
0.71300 1.04536
0.71350 1.03352
0.71400 1.01861
0.71450 1.00862
0.71500 1.00917
0.71550 1.01022
0.71600 1.00833
0.71650 1.00968
0.71700 1.01110
0.71750 1.00854
0.71800 1.01991
0.71850 1.00572
0.71900 0.97763
0.71950 0.98444
0.72000 0.98260
0.72050 0.97442
0.72100 0.97754
0.72150 0.98312
0.72200 0.99181
0.72250 0.99389
0.72300 0.99934
0.72350 1.01282
0.72400 1.02094
0.72450 1.02416
0.72500 1.01144
0.72550 1.01732
0.72600 1.02846
0.72650 1.03401
0.72700 1.04421
0.72750 1.05196
0.72800 1.02388
0.72850 1.00990
0.72900 1.00802
0.72950 1.00076
0.73000 0.98283
0.73050 0.95319
0.73100 0.96562
0.73150 0.98082
0.73200 0.99299
0.73250 0.98222
0.73300 0.97561
0.73350 0.98572
0.73400 1.00360
0.73450 1.01770
0.73500 1.01621
0.73550 1.00212
0.73600 0.98593
0.73650 0.98848
0.73700 0.99945
0.73750 1.01621
0.73800 1.02510
0.73850 1.03169
0.73900 1.03515
0.73950 1.02064
0.74000 1.01576
0.74050 1.02136
0.74100 1.02161
0.74150 1.01493
0.74200 0.99780
0.74250 1.00168
0.74300 1.01004
0.74350 1.01894
0.74400 1.01428
0.74450 1.01001
0.74500 1.02076
0.74550 1.02084
0.74600 1.01373
0.74650 0.99624
0.74700 0.98576
0.74750 0.98135
0.74800 0.98263
0.74850 0.99950
0.74900 1.02832
0.74950 1.02162
0.75000 1.01305
0.75050 1.00307
0.75100 0.99622
0.75150 0.98595
0.75200 0.97018
0.75250 0.98250
0.75300 0.98996
0.75350 0.97540
0.75400 0.96673
0.75450 0.96255
0.75500 0.97280
0.75550 0.96699
0.75600 0.96464
0.75650 0.98609
0.75700 1.01362
0.75750 1.03430
0.75800 0.99822
0.75850 0.97761
0.75900 0.96901
0.75950 0.97417
0.76000 0.97173
0.76050 0.96166
0.76100 0.99504
0.76150 1.00952
0.76200 0.99324
0.76250 0.98987
0.76300 0.99664
0.76350 1.02155
0.76400 1.01111
0.76450 0.98485
0.76500 0.94259
0.76550 0.95209
0.76600 0.98045
0.76650 0.97918
0.76700 0.98480
0.76750 0.99447
0.76800 0.99501
0.76850 0.98105
0.76900 0.95406
0.76950 0.96471
0.77000 0.97576
0.77050 0.98689
0.77100 0.98081
0.77150 0.98113
0.77200 0.99459
0.77250 0.99169
0.77300 0.99164
0.77350 1.00674
0.77400 0.99234
0.77450 0.97436
0.77500 0.97742
0.77550 1.01540
0.77600 1.05881
0.77650 1.03115
0.77700 1.00527
0.77750 0.98182
0.77800 0.97984
0.77850 0.97779
0.77900 0.97491
0.77950 0.96551
0.78000 0.97691
0.78050 1.01451
0.78100 1.01556
0.78150 1.00796
0.78200 0.99183
0.78250 1.00759
0.78300 1.01684
0.78350 0.99468
0.78400 0.98780
0.78450 0.98382
0.78500 0.97367
0.78550 0.98041
0.78600 0.99514
0.78650 1.01169
0.78700 1.01849
0.78750 1.01922
0.78800 1.03471
0.78850 1.03631
0.78900 1.02173
0.78950 0.98259
0.79000 0.97591
0.79050 1.01207
0.79100 1.00882
0.79150 0.99422
0.79200 0.96635
0.79250 0.97978
0.79300 1.00640
0.79350 1.04205
0.79400 1.02737
0.79450 0.99746
0.79500 0.96626
0.79550 0.95309
0.79600 0.95643
0.79650 1.00192
0.79700 1.03256
0.79750 1.04792
0.79800 1.02691
0.79850 1.02085
0.79900 1.02914
0.79950 1.01597
0.80000 1.00102
0.80050 0.98405
0.80100 0.97408
0.80150 0.96828
0.80200 0.97130
0.80250 0.98869
0.80300 1.00297
0.80350 0.99987
0.80400 1.00269
0.80450 1.01288
0.80500 1.04011
0.80550 1.05183
0.80600 1.04799
0.80650 1.00233
0.80700 0.97802
0.80750 0.97116
0.80800 0.97696
0.80850 0.96891
0.80900 0.94622
0.80950 0.96875
0.81000 0.98332
0.81050 0.98340
0.81100 1.00037
0.81150 1.01966
0.81200 1.03974
0.81250 1.01580
0.81300 0.99477
0.81350 1.01414
0.81400 1.02053
0.81450 1.02234
0.81500 1.02847
0.81550 1.02706
0.81600 1.02183
0.81650 1.00976
0.81700 1.00523
0.81750 1.01131
0.81800 1.04841
0.81850 1.05378
0.81900 1.02296
0.81950 0.99768
0.82000 0.98235
0.82050 0.98885
0.82100 1.00516
0.82150 1.00465
0.82200 0.97627
0.82250 0.99685
0.82300 1.02218
0.82350 1.02655
0.82400 1.01610
0.82450 1.00857
0.82500 1.04092
0.82550 1.04601
0.82600 1.03058
0.82650 0.98600
0.82700 0.98258
0.82750 1.00850
0.82800 0.99942
0.82850 0.99747
0.82900 1.00159
0.82950 0.98485
0.83000 0.98637
0.83050 1.01376
0.83100 1.03952
0.83150 1.03944
0.83200 0.99021
0.83250 0.99828
0.83300 1.02805
0.83350 1.07469
0.83400 1.06125
0.83450 1.02822
0.83500 1.01675
0.83550 0.98312
0.83600 0.94582
0.83650 0.97802
0.83700 1.00724
0.83750 1.03332
0.83800 1.07173
0.83850 1.04955
0.83900 0.96462
0.83950 0.94309
0.84000 0.93059
0.84050 0.92697
0.84100 0.95478
0.84150 0.98680
0.84200 1.01519
0.84250 1.05677
0.84300 1.07907
0.84350 1.04277
0.84400 1.02105
0.84450 1.01528
0.84500 1.03661
0.84550 1.05858
0.84600 1.07563
0.84650 1.06338
0.84700 1.03709
0.84750 1.00228
0.84800 0.97032
0.84850 0.96668
0.84900 0.98723
0.84950 1.01652
0.85000 1.02272
0.85050 1.00227
0.85100 0.99455
0.85150 0.98944
0.85200 0.99021
0.85250 0.98379
0.85300 0.97986
0.85350 0.98077
0.85400 0.99839
0.85450 1.02341
0.85500 1.04373
0.85550 1.04242
0.85600 1.02823
0.85650 1.02729
0.85700 1.01232
0.85750 0.98723
0.85800 0.99445
0.85850 0.99305
0.85900 0.98822
0.85950 0.96241
0.86000 0.95047
0.86050 0.95958
0.86100 0.93483
0.86150 0.93379
0.86200 0.99025
0.86250 0.99816
0.86300 0.98612
0.86350 0.95843
0.86400 0.96124
0.86450 0.97454
0.86500 0.97802
0.86550 1.00640
0.86600 1.04879
0.86650 1.06021
0.86700 1.04072
0.86750 0.99716
0.86800 0.95775
0.86850 0.93825
0.86900 0.94180
0.86950 0.96518
0.87000 0.98860
0.87050 1.01218
0.87100 1.01312
0.87150 1.02020
0.87200 1.04907
0.87250 1.05682
0.87300 1.05318
0.87350 1.02840
0.87400 0.97768
0.87450 0.93449
0.87500 0.98713
0.87550 1.04841
0.87600 1.10190
0.87650 1.04908
0.87700 0.99859
0.87750 0.95150
0.87800 0.97887
0.87850 1.01550
0.87900 1.06279
0.87950 0.97828
0.88000 0.90798
0.88050 0.87450
0.88100 0.91403
0.88150 0.94357
0.88200 0.92344
0.88250 0.90177
0.88300 0.88465
0.88350 0.88520
0.88400 0.94142
0.88450 0.99680
0.88500 0.92554
0.88550 0.89643
0.88600 0.89570
0.88650 0.91774
0.88700 0.94180
0.88750 0.96875
0.88800 1.02687
0.88850 1.04887
0.88900 1.02912
0.88950 0.99868
0.89000 0.98997
0.89050 1.01761
0.89100 1.00010
0.89150 0.97650
0.89200 0.95774
0.89250 0.95344
0.89300 0.95831
0.89350 0.97683
0.89400 0.96464
0.89450 0.94052
0.89500 0.93147
0.89550 0.93144
0.89600 0.93503
0.89650 0.91870
0.89700 0.93097
0.89750 0.96644
0.89800 0.98335
0.89850 1.00175
0.89900 1.02190
0.89950 1.01917
0.90000 1.00466
0.90050 0.97452
