0.50050 0.95461
0.50100 0.93968
0.50150 0.94523
0.50200 0.97582
0.50250 0.98473
0.50300 0.97209
0.50350 0.93116
0.50400 0.91444
0.50450 0.94555
0.50500 1.05637
0.50550 1.01706
0.50600 0.96440
0.50650 0.94323
0.50700 0.94403
0.50750 0.96729
0.50800 1.03568
0.50850 1.01972
0.50900 0.96959
0.50950 0.89204
0.51000 0.84980
0.51050 0.83202
0.51100 0.86523
0.51150 0.93354
0.51200 1.00766
0.51250 1.02787
0.51300 0.95428
0.51350 0.84174
0.51400 0.82532
0.51450 0.86178
0.51500 0.93321
0.51550 0.98829
0.51600 1.00830
0.51650 0.99876
0.51700 0.93314
0.51750 0.89134
0.51800 0.87085
0.51850 0.88946
0.51900 0.91165
0.51950 0.93650
0.52000 0.96211
0.52050 0.98124
0.52100 0.99480
0.52150 0.98716
0.52200 0.97875
0.52250 0.97052
0.52300 0.98279
0.52350 1.00080
0.52400 1.02963
0.52450 1.06242
0.52500 1.06392
0.52550 1.00534
0.52600 1.00970
0.52650 1.02188
0.52700 1.02343
0.52750 1.06456
0.52800 1.10417
0.52850 1.10288
0.52900 1.03536
0.52950 0.94932
0.53000 0.86843
0.53050 0.88702
0.53100 0.93312
0.53150 0.90633
0.53200 0.96348
0.53250 1.05285
0.53300 1.07226
0.53350 1.03170
0.53400 0.96292
0.53450 0.96865
0.53500 0.96481
0.53550 0.95492
0.53600 0.94234
0.53650 0.93830
0.53700 0.93962
0.53750 0.96030
0.53800 0.96986
0.53850 0.97409
0.53900 1.02942
0.53950 1.04904
0.54000 1.02909
0.54050 1.06038
0.54100 1.05633
0.54150 0.99683
0.54200 1.01929
0.54250 1.04638
0.54300 1.06396
0.54350 1.00294
0.54400 0.95956
0.54450 0.97457
0.54500 0.98025
0.54550 0.99152
0.54600 1.00886
0.54650 1.04816
0.54700 1.07600
0.54750 1.03124
0.54800 0.97441
0.54850 0.93390
0.54900 0.97036
0.54950 1.01573
0.55000 1.00000
0.55050 1.05235
0.55100 1.06504
0.55150 1.07616
0.55200 1.04741
0.55250 1.03449
0.55300 1.02980
0.55350 1.03630
0.55400 0.98886
0.55450 0.90853
0.55500 0.89308
0.55550 0.92433
0.55600 0.98990
0.55650 0.90022
0.55700 0.90861
0.55750 1.00792
0.55800 1.00759
0.55850 0.99187
0.55900 0.96524
0.55950 0.98643
0.56000 0.97264
0.56050 0.90928
0.56100 0.94176
0.56150 0.98721
0.56200 1.03629
0.56250 0.99544
0.56300 0.96892
0.56350 0.99273
0.56400 1.00714
0.56450 1.01626
0.56500 1.01841
0.56550 0.97481
0.56600 0.94558
0.56650 0.97864
0.56700 0.98585
0.56750 0.99409
0.56800 1.03576
0.56850 1.03711
0.56900 1.00864
0.56950 0.92696
0.57000 0.92682
0.57050 0.96447
0.57100 0.99625
0.57150 1.02742
0.57200 1.05436
0.57250 1.03781
0.57300 1.02951
0.57350 1.02195
0.57400 0.99392
0.57450 0.99762
0.57500 1.02117
0.57550 0.99153
0.57600 0.97082
0.57650 0.96031
0.57700 1.03369
0.57750 1.06903
0.57800 1.06633
0.57850 1.01892
0.57900 1.03310
0.57950 1.13153
0.58000 1.11446
0.58050 1.07830
0.58100 1.02874
0.58150 1.02667
0.58200 1.02369
0.58250 1.00793
0.58300 1.00589
0.58350 1.01554
0.58400 1.04105
0.58450 1.07333
0.58500 1.06338
0.58550 0.94627
0.58600 0.93784
0.58650 0.96522
0.58700 0.99582
0.58750 0.93224
0.58800 0.85432
0.58850 0.84458
0.58900 0.90681
0.58950 1.00721
0.59000 1.14238
0.59050 1.13035
0.59100 1.05826
0.59150 1.06383
0.59200 1.11171
0.59250 1.17602
0.59300 1.17206
0.59350 1.10421
0.59400 0.99937
0.59450 1.05203
0.59500 1.08754
0.59550 1.10929
0.59600 1.10457
0.59650 1.10031
0.59700 1.09914
0.59750 1.07534
0.59800 1.03552
0.59850 0.97452
0.59900 0.98620
0.59950 1.00696
0.60000 1.03489
0.60050 1.04229
0.60100 1.03605
0.60150 1.00969
0.60200 1.02289
0.60250 1.02875
0.60300 1.00955
0.60350 0.99089
0.60400 0.99089
0.60450 1.03138
0.60500 1.04485
0.60550 1.05915
0.60600 1.08987
0.60650 1.08237
0.60700 1.06717
0.60750 1.06248
0.60800 1.08108
0.60850 1.09501
0.60900 1.05003
0.60950 1.03562
0.61000 1.03132
0.61050 0.99168
0.61100 0.97194
0.61150 0.96661
0.61200 0.96967
0.61250 1.00819
0.61300 1.06317
0.61350 1.01708
0.61400 0.99012
0.61450 0.97830
0.61500 0.95128
0.61550 0.96831
0.61600 1.02653
0.61650 1.05728
0.61700 1.05658
0.61750 1.02064
0.61800 0.96175
0.61850 0.94321
0.61900 0.97683
0.61950 1.01164
0.62000 1.04651
0.62050 1.08214
0.62100 1.00847
0.62150 0.96582
0.62200 1.00519
0.62250 1.00991
0.62300 1.02579
0.62350 1.07862
0.62400 1.08242
0.62450 1.08164
0.62500 1.10039
0.62550 1.01540
0.62600 0.93694
0.62650 0.97833
0.62700 1.00764
0.62750 1.03792
0.62800 1.08976
0.62850 1.06023
0.62900 0.99306
0.62950 0.92258
0.63000 0.92209
0.63050 0.96091
0.63100 1.00495
0.63150 1.05720
0.63200 1.10904
0.63250 1.09253
0.63300 1.05462
0.63350 1.00119
0.63400 0.96790
0.63450 0.96603
0.63500 0.99222
0.63550 1.01740
0.63600 1.03517
0.63650 1.04520
0.63700 0.97267
0.63750 0.93413
0.63800 0.93946
0.63850 0.97580
0.63900 1.00839
0.63950 1.03401
0.64000 1.03527
0.64050 1.02444
0.64100 0.99551
0.64150 1.00370
0.64200 1.01225
0.64250 1.00949
0.64300 0.99423
0.64350 0.98728
0.64400 1.00734
0.64450 1.02479
0.64500 1.02461
0.64550 0.97409
0.64600 0.99280
0.64650 1.03603
0.64700 1.07871
0.64750 1.05601
0.64800 1.01508
0.64850 1.01785
0.64900 1.02129
0.64950 1.02537
0.65000 1.03650
0.65050 1.04092
0.65100 1.04188
0.65150 1.04211
0.65200 1.04623
0.65250 1.05097
0.65300 1.04327
0.65350 1.04837
0.65400 1.06236
0.65450 1.04549
0.65500 1.03611
0.65550 1.03161
0.65600 1.03582
0.65650 1.02692
0.65700 1.00061
0.65750 0.98849
0.65800 0.99383
0.65850 1.01891
0.65900 1.03898
0.65950 1.04665
0.66000 1.04426
0.66050 1.04924
0.66100 1.05648
0.66150 1.06338
0.66200 1.05358
0.66250 1.04496
0.66300 1.04580
0.66350 1.04020
0.66400 1.02784
0.66450 1.00231
0.66500 0.99096
0.66550 0.98762
0.66600 0.99416
0.66650 1.00606
0.66700 1.02017
0.66750 1.03101
0.66800 1.03597
0.66850 1.04197
0.66900 1.07706
0.66950 1.09067
0.67000 1.08834
0.67050 1.05193
0.67100 1.04443
0.67150 1.05178
0.67200 1.05207
0.67250 1.05605
0.67300 1.06247
0.67350 1.05781
0.67400 1.04203
0.67450 1.01908
0.67500 1.01457
0.67550 1.01305
0.67600 1.01235
0.67650 1.02066
0.67700 1.01871
0.67750 1.00881
0.67800 1.02588
0.67850 1.03924
0.67900 1.04354
0.67950 1.03050
0.68000 1.01610
0.68050 0.99845
0.68100 0.99979
0.68150 1.02100
0.68200 1.07467
0.68250 1.07516
0.68300 1.06319
0.68350 1.05046
0.68400 1.03495
0.68450 1.02326
0.68500 1.03159
0.68550 1.01193
0.68600 0.98704
0.68650 0.97318
0.68700 1.00203
0.68750 1.03393
0.68800 0.99853
0.68850 0.99999
0.68900 1.01349
0.68950 1.03543
0.69000 1.04417
0.69050 1.04847
0.69100 1.04451
0.69150 1.05058
0.69200 1.06379
0.69250 1.02956
0.69300 0.99000
0.69350 0.94485
0.69400 0.97164
0.69450 0.99358
0.69500 1.01283
0.69550 1.04754
0.69600 1.06554
0.69650 1.06832
0.69700 1.01129
0.69750 0.97765
0.69800 0.98143
0.69850 1.01563
0.69900 1.02886
0.69950 0.99685
0.70000 0.99467
0.70050 0.98803
0.70100 0.96078
0.70150 1.00105
0.70200 1.05309
0.70250 1.09350
0.70300 1.05241
0.70350 0.99807
0.70400 0.97728
0.70450 1.02375
0.70500 1.08213
0.70550 1.09766
0.70600 1.07304
0.70650 1.03880
0.70700 1.03569
0.70750 1.03059
0.70800 1.02716
0.70850 1.05371
0.70900 1.06967
0.70950 1.07272
0.71000 1.04927
0.71050 1.04676
0.71100 1.06001
0.71150 1.04382
0.71200 1.05121
0.71250 1.07468
0.71300 1.08807
0.71350 1.07675
0.71400 1.03909
0.71450 1.04074
0.71500 1.04402
0.71550 1.04915
0.71600 1.05998
0.71650 1.06593
0.71700 1.06638
0.71750 1.04256
0.71800 1.02721
0.71850 1.02739
0.71900 1.02221
0.71950 1.01078
0.72000 0.99344
0.72050 1.01316
0.72100 1.03324
0.72150 1.03420
0.72200 1.04296
0.72250 1.05712
0.72300 1.07922
0.72350 1.03646
0.72400 0.97470
0.72450 0.92259
0.72500 0.92571
0.72550 0.94385
0.72600 0.93137
0.72650 0.96859
0.72700 1.02064
0.72750 1.04222
0.72800 1.00000
0.72850 0.94065
0.72900 1.01068
0.72950 1.06580
0.73000 1.10060
0.73050 1.03958
0.73100 1.00864
0.73150 1.00584
0.73200 1.04208
0.73250 1.06496
0.73300 1.07320
0.73350 1.08736
0.73400 1.09463
0.73450 1.09360
0.73500 1.03015
0.73550 0.99342
0.73600 0.99650
0.73650 1.04057
0.73700 1.06254
0.73750 1.04801
0.73800 1.03262
0.73850 1.02495
0.73900 1.03059
0.73950 1.05763
0.74000 1.06923
0.74050 1.04013
0.74100 1.01167
0.74150 1.00747
0.74200 1.06146
0.74250 1.02740
0.74300 0.98562
0.74350 0.99763
0.74400 1.05364
0.74450 1.10175
0.74500 1.06162
0.74550 1.05023
0.74600 1.05157
0.74650 1.05013
0.74700 1.06143
0.74750 1.07713
0.74800 1.07025
0.74850 1.06284
0.74900 1.05359
0.74950 1.03166
0.75000 1.02727
0.75050 1.03233
0.75100 0.99861
0.75150 0.96707
0.75200 0.93962
0.75250 1.00959
0.75300 1.05861
0.75350 1.08547
0.75400 1.04781
0.75450 1.03528
0.75500 1.05749
0.75550 1.05211
0.75600 1.04122
0.75650 1.02448
0.75700 1.01974
0.75750 0.99332
0.75800 0.92589
0.75850 0.96431
0.75900 1.00223
0.75950 1.00059
0.76000 0.98526
0.76050 0.98932
0.76100 1.03803
0.76150 1.04159
0.76200 1.03508
0.76250 1.03217
0.76300 1.04846
0.76350 1.05646
0.76400 1.02093
0.76450 1.06757
0.76500 1.13245
0.76550 1.15069
0.76600 1.11902
0.76650 1.06949
0.76700 1.04605
0.76750 1.02297
0.76800 1.00004
0.76850 0.97403
0.76900 0.98948
0.76950 1.03030
0.77000 1.03347
0.77050 1.03104
0.77100 1.02673
0.77150 1.07876
0.77200 1.08210
0.77250 1.03860
0.77300 0.99312
0.77350 1.00645
0.77400 1.08531
0.77450 1.04579
0.77500 1.01053
0.77550 0.98854
0.77600 0.98712
0.77650 0.98340
0.77700 0.97046
0.77750 1.03599
0.77800 1.07162
0.77850 1.03461
0.77900 1.07113
0.77950 1.11294
0.78000 1.13218
0.78050 1.08695
0.78100 1.05257
0.78150 1.09149
0.78200 1.08867
0.78250 1.08259
0.78300 1.10953
0.78350 1.14820
0.78400 1.16227
0.78450 1.06805
0.78500 1.06943
0.78550 1.11007
0.78600 1.12261
0.78650 1.10706
0.78700 1.08027
0.78750 1.06462
0.78800 1.04658
0.78850 1.03213
0.78900 1.10288
0.78950 1.11931
0.79000 1.09280
0.79050 1.06549
0.79100 1.04289
0.79150 1.02357
0.79200 1.09356
0.79250 1.12463
0.79300 1.11068
0.79350 1.06544
0.79400 1.03805
0.79450 1.03321
0.79500 1.08033
0.79550 1.11376
0.79600 1.11922
0.79650 1.11013
0.79700 1.10541
0.79750 1.11528
0.79800 1.10778
0.79850 1.09036
0.79900 1.06327
0.79950 1.11030
0.80000 1.15861
0.80050 1.16699
0.80100 1.12299
0.80150 1.07183
0.80200 1.04264
0.80250 1.02027
0.80300 1.00953
0.80350 1.02732
0.80400 1.04833
0.80450 1.05817
0.80500 1.02281
0.80550 1.01606
0.80600 1.03038
0.80650 1.07577
0.80700 1.09665
0.80750 1.10243
0.80800 1.08617
0.80850 1.07645
0.80900 1.07070
0.80950 1.06143
0.81000 1.08166
0.81050 1.12694
0.81100 1.15692
0.81150 1.12431
0.81200 1.02609
0.81250 1.05922
0.81300 1.06018
0.81350 1.02015
0.81400 0.96384
0.81450 0.95040
0.81500 1.00236
0.81550 1.03269
0.81600 1.06502
0.81650 1.09853
0.81700 1.06720
0.81750 1.08348
0.81800 1.20963
0.81850 1.15710
0.81900 1.09404
0.81950 1.09435
0.82000 1.12050
0.82050 1.14931
0.82100 1.16835
0.82150 1.18172
0.82200 1.19282
0.82250 1.21076
0.82300 1.17457
0.82350 1.12036
0.82400 1.08571
0.82450 1.03799
0.82500 0.99159
0.82550 0.96341
0.82600 0.95264
0.82650 0.96659
0.82700 1.09030
0.82750 1.17401
0.82800 1.21477
0.82850 1.11237
0.82900 1.03002
0.82950 0.96345
0.83000 0.94783
0.83050 0.94901
0.83100 0.96936
0.83150 1.19232
0.83200 1.25747
0.83250 1.14763
0.83300 1.04573
0.83350 0.98967
0.83400 0.98993
0.83450 1.00686
0.83500 1.01606
0.83550 1.01966
0.83600 1.08169
0.83650 1.11288
0.83700 1.07660
0.83750 1.12059
0.83800 1.15237
0.83850 1.11900
0.83900 1.10194
0.83950 1.09308
0.84000 1.08888
0.84050 1.07497
0.84100 1.05602
0.84150 1.02367
0.84200 1.06277
0.84250 1.10612
0.84300 1.06662
0.84350 1.05564
0.84400 1.05266
0.84450 1.03133
0.84500 1.03527
0.84550 1.06300
0.84600 1.12067
0.84650 1.15426
0.84700 1.16810
0.84750 1.12730
0.84800 1.08378
0.84850 1.03786
0.84900 1.07148
0.84950 1.10097
0.85000 1.13383
0.85050 1.12782
0.85100 1.12094
0.85150 1.11620
0.85200 1.10594
0.85250 1.08864
0.85300 1.06440
0.85350 1.08069
0.85400 1.10156
0.85450 1.12110
0.85500 1.11615
0.85550 1.10555
0.85600 1.08645
0.85650 1.11030
0.85700 1.14715
0.85750 1.19397
0.85800 1.15550
0.85850 1.09584
0.85900 1.03661
0.85950 1.03504
0.86000 1.06451
0.86050 1.13519
0.86100 1.14890
0.86150 1.13176
0.86200 1.08463
0.86250 1.08293
0.86300 1.10060
0.86350 1.10967
0.86400 1.09956
0.86450 1.08245
0.86500 1.07764
0.86550 1.04795
0.86600 1.01320
0.86650 1.05458
0.86700 1.06456
0.86750 1.04830
0.86800 0.94797
0.86850 0.98832
0.86900 1.14521
0.86950 1.21429
0.87000 1.20767
0.87050 1.12827
0.87100 1.26278
0.87150 1.26918
0.87200 1.12704
0.87250 1.08506
0.87300 1.07292
0.87350 1.09471
0.87400 1.04513
0.87450 1.06179
0.87500 1.19079
0.87550 1.21853
0.87600 1.26464
0.87650 1.37261
0.87700 1.26101
0.87750 1.12186
0.87800 1.02276
0.87850 0.96133
0.87900 0.94420
0.87950 1.01763
0.88000 1.00292
0.88050 0.99807
0.88100 1.11808
0.88150 1.19256
0.88200 1.21072
0.88250 1.07519
0.88300 1.09211
0.88350 1.16571
0.88400 1.14828
0.88450 1.12813
0.88500 1.12949
0.88550 1.29614
0.88600 1.24572
0.88650 1.06390
0.88700 1.06855
0.88750 1.15139
0.88800 1.29205
0.88850 1.31787
0.88900 1.27601
0.88950 1.17142
0.89000 1.12418
0.89050 1.14357
0.89100 1.23599
0.89150 1.24390
0.89200 1.23051
0.89250 1.19388
0.89300 1.19403
0.89350 1.18604
0.89400 1.16127
0.89450 1.08514
0.89500 1.03627
0.89550 1.04660
0.89600 1.10708
0.89650 1.15886
0.89700 1.17334
0.89750 1.16997
0.89800 1.14779
0.89850 1.09120
0.89900 1.08179
0.89950 1.08077
0.90000 1.06187
0.90050 1.04266
