0.50050 1.08797
0.50100 1.09126
0.50150 1.09455
0.50200 1.09784
0.50250 1.10113
0.50300 1.10093
0.50350 1.08143
0.50400 1.06194
0.50450 1.04244
0.50500 1.02295
0.50550 1.00345
0.50600 0.98001
0.50650 1.04524
0.50700 1.07224
0.50750 1.06744
0.50800 1.11863
0.50850 1.13107
0.50900 1.05889
0.50950 0.98519
0.51000 0.92524
0.51050 0.89526
0.51100 0.86066
0.51150 0.84369
0.51200 0.86165
0.51250 0.86850
0.51300 0.85314
0.51350 1.01726
0.51400 0.99954
0.51450 0.92226
0.51500 0.84227
0.51550 0.85177
0.51600 0.87972
0.51650 0.95241
0.51700 0.96302
0.51750 0.88882
0.51800 0.84849
0.51850 0.82496
0.51900 0.84439
0.51950 0.93504
0.52000 1.04382
0.52050 1.04803
0.52100 0.97705
0.52150 0.84934
0.52200 0.77363
0.52250 0.84629
0.52300 1.10817
0.52350 0.91854
0.52400 0.83233
0.52450 0.88052
0.52500 0.83788
0.52550 0.85703
0.52600 0.92167
0.52650 1.02844
0.52700 1.12958
0.52750 1.02067
0.52800 1.00362
0.52850 1.05271
0.52900 0.96093
0.52950 0.87252
0.53000 0.86768
0.53050 0.86437
0.53100 0.90159
0.53150 0.93854
0.53200 0.96790
0.53250 1.01759
0.53300 1.13029
0.53350 1.14181
0.53400 1.10189
0.53450 1.00213
0.53500 0.98046
0.53550 1.01082
0.53600 1.03100
0.53650 1.04152
0.53700 1.04204
0.53750 0.87678
0.53800 0.80272
0.53850 0.89007
0.53900 0.97392
0.53950 0.99894
0.54000 0.87366
0.54050 0.96548
0.54100 1.10935
0.54150 1.11895
0.54200 1.06927
0.54250 0.99444
0.54300 1.02747
0.54350 1.04017
0.54400 1.03632
0.54450 0.97227
0.54500 0.94510
0.54550 0.96980
0.54600 0.94847
0.54650 0.93362
0.54700 0.94920
0.54750 0.93722
0.54800 0.95015
0.54850 1.09486
0.54900 1.14459
0.54950 1.13031
0.55000 1.00000
0.55050 0.96773
0.55100 1.02384
0.55150 1.06238
0.55200 1.07216
0.55250 1.04703
0.55300 0.95471
0.55350 0.92258
0.55400 1.02159
0.55450 1.00074
0.55500 0.98054
0.55550 1.07133
0.55600 1.03613
0.55650 0.93937
0.55700 0.91525
0.55750 1.00831
0.55800 1.19172
0.55850 1.00759
0.55900 0.97213
0.55950 1.11518
0.56000 1.10825
0.56050 1.01685
0.56100 0.79763
0.56150 0.85758
0.56200 0.99023
0.56250 1.13970
0.56300 1.17634
0.56350 1.14463
0.56400 1.01707
0.56450 0.93503
0.56500 0.89641
0.56550 1.05459
0.56600 1.10480
0.56650 1.04209
0.56700 0.95325
0.56750 0.91024
0.56800 0.94817
0.56850 0.98632
0.56900 1.02880
0.56950 1.08308
0.57000 1.01348
0.57050 0.91739
0.57100 0.90640
0.57150 0.85097
0.57200 0.77695
0.57250 0.86680
0.57300 0.99563
0.57350 1.00489
0.57400 1.01561
0.57450 1.00912
0.57500 0.79967
0.57550 0.86743
0.57600 0.97482
0.57650 1.06475
0.57700 1.09666
0.57750 1.09279
0.57800 1.03049
0.57850 0.99949
0.57900 0.98878
0.57950 1.01591
0.58000 1.05359
0.58050 1.10071
0.58100 1.05619
0.58150 1.04004
0.58200 1.06100
0.58250 1.14906
0.58300 1.18624
0.58350 1.10816
0.58400 1.06268
0.58450 1.04681
0.58500 1.09935
0.58550 1.04205
0.58600 0.92764
0.58650 0.78086
0.58700 0.77630
0.58750 0.87862
0.58800 0.93829
0.58850 0.96000
0.58900 0.93659
0.58950 0.94122
0.59000 1.05524
0.59050 1.09691
0.59100 1.11115
0.59150 1.12627
0.59200 1.15734
0.59250 1.19663
0.59300 1.21595
0.59350 1.11049
0.59400 1.01582
0.59450 0.93082
0.59500 0.94563
0.59550 0.97687
0.59600 1.02580
0.59650 1.03988
0.59700 1.06429
0.59750 1.10660
0.59800 1.08237
0.59850 1.03867
0.59900 0.98471
0.59950 0.99106
0.60000 1.01672
0.60050 1.01645
0.60100 1.04104
0.60150 1.07954
0.60200 1.07899
0.60250 1.09380
0.60300 1.12208
0.60350 1.06474
0.60400 1.07749
0.60450 1.18864
0.60500 1.15323
0.60550 1.09765
0.60600 1.04914
0.60650 1.03389
0.60700 1.03014
0.60750 1.01030
0.60800 0.99922
0.60850 0.99707
0.60900 1.01130
0.60950 1.03172
0.61000 1.05757
0.61050 0.96521
0.61100 0.90409
0.61150 0.88356
0.61200 1.07734
0.61250 1.19518
0.61300 1.10469
0.61350 1.10855
0.61400 1.13582
0.61450 1.15315
0.61500 1.13958
0.61550 1.11783
0.61600 1.14137
0.61650 1.12832
0.61700 1.08639
0.61750 1.11098
0.61800 1.11889
0.61850 1.11029
0.61900 1.09969
0.61950 1.08909
0.62000 1.07848
0.62050 1.06788
0.62100 1.05727
0.62150 1.01596
0.62200 0.97376
0.62250 0.93095
0.62300 0.85592
0.62350 0.92019
0.62400 1.05305
0.62450 1.12010
0.62500 1.09981
0.62550 0.99374
0.62600 0.99184
0.62650 1.01265
0.62700 1.05160
0.62750 1.09615
0.62800 1.10925
0.62850 1.04543
0.62900 0.99436
0.62950 0.97072
0.63000 0.96693
0.63050 1.01177
0.63100 1.08126
0.63150 1.10582
0.63200 1.06522
0.63250 0.96574
0.63300 1.06633
0.63350 1.12697
0.63400 1.12339
0.63450 1.10715
0.63500 1.10743
0.63550 1.14815
0.63600 1.09633
0.63650 1.03876
0.63700 1.06894
0.63750 1.12092
0.63800 1.17287
0.63850 1.12296
0.63900 1.10170
0.63950 1.10343
0.64000 1.12780
0.64050 1.12254
0.64100 1.07973
0.64150 1.08440
0.64200 1.06618
0.64250 0.99288
0.64300 0.99854
0.64350 1.02205
0.64400 1.03507
0.64450 1.03557
0.64500 1.03283
0.64550 1.05442
0.64600 1.05132
0.64650 1.03162
0.64700 1.01608
0.64750 1.00033
0.64800 0.98188
0.64850 1.04251
0.64900 1.09191
0.64950 1.11069
0.65000 1.08284
0.65050 1.06677
0.65100 1.10967
0.65150 1.08576
0.65200 1.03998
0.65250 1.02616
0.65300 1.06181
0.65350 1.12726
0.65400 1.12043
0.65450 1.12454
0.65500 1.13340
0.65550 1.15331
0.65600 1.16816
0.65650 1.20172
0.65700 1.16778
0.65750 1.12341
0.65800 1.07038
0.65850 1.07768
0.65900 1.09706
0.65950 1.08065
0.66000 1.02514
0.66050 0.95879
0.66100 1.01195
0.66150 1.04642
0.66200 1.06308
0.66250 1.05712
0.66300 1.09097
0.66350 1.17885
0.66400 1.10874
0.66450 1.04128
0.66500 1.02543
0.66550 1.10076
0.66600 1.15570
0.66650 1.04542
0.66700 1.01746
0.66750 1.03327
0.66800 1.04382
0.66850 1.05346
0.66900 1.06277
0.66950 1.08391
0.67000 1.09536
0.67050 1.09142
0.67100 1.08584
0.67150 1.10137
0.67200 1.16200
0.67250 1.13587
0.67300 1.11926
0.67350 1.20797
0.67400 1.18566
0.67450 1.12161
0.67500 1.11584
0.67550 1.09491
0.67600 1.06296
0.67650 1.07178
0.67700 1.06810
0.67750 1.05321
0.67800 1.08621
0.67850 1.10476
0.67900 1.09195
0.67950 1.09837
0.68000 1.10579
0.68050 1.10301
0.68100 1.13587
0.68150 1.16643
0.68200 1.09748
0.68250 1.04167
0.68300 0.99771
0.68350 1.02917
0.68400 1.09086
0.68450 1.18592
0.68500 1.16250
0.68550 1.14008
0.68600 1.12761
0.68650 1.11763
0.68700 1.13191
0.68750 1.20432
0.68800 1.21360
0.68850 1.19250
0.68900 1.13111
0.68950 1.07595
0.69000 1.03386
0.69050 1.08752
0.69100 1.10259
0.69150 1.08338
0.69200 1.07177
0.69250 1.07231
0.69300 1.08820
0.69350 1.06340
0.69400 1.06159
0.69450 1.12013
0.69500 1.17992
0.69550 1.21302
0.69600 1.14647
0.69650 1.12807
0.69700 1.13319
0.69750 1.12268
0.69800 1.08102
0.69850 1.01159
0.69900 1.07285
0.69950 1.06777
0.70000 0.98466
0.70050 0.98728
0.70100 1.02842
0.70150 1.12521
0.70200 1.15616
0.70250 1.15159
0.70300 1.08189
0.70350 1.03450
0.70400 1.00903
0.70450 1.05726
0.70500 1.08475
0.70550 1.09738
0.70600 1.10327
0.70650 1.10381
0.70700 1.09618
0.70750 1.07122
0.70800 1.07112
0.70850 1.11787
0.70900 1.11072
0.70950 1.08345
0.71000 1.03213
0.71050 1.04833
0.71100 1.08336
0.71150 1.07225
0.71200 1.08910
0.71250 1.12372
0.71300 1.12393
0.71350 1.10747
0.71400 1.07035
0.71450 1.10553
0.71500 1.13536
0.71550 1.14931
0.71600 1.12768
0.71650 1.10160
0.71700 1.08086
0.71750 1.06648
0.71800 1.06167
0.71850 1.09584
0.71900 1.10057
0.71950 1.08312
0.72000 0.99972
0.72050 0.99562
0.72100 1.05936
0.72150 1.11244
0.72200 1.10822
0.72250 1.02357
0.72300 1.03756
0.72350 1.07778
0.72400 1.14603
0.72450 1.12129
0.72500 1.08933
0.72550 1.13282
0.72600 1.15082
0.72650 1.15772
0.72700 1.19863
0.72750 1.20481
0.72800 1.18317
0.72850 1.11970
0.72900 1.12398
0.72950 1.21027
0.73000 1.18569
0.73050 1.13420
0.73100 1.05562
0.73150 1.07702
0.73200 1.11105
0.73250 1.10326
0.73300 1.07691
0.73350 1.05123
0.73400 1.08163
0.73450 1.09859
0.73500 1.10659
0.73550 1.13961
0.73600 1.15208
0.73650 1.14330
0.73700 1.12022
0.73750 1.10129
0.73800 1.09113
0.73850 1.09080
0.73900 1.09509
0.73950 1.10610
0.74000 1.11248
0.74050 1.11323
0.74100 1.08910
0.74150 1.08106
0.74200 1.08836
0.74250 1.18243
0.74300 1.20077
0.74350 1.14492
0.74400 1.10750
0.74450 1.06992
0.74500 1.02856
0.74550 1.02842
0.74600 1.04964
0.74650 1.10397
0.74700 1.10564
0.74750 1.10074
0.74800 1.15202
0.74850 1.12016
0.74900 1.04532
0.74950 1.02768
0.75000 1.04834
0.75050 1.10406
0.75100 1.17204
0.75150 1.22596
0.75200 1.26284
0.75250 1.15826
0.75300 1.06349
0.75350 1.02957
0.75400 1.01381
0.75450 1.00557
0.75500 0.99333
0.75550 1.00228
0.75600 1.02013
0.75650 0.99321
0.75700 1.04284
0.75750 1.14608
0.75800 1.04160
0.75850 1.01162
0.75900 1.14407
0.75950 1.08589
0.76000 1.03102
0.76050 1.01351
0.76100 1.12724
0.76150 1.20655
0.76200 1.17632
0.76250 1.11673
0.76300 1.06739
0.76350 1.10350
0.76400 1.10850
0.76450 1.09790
0.76500 1.17556
0.76550 1.23712
0.76600 1.27884
0.76650 1.18710
0.76700 1.11008
0.76750 1.06839
0.76800 1.04219
0.76850 1.06391
0.76900 1.20197
0.76950 1.18005
0.77000 1.11083
0.77050 1.11019
0.77100 1.13529
0.77150 1.17318
0.77200 1.16140
0.77250 1.15847
0.77300 1.16527
0.77350 1.16417
0.77400 1.16828
0.77450 1.18117
0.77500 1.13881
0.77550 1.10653
0.77600 1.12389
0.77650 1.12846
0.77700 1.12890
0.77750 1.12872
0.77800 1.14718
0.77850 1.17870
0.77900 1.24058
0.77950 1.24808
0.78000 1.20930
0.78050 1.10718
0.78100 1.06899
0.78150 1.11640
0.78200 1.17196
0.78250 1.22785
0.78300 1.28262
0.78350 1.18820
0.78400 1.06479
0.78450 0.99488
0.78500 1.02479
0.78550 1.09928
0.78600 1.13874
0.78650 1.14675
0.78700 1.13023
0.78750 1.19046
0.78800 1.20128
0.78850 1.15009
0.78900 1.14244
0.78950 1.15321
0.79000 1.18957
0.79050 1.18091
0.79100 1.14817
0.79150 1.08038
0.79200 1.08069
0.79250 1.10823
0.79300 1.11119
0.79350 1.12635
0.79400 1.15087
0.79450 1.21325
0.79500 1.21053
0.79550 1.13566
0.79600 1.12944
0.79650 1.12740
0.79700 1.12277
0.79750 1.11658
0.79800 1.12041
0.79850 1.15465
0.79900 1.10067
0.79950 1.02176
0.80000 0.99354
0.80050 1.02930
0.80100 1.10441
0.80150 1.15535
0.80200 1.16255
0.80250 1.13132
0.80300 1.15041
0.80350 1.16344
0.80400 1.16281
0.80450 1.13784
0.80500 1.11219
0.80550 1.09638
0.80600 1.13200
0.80650 1.18424
0.80700 1.23575
0.80750 1.23377
0.80800 1.20476
0.80850 1.18577
0.80900 1.17366
0.80950 1.16618
0.81000 1.16389
0.81050 1.16594
0.81100 1.17409
0.81150 1.15637
0.81200 1.12281
0.81250 1.06565
0.81300 1.05393
0.81350 1.06370
0.81400 1.10799
0.81450 1.15634
0.81500 1.20256
0.81550 1.20974
0.81600 1.20076
0.81650 1.17945
0.81700 1.17227
0.81750 1.16267
0.81800 1.15014
0.81850 1.17959
0.81900 1.21218
0.81950 1.24523
0.82000 1.15888
0.82050 1.09338
0.82100 1.18063
0.82150 1.19723
0.82200 1.17851
0.82250 1.12549
0.82300 1.14581
0.82350 1.21447
0.82400 1.18246
0.82450 1.19404
0.82500 1.25137
0.82550 1.30192
0.82600 1.28516
0.82650 1.15752
0.82700 1.12941
0.82750 1.13266
0.82800 1.16513
0.82850 1.17247
0.82900 1.16863
0.82950 1.15905
0.83000 1.17810
0.83050 1.20997
0.83100 1.20733
0.83150 1.19511
0.83200 1.17370
0.83250 1.17474
0.83300 1.21281
0.83350 1.30083
0.83400 1.24405
0.83450 1.19193
0.83500 1.20015
0.83550 1.16133
0.83600 1.11345
0.83650 1.08646
0.83700 1.13360
0.83750 1.20363
0.83800 1.11696
0.83850 1.09079
0.83900 1.11833
0.83950 1.08638
0.84000 1.07622
0.84050 1.09772
0.84100 1.04552
0.84150 1.04200
0.84200 1.16160
0.84250 1.23193
0.84300 1.27028
0.84350 1.24692
0.84400 1.18223
0.84450 1.11350
0.84500 1.17556
0.84550 1.24037
0.84600 1.29914
0.84650 1.29845
0.84700 1.27439
0.84750 1.23675
0.84800 1.22375
0.84850 1.21050
0.84900 1.17607
0.84950 1.25863
0.85000 1.31817
0.85050 1.24412
0.85100 1.19781
0.85150 1.18038
0.85200 1.24439
0.85250 1.24716
0.85300 1.21647
0.85350 1.24143
0.85400 1.22925
0.85450 1.17451
0.85500 1.18414
0.85550 1.20037
0.85600 1.21879
0.85650 1.14788
0.85700 1.10009
0.85750 1.16012
0.85800 1.23170
0.85850 1.28751
0.85900 1.24730
0.85950 1.22372
0.86000 1.21729
0.86050 1.23801
0.86100 1.23896
0.86150 1.21036
0.86200 1.16830
0.86250 1.12841
0.86300 1.10021
0.86350 1.14616
0.86400 1.20510
0.86450 1.26574
0.86500 1.25195
0.86550 1.22020
0.86600 1.20857
0.86650 1.22998
0.86700 1.25973
0.86750 1.20219
0.86800 1.19223
0.86850 1.22084
0.86900 1.19084
0.86950 1.18377
0.87000 1.20521
0.87050 1.20311
0.87100 1.19525
0.87150 1.18224
0.87200 1.17256
0.87250 1.18127
0.87300 1.24740
0.87350 1.29063
0.87400 1.32090
0.87450 1.33390
0.87500 1.31438
0.87550 1.26820
0.87600 1.18150
0.87650 1.12967
0.87700 1.11690
0.87750 1.16905
0.87800 1.18670
0.87850 1.12918
0.87900 1.12104
0.87950 1.12009
0.88000 1.11154
0.88050 1.10507
0.88100 1.12620
0.88150 1.29723
0.88200 1.28850
0.88250 1.16562
0.88300 1.16543
0.88350 1.17948
0.88400 1.21127
0.88450 1.27227
0.88500 1.31489
0.88550 1.32842
0.88600 1.24228
0.88650 1.12567
0.88700 0.98155
0.88750 1.06482
0.88800 1.20017
0.88850 1.18281
0.88900 1.10437
0.88950 1.00939
0.89000 1.15553
0.89050 1.22176
0.89100 1.21301
0.89150 1.16736
0.89200 1.18400
0.89250 1.29174
0.89300 1.27553
0.89350 1.26210
0.89400 1.29844
0.89450 1.28889
0.89500 1.25254
0.89550 1.16511
0.89600 1.13502
0.89650 1.12989
0.89700 1.13955
0.89750 1.15819
0.89800 1.19045
0.89850 1.15275
0.89900 1.10354
0.89950 1.03852
0.90000 1.09324
0.90050 1.16676
