0.50050 1.02924
0.50100 1.03901
0.50150 1.03865
0.50200 1.03761
0.50250 1.00836
0.50300 0.96717
0.50350 0.94309
0.50400 0.94174
0.50450 0.95489
0.50500 0.95984
0.50550 0.96690
0.50600 0.97860
0.50650 1.01839
0.50700 1.02194
0.50750 0.99352
0.50800 0.98954
0.50850 0.98119
0.50900 0.96836
0.50950 0.97923
0.51000 0.98288
0.51050 0.96531
0.51100 0.94948
0.51150 0.94076
0.51200 0.94680
0.51250 0.97007
0.51300 0.98267
0.51350 0.95441
0.51400 0.95984
0.51450 0.98485
0.51500 1.01940
0.51550 1.01281
0.51600 0.98843
0.51650 0.95518
0.51700 0.96675
0.51750 1.00336
0.51800 0.97320
0.51850 0.96136
0.51900 0.96920
0.51950 0.96810
0.52000 0.97167
0.52050 0.97615
0.52100 0.97155
0.52150 0.97157
0.52200 0.97803
0.52250 0.98656
0.52300 0.98366
0.52350 0.97093
0.52400 0.96469
0.52450 0.96449
0.52500 0.97010
0.52550 0.95241
0.52600 0.94586
0.52650 0.96747
0.52700 0.98798
0.52750 1.00404
0.52800 1.00284
0.52850 0.97970
0.52900 0.95316
0.52950 0.96383
0.53000 0.97374
0.53050 0.98378
0.53100 0.96717
0.53150 0.97200
0.53200 0.99093
0.53250 0.98047
0.53300 0.98357
0.53350 1.00247
0.53400 0.99283
0.53450 0.96978
0.53500 0.92952
0.53550 0.97719
0.53600 1.01609
0.53650 1.02345
0.53700 1.00501
0.53750 0.98582
0.53800 0.98203
0.53850 0.98595
0.53900 0.98959
0.53950 0.99216
0.54000 0.99485
0.54050 0.98748
0.54100 0.95886
0.54150 0.95504
0.54200 0.96290
0.54250 0.96721
0.54300 0.98259
0.54350 1.00369
0.54400 0.97953
0.54450 0.97731
0.54500 0.99631
0.54550 0.96965
0.54600 0.96792
0.54650 0.99140
0.54700 1.01017
0.54750 1.01049
0.54800 0.98706
0.54850 0.97566
0.54900 0.97187
0.54950 0.97266
0.55000 1.00000
0.55050 1.02677
0.55100 1.04708
0.55150 1.02943
0.55200 1.00441
0.55250 0.99199
0.55300 0.99400
0.55350 1.00098
0.55400 0.99832
0.55450 0.99905
0.55500 1.00143
0.55550 0.99602
0.55600 0.97320
0.55650 0.94981
0.55700 0.99887
0.55750 1.00243
0.55800 0.97549
0.55850 0.97796
0.55900 0.97932
0.55950 0.97746
0.56000 0.98122
0.56050 0.97789
0.56100 0.96704
0.56150 0.99828
0.56200 1.00757
0.56250 0.97884
0.56300 0.99605
0.56350 1.00575
0.56400 0.98759
0.56450 0.99204
0.56500 0.99779
0.56550 0.98693
0.56600 0.98041
0.56650 0.97619
0.56700 0.97070
0.56750 0.95944
0.56800 0.94824
0.56850 0.96253
0.56900 0.97684
0.56950 0.98953
0.57000 0.98950
0.57050 0.99085
0.57100 0.99206
0.57150 0.99057
0.57200 0.98673
0.57250 0.98273
0.57300 0.95372
0.57350 0.94634
0.57400 0.97017
0.57450 0.97917
0.57500 0.97981
0.57550 0.97067
0.57600 0.96562
0.57650 0.97100
0.57700 0.99521
0.57750 1.00696
0.57800 1.01188
0.57850 0.99909
0.57900 0.98810
0.57950 0.98461
0.58000 0.99348
0.58050 0.98177
0.58100 0.96395
0.58150 0.96968
0.58200 0.98011
0.58250 0.98811
0.58300 0.97515
0.58350 0.97060
0.58400 0.96944
0.58450 0.96710
0.58500 0.97250
0.58550 0.98666
0.58600 0.96537
0.58650 0.96459
0.58700 0.98766
0.58750 0.97793
0.58800 0.96220
0.58850 0.94340
0.58900 0.92908
0.58950 0.92499
0.59000 0.93981
0.59050 0.95021
0.59100 0.95774
0.59150 0.95771
0.59200 0.95799
0.59250 0.95845
0.59300 0.95597
0.59350 0.95956
0.59400 0.96668
0.59450 0.99157
0.59500 0.99142
0.59550 0.97854
0.59600 0.98001
0.59650 0.97886
0.59700 0.97718
0.59750 0.98350
0.59800 0.98714
0.59850 0.98782
0.59900 0.97802
0.59950 0.97319
0.60000 0.97746
0.60050 0.99232
0.60100 1.00198
0.60150 1.00278
0.60200 1.00020
0.60250 0.99088
0.60300 0.97514
0.60350 0.97069
0.60400 0.96684
0.60450 0.95697
0.60500 0.96853
0.60550 0.98257
0.60600 0.98285
0.60650 0.97842
0.60700 0.96921
0.60750 0.94576
0.60800 0.94623
0.60850 0.95868
0.60900 0.96993
0.60950 0.97844
0.61000 0.98656
0.61050 0.99207
0.61100 0.98838
0.61150 0.97760
0.61200 0.98660
0.61250 0.98822
0.61300 0.97879
0.61350 0.96868
0.61400 0.96443
0.61450 0.96807
0.61500 0.97316
0.61550 0.97953
0.61600 0.98608
0.61650 0.97854
0.61700 0.97237
0.61750 0.97592
0.61800 0.97763
0.61850 0.97833
0.61900 0.98047
0.61950 1.00025
0.62000 1.02225
0.62050 1.00873
0.62100 1.00357
0.62150 1.00046
0.62200 0.96278
0.62250 0.95518
0.62300 0.96538
0.62350 0.94304
0.62400 0.93436
0.62450 0.93813
0.62500 0.95167
0.62550 0.95666
0.62600 0.95094
0.62650 0.97063
0.62700 0.99137
0.62750 1.01057
0.62800 0.99475
0.62850 0.98587
0.62900 0.99972
0.62950 0.99920
0.63000 0.98618
0.63050 0.95358
0.63100 0.94844
0.63150 0.95064
0.63200 0.94623
0.63250 0.94646
0.63300 0.94958
0.63350 0.96022
0.63400 0.97664
0.63450 0.99520
0.63500 1.00553
0.63550 1.00141
0.63600 0.98631
0.63650 0.96536
0.63700 0.95285
0.63750 0.94749
0.63800 0.97762
0.63850 1.00625
0.63900 1.03294
0.63950 0.99688
0.64000 0.96820
0.64050 0.95757
0.64100 0.95697
0.64150 0.96346
0.64200 0.98315
0.64250 0.99648
0.64300 0.99681
0.64350 0.96512
0.64400 0.95510
0.64450 0.95490
0.64500 0.96455
0.64550 0.95991
0.64600 0.95204
0.64650 0.95880
0.64700 0.96823
0.64750 0.97762
0.64800 0.97304
0.64850 0.97080
0.64900 0.97186
0.64950 0.99061
0.65000 0.99966
0.65050 1.00169
0.65100 0.98265
0.65150 0.97051
0.65200 0.96626
0.65250 0.96657
0.65300 0.96320
0.65350 0.95169
0.65400 0.95266
0.65450 0.95438
0.65500 0.95451
0.65550 0.96275
0.65600 0.96146
0.65650 0.93523
0.65700 0.93208
0.65750 0.93835
0.65800 0.95525
0.65850 0.96891
0.65900 0.97907
0.65950 0.98024
0.66000 0.96856
0.66050 0.95290
0.66100 0.94975
0.66150 0.95659
0.66200 0.97114
0.66250 0.97651
0.66300 0.97888
0.66350 0.97782
0.66400 0.95859
0.66450 0.94517
0.66500 0.93788
0.66550 0.96247
0.66600 0.97885
0.66650 0.98154
0.66700 0.98698
0.66750 0.98877
0.66800 0.98340
0.66850 0.97589
0.66900 0.96933
0.66950 0.96762
0.67000 0.97457
0.67050 0.98163
0.67100 0.98063
0.67150 0.96653
0.67200 0.95279
0.67250 0.96549
0.67300 0.98116
0.67350 0.99395
0.67400 0.96799
0.67450 0.96342
0.67500 0.97254
0.67550 0.97082
0.67600 0.97298
0.67650 0.97883
0.67700 0.96655
0.67750 0.97001
0.67800 0.99141
0.67850 0.99143
0.67900 0.97815
0.67950 0.94650
0.68000 0.96109
0.68050 0.97474
0.68100 0.97511
0.68150 0.96940
0.68200 0.96694
0.68250 0.97883
0.68300 0.99389
0.68350 0.99493
0.68400 0.95353
0.68450 0.93056
0.68500 0.92242
0.68550 0.94398
0.68600 0.95858
0.68650 0.96762
0.68700 0.96593
0.68750 0.94986
0.68800 0.92592
0.68850 0.93471
0.68900 0.95340
0.68950 0.97896
0.69000 0.98709
0.69050 0.99327
0.69100 0.99834
0.69150 0.98534
0.69200 0.98495
0.69250 1.00181
0.69300 0.99553
0.69350 0.98565
0.69400 0.97290
0.69450 0.97401
0.69500 0.98278
0.69550 1.00522
0.69600 1.00292
0.69650 0.99022
0.69700 0.97249
0.69750 0.95227
0.69800 0.93683
0.69850 0.94735
0.69900 0.94562
0.69950 0.94261
0.70000 0.97285
0.70050 0.99633
0.70100 1.01459
0.70150 1.01584
0.70200 1.00837
0.70250 0.99429
0.70300 0.99086
0.70350 0.98882
0.70400 0.98647
0.70450 1.00021
0.70500 0.99204
0.70550 0.95336
0.70600 0.94502
0.70650 0.95601
0.70700 0.99656
0.70750 1.00200
0.70800 1.00217
0.70850 1.00395
0.70900 0.99216
0.70950 0.98451
0.71000 1.00242
0.71050 1.00637
0.71100 1.00025
0.71150 0.97207
0.71200 0.96262
0.71250 0.96085
0.71300 0.94478
0.71350 0.93658
0.71400 0.93549
0.71450 0.95609
0.71500 0.97147
0.71550 0.98163
0.71600 0.97153
0.71650 0.96724
0.71700 0.96914
0.71750 0.96247
0.71800 0.96674
0.71850 0.98477
0.71900 0.99227
0.71950 0.99312
0.72000 0.98595
0.72050 0.96523
0.72100 0.95297
0.72150 0.96371
0.72200 0.97728
0.72250 0.98395
0.72300 0.96828
0.72350 0.95338
0.72400 0.94510
0.72450 0.96317
0.72500 0.97152
0.72550 0.97708
0.72600 0.99284
0.72650 1.00882
0.72700 1.02201
0.72750 1.00021
0.72800 0.98244
0.72850 0.96765
0.72900 0.95545
0.72950 0.94573
0.73000 0.93889
0.73050 0.93834
0.73100 0.94870
0.73150 0.97297
0.73200 0.96661
0.73250 0.95900
0.73300 0.95515
0.73350 0.97195
0.73400 0.98961
0.73450 1.00127
0.73500 1.00426
0.73550 1.00307
0.73600 0.99449
0.73650 0.98605
0.73700 0.98416
0.73750 1.01029
0.73800 1.03079
0.73850 1.03920
0.73900 0.99164
0.73950 0.96348
0.74000 0.95197
0.74050 0.98438
0.74100 0.99555
0.74150 0.98916
0.74200 0.98272
0.74250 0.98678
0.74300 1.00206
0.74350 0.99678
0.74400 0.99943
0.74450 1.01336
0.74500 0.98792
0.74550 0.96881
0.74600 0.96609
0.74650 0.97574
0.74700 0.98589
0.74750 0.99253
0.74800 1.00470
0.74850 1.01443
0.74900 1.01364
0.74950 1.00864
0.75000 1.00564
0.75050 1.01644
0.75100 1.02317
0.75150 1.02398
0.75200 0.99892
0.75250 1.00222
0.75300 1.02246
0.75350 1.02259
0.75400 1.01886
0.75450 1.01223
0.75500 1.01323
0.75550 1.01126
0.75600 1.00646
0.75650 1.00402
0.75700 0.98806
0.75750 0.95183
0.75800 0.94593
0.75850 0.93901
0.75900 0.92384
0.75950 0.92800
0.76000 0.93129
0.76050 0.92503
0.76100 0.94403
0.76150 0.96626
0.76200 0.98026
0.76250 0.98660
0.76300 0.99187
0.76350 1.00620
0.76400 1.04319
0.76450 1.08202
0.76500 1.07310
0.76550 1.04832
0.76600 1.01882
0.76650 1.03190
0.76700 1.00788
0.76750 0.95713
0.76800 0.95504
0.76850 0.96843
0.76900 0.99761
0.76950 1.00498
0.77000 0.99765
0.77050 0.97268
0.77100 1.00388
0.77150 1.02458
0.77200 1.01889
0.77250 0.98780
0.77300 0.97287
0.77350 1.00089
0.77400 1.00498
0.77450 1.00059
0.77500 0.98937
0.77550 0.96828
0.77600 0.95504
0.77650 0.98575
0.77700 0.97837
0.77750 0.96263
0.77800 1.00321
0.77850 1.01408
0.77900 1.00863
0.77950 1.02308
0.78000 1.02240
0.78050 1.00981
0.78100 0.99806
0.78150 0.99989
0.78200 1.01519
0.78250 1.00028
0.78300 0.98690
0.78350 0.97649
0.78400 0.99470
0.78450 1.01078
0.78500 1.01914
0.78550 1.01319
0.78600 1.01277
0.78650 1.02883
0.78700 1.01900
0.78750 1.00778
0.78800 1.01078
0.78850 0.99015
0.78900 0.97039
0.78950 0.98606
0.79000 0.99150
0.79050 0.99977
0.79100 1.05069
0.79150 1.07035
0.79200 1.06723
0.79250 1.02770
0.79300 0.99691
0.79350 0.97441
0.79400 0.99679
0.79450 1.01737
0.79500 1.03620
0.79550 1.04338
0.79600 1.03300
0.79650 1.00113
0.79700 0.97476
0.79750 0.96357
0.79800 0.97595
0.79850 0.98134
0.79900 0.99063
0.79950 1.01019
0.80000 1.02356
0.80050 1.02785
0.80100 1.01146
0.80150 1.00489
0.80200 1.00292
0.80250 1.00465
0.80300 0.99784
0.80350 0.99113
0.80400 1.00738
0.80450 1.02275
0.80500 1.03278
0.80550 0.99987
0.80600 0.98663
0.80650 0.99014
0.80700 1.02621
0.80750 1.04405
0.80800 1.04424
0.80850 1.02217
0.80900 1.00525
0.80950 0.99522
0.81000 1.01784
0.81050 1.03072
0.81100 1.02396
0.81150 1.00841
0.81200 1.00087
0.81250 1.01146
0.81300 0.99982
0.81350 0.99292
0.81400 1.01220
0.81450 1.01967
0.81500 1.02016
0.81550 1.01013
0.81600 1.02349
0.81650 1.04418
0.81700 1.04554
0.81750 1.04736
0.81800 1.04924
0.81850 1.04594
0.81900 1.02773
0.81950 0.99943
0.82000 0.99257
0.82050 0.99370
0.82100 1.00240
0.82150 1.03309
0.82200 1.04062
0.82250 1.01986
0.82300 1.01293
0.82350 1.00458
0.82400 0.99275
0.82450 1.02359
0.82500 1.03568
0.82550 0.99718
0.82600 1.02443
0.82650 1.04801
0.82700 1.02118
0.82750 1.02061
0.82800 1.02897
0.82850 1.04138
0.82900 1.03575
0.82950 1.03049
0.83000 1.06972
0.83050 1.04195
0.83100 0.98312
0.83150 0.98445
0.83200 0.99838
0.83250 1.02206
0.83300 1.04281
0.83350 1.04477
0.83400 1.02958
0.83450 1.01829
0.83500 1.01917
0.83550 1.03315
0.83600 1.07299
0.83650 1.08520
0.83700 1.05399
0.83750 1.05503
0.83800 1.05304
0.83850 1.03640
0.83900 1.03173
0.83950 1.03624
0.84000 1.05632
0.84050 1.03982
0.84100 1.01600
0.84150 1.00644
0.84200 1.05265
0.84250 1.10618
0.84300 1.07149
0.84350 1.05557
0.84400 1.05172
0.84450 1.06049
0.84500 1.04076
0.84550 1.00172
0.84600 1.00182
0.84650 1.00478
0.84700 1.01017
0.84750 1.01720
0.84800 1.03368
0.84850 1.06205
0.84900 1.04405
0.84950 1.01205
0.85000 0.96540
0.85050 0.97071
0.85100 0.97662
0.85150 0.96898
0.85200 0.95868
0.85250 0.95995
0.85300 0.98883
0.85350 1.03124
0.85400 1.06422
0.85450 1.05301
0.85500 1.02808
0.85550 1.00195
0.85600 1.00158
0.85650 1.00750
0.85700 1.01719
0.85750 1.02787
0.85800 1.03755
0.85850 1.04566
0.85900 1.04369
0.85950 1.02970
0.86000 1.00481
0.86050 0.99997
0.86100 0.98984
0.86150 0.97412
0.86200 0.97862
0.86250 0.98992
0.86300 1.00963
0.86350 1.02488
0.86400 1.03186
0.86450 1.02410
0.86500 1.03157
0.86550 1.03732
0.86600 1.03206
0.86650 1.02105
0.86700 1.01792
0.86750 1.04321
0.86800 1.04173
0.86850 1.02510
0.86900 0.99405
0.86950 0.99986
0.87000 1.02848
0.87050 1.09082
0.87100 1.10619
0.87150 1.08576
0.87200 1.01982
0.87250 1.00640
0.87300 1.04283
0.87350 1.11662
0.87400 1.15529
0.87450 1.15350
0.87500 1.05704
0.87550 0.98089
0.87600 0.94369
0.87650 0.99126
0.87700 1.05747
0.87750 1.13481
0.87800 1.07811
0.87850 1.01810
0.87900 1.02174
0.87950 1.01355
0.88000 1.00567
0.88050 1.01898
0.88100 1.00248
0.88150 0.97896
0.88200 0.98508
0.88250 1.00503
0.88300 1.02682
0.88350 1.01010
0.88400 1.02399
0.88450 1.05810
0.88500 1.06542
0.88550 1.05997
0.88600 1.04534
0.88650 1.00952
0.88700 0.99883
0.88750 1.01295
0.88800 1.00122
0.88850 0.99751
0.88900 1.00806
0.88950 1.00337
0.89000 1.00864
0.89050 1.03622
0.89100 1.04100
0.89150 1.05225
0.89200 1.09054
0.89250 1.08804
0.89300 1.06989
0.89350 1.04300
0.89400 1.02425
0.89450 1.00572
0.89500 0.97246
0.89550 0.98769
0.89600 1.02165
0.89650 0.99550
0.89700 0.96876
0.89750 0.94651
0.89800 0.99361
0.89850 1.02420
0.89900 1.03936
0.89950 1.05683
0.90000 1.06835
0.90050 1.07289
