 0.7950	 0.8835	 0.0211
 0.8200	 0.9072	 0.0142
 0.8250	 0.8913	 0.0144
 0.8300	 0.8972	 0.0148
 0.8350	 0.9090	 0.0140
 0.8400	 0.9083	 0.0134
 0.8450	 0.9007	 0.0137
 0.8500	 0.9092	 0.0137
 0.8550	 0.9103	 0.0146
 0.8600	 0.9200	 0.0147
 0.8650	 0.9227	 0.0139
 0.8700	 0.9028	 0.0136
 0.8750	 0.9186	 0.0132
 0.8800	 0.9269	 0.0124
 0.8850	 0.9390	 0.0125
 0.8900	 0.9076	 0.0128
 0.8950	 0.9092	 0.0116
 0.9000	 0.9215	 0.0111
 0.9050	 0.9239	 0.0115
 0.9100	 0.9198	 0.0111
 0.9150	 0.9275	 0.0112
 0.9200	 0.9177	 0.0115
 0.9250	 0.9134	 0.0112
 0.9300	 0.9208	 0.0113
 0.9350	 0.9264	 0.0125
 0.9400	 0.9157	 0.0126
 0.9450	 0.9201	 0.0118
 0.9500	 0.9235	 0.0118
 0.9550	 0.9061	 0.0115
 0.9600	 0.9134	 0.0105
 0.9650	 0.9073	 0.0106
 0.9700	 0.9146	 0.0101
 0.9750	 0.9186	 0.0101
 0.9800	 0.9310	 0.0098
 0.9850	 0.9204	 0.0097
 0.9900	 0.9233	 0.0097
 0.9950	 0.9181	 0.0099
 1.0000	 0.9098	 0.0098
 1.0050	 0.9340	 0.0098
 1.0100	 0.9340	 0.0095
 1.0150	 0.9339	 0.0092
 1.0200	 0.9353	 0.0093
 1.0250	 0.9360	 0.0093
 1.0300	 0.9386	 0.0095
 1.0350	 0.9479	 0.0093
 1.0400	 0.9263	 0.0100
 1.0450	 0.9271	 0.0100
 1.0500	 0.9267	 0.0099
 1.0550	 0.9518	 0.0096
 1.0600	 0.9320	 0.0101
 1.0650	 0.9354	 0.0090
 1.0700	 0.9564	 0.0090
 1.0750	 0.9582	 0.0092
 1.0800	 0.9486	 0.0095
 1.0850	 0.9424	 0.0092
 1.0900	 0.9560	 0.0094
 1.0950	 0.9660	 0.0096
 1.1000	 0.9707	 0.0100
 1.1050	 0.9645	 0.0104
 1.1100	 0.9676	 0.0100
 1.1150	 0.9706	 0.0111
 1.1200	 0.9738	 0.0122
 1.1250	 0.9612	 0.0129
 1.1300	 0.9823	 0.0133
 1.1350	 0.9700	 0.0117
 1.1400	 0.9712	 0.0133
 1.1500	 0.9649	 0.0116
 1.1550	 0.9823	 0.0108
 1.1600	 0.9862	 0.0122
 1.1650	 0.9959	 0.0104
 1.1700	 0.9840	 0.0108
 1.1750	 0.9767	 0.0109
 1.1800	 0.9803	 0.0101
 1.1850	 0.9822	 0.0100
 1.1900	 0.9780	 0.0104
 1.1950	 0.9877	 0.0099
 1.2000	 0.9952	 0.0101
 1.2050	 0.9983	 0.0098
 1.2100	 0.9881	 0.0101
 1.2150	 1.0040	 0.0107
 1.2200	 1.0193	 0.0109
 1.2250	 1.0259	 0.0112
 1.2300	 1.0240	 0.0108
 1.2350	 1.0210	 0.0106
 1.2400	 1.0167	 0.0103
 1.2450	 1.0215	 0.0109
 1.2500	 1.0154	 0.0105
 1.2550	 1.0105	 0.0112
 1.2600	 1.0283	 0.0109
 1.2650	 1.0443	 0.0109
 1.2700	 1.0166	 0.0129
 1.2750	 1.0252	 0.0106
 1.2800	 1.0417	 0.0113
 1.2850	 1.0345	 0.0120
 1.2900	 1.0162	 0.0109
 1.2950	 1.0182	 0.0103
 1.3000	 1.0239	 0.0114
 1.3050	 1.0400	 0.0110
 1.3100	 1.0599	 0.0107
 1.3150	 1.0564	 0.0122
 1.3200	 1.0509	 0.0113
 1.3250	 1.0328	 0.0118
 1.3300	 1.0188	 0.0121
 1.3350	 1.0366	 0.0124
 1.3400	 1.0493	 0.0146
 1.3450	 1.0401	 0.0185
 1.3500	 1.0309	 0.0255
 1.3600	 1.0656	 0.0420
 1.3650	 1.0151	 0.0471
 1.3700	 1.0642	 0.0388
 1.3750	 1.0539	 0.0285
 1.3850	 1.0468	 0.0230
 1.3900	 1.0648	 0.0231
 1.3950	 1.0601	 0.0266
 1.4000	 1.0840	 0.0252
 1.4050	 1.0838	 0.0221
 1.4100	 1.0778	 0.0186
 1.4150	 1.1074	 0.0182
 1.4200	 1.0743	 0.0160
 1.4250	 1.0505	 0.0167
 1.4300	 1.0778	 0.0148
 1.4350	 1.1049	 0.0149
 1.4400	 1.0770	 0.0149
 1.4450	 1.0669	 0.0138
 1.4500	 1.0666	 0.0137
 1.4550	 1.0759	 0.0148
 1.4600	 1.0895	 0.0134
 1.4650	 1.1085	 0.0137
 1.4700	 1.1416	 0.0148
 1.4750	 1.1038	 0.0138
 1.4800	 1.1057	 0.0130
 1.4850	 1.1217	 0.0132
 1.4900	 1.1147	 0.0125
 1.4950	 1.0987	 0.0130
 1.5000	 1.0996	 0.0124
 1.5050	 1.0770	 0.0118
 1.5100	 1.1203	 0.0123
 1.5150	 1.1411	 0.0126
 1.5200	 1.1255	 0.0133
 1.5250	 1.1167	 0.0129
 1.5300	 1.1244	 0.0119
 1.5350	 1.1092	 0.0128
 1.5400	 1.0725	 0.0121
 1.5450	 1.0824	 0.0115
 1.5500	 1.1297	 0.0119
 1.5550	 1.1187	 0.0128
 1.5600	 1.1194	 0.0128
 1.5650	 1.1289	 0.0127
 1.5700	 1.1307	 0.0121
 1.5750	 1.1322	 0.0128
 1.5800	 1.1455	 0.0136
 1.5850	 1.1163	 0.0138
 1.5900	 1.1236	 0.0136
 1.5950	 1.1628	 0.0132
 1.6000	 1.1663	 0.0129
 1.6050	 1.1279	 0.0134
 1.6100	 1.1174	 0.0134
 1.6150	 1.1126	 0.0136
 1.6200	 1.1556	 0.0132
 1.6250	 1.1805	 0.0133
 1.6300	 1.1336	 0.0138
 1.6350	 1.1446	 0.0137
 1.6400	 1.1464	 0.0136
 1.6450	 1.1778	 0.0137
 1.6500	 1.1537	 0.0144
 1.6550	 1.1066	 0.0132
 1.6600	 1.1102	 0.0144
 1.6650	 1.1339	 0.0134
 1.6700	 1.1357	 0.0137
 1.6750	 1.1167	 0.0138
 1.6800	 1.1622	 0.0139
 1.6850	 1.1363	 0.0145
 1.6900	 1.1372	 0.0149
 1.6950	 1.1449	 0.0159
 1.7000	 1.1295	 0.0139
 1.7050	 1.1321	 0.0144
 1.7100	 1.1337	 0.0139
 1.7150	 1.1539	 0.0146
 1.7200	 1.1556	 0.0142
 1.7250	 1.1656	 0.0147
 1.7300	 1.1687	 0.0171
 1.7350	 1.1766	 0.0164
 1.7400	 1.1325	 0.0159
 1.7450	 1.1076	 0.0185
 1.7500	 1.1492	 0.0155
 1.7550	 1.1638	 0.0167
 1.7600	 1.1565	 0.0153
 1.7650	 1.1574	 0.0162
 1.7700	 1.1830	 0.0166
 1.7750	 1.1965	 0.0182
 1.7800	 1.1536	 0.0171
 1.7850	 1.1352	 0.0176
 1.7900	 1.1693	 0.0168
 1.7950	 1.1733	 0.0187
 1.8000	 1.1652	 0.0205
 1.8050	 1.1659	 0.0237
 1.8100	 1.1691	 0.0246
 1.8150	 1.1881	 0.0256
 1.8200	 1.1602	 0.0289
 1.8250	 1.1768	 0.0388
 1.8300	 1.1770	 0.0443
 1.8350	 1.1622	 0.0600
 1.8400	 1.1799	 0.0688
 1.8500	 1.1258	 0.0617
 1.8550	 1.1169	 0.0710
 1.8600	 1.2060	 0.0665
 1.8650	 1.2668	 0.0702
 1.8700	 1.1427	 0.0824
 1.8900	 1.1550	 0.0399
 1.8950	 1.2619	 0.0468
 1.9000	 1.2628	 0.0632
 1.9150	 1.1473	 0.0527
 1.9200	 1.1186	 0.0417
 1.9250	 1.1741	 0.0361
 1.9300	 1.1873	 0.0333
 1.9350	 1.1770	 0.0336
 1.9400	 1.1862	 0.0315
 1.9450	 1.1750	 0.0288
 1.9500	 1.2192	 0.0294
 1.9550	 1.2267	 0.0292
 1.9600	 1.2117	 0.0289
 1.9650	 1.1474	 0.0272
 1.9700	 1.1926	 0.0237
 1.9750	 1.2095	 0.0237
 1.9800	 1.1892	 0.0226
 1.9850	 1.1656	 0.0229
 1.9900	 1.1717	 0.0218
 1.9950	 1.2484	 0.0225
 2.0000	 1.2692	 0.0300
 2.0050	 1.2323	 0.0344
 2.0100	 1.2552	 0.0340
 2.0150	 1.1855	 0.0297
 2.0200	 1.1333	 0.0281
 2.0250	 1.2247	 0.0247
 2.0300	 1.2545	 0.0229
 2.0350	 1.1996	 0.0225
 2.0400	 1.1637	 0.0213
 2.0450	 1.1620	 0.0234
 2.0500	 1.2045	 0.0255
 2.0550	 1.2021	 0.0252
 2.0600	 1.2678	 0.0252
 2.0650	 1.2808	 0.0264
 2.0700	 1.2196	 0.0249
 2.0750	 1.2199	 0.0216
 2.0800	 1.1834	 0.0222
 2.0850	 1.1860	 0.0211
 2.0900	 1.2096	 0.0221
 2.0950	 1.1851	 0.0225
 2.1000	 1.1574	 0.0205
 2.1050	 1.1666	 0.0219
 2.1100	 1.2251	 0.0209
 2.1150	 1.2289	 0.0232
 2.1200	 1.1903	 0.0247
 2.1250	 1.2209	 0.0243
 2.1300	 1.2193	 0.0223
 2.1350	 1.1777	 0.0236
 2.1400	 1.1922	 0.0228
 2.1450	 1.2164	 0.0222
 2.1500	 1.2369	 0.0229
 2.1550	 1.1779	 0.0231
 2.1600	 1.1322	 0.0261
 2.1650	 1.1685	 0.0239
 2.1700	 1.2148	 0.0247
 2.1750	 1.2153	 0.0245
 2.1800	 1.1996	 0.0251
 2.1850	 1.2607	 0.0251
 2.1900	 1.2721	 0.0275
 2.1950	 1.2482	 0.0274
 2.2000	 1.2371	 0.0270
 2.2050	 1.2268	 0.0285
 2.2100	 1.1822	 0.0263
 2.2150	 1.2287	 0.0270
 2.2200	 1.2497	 0.0286
 2.2250	 1.2072	 0.0280
 2.2300	 1.2001	 0.0277
 2.2350	 1.2521	 0.0277
 2.2400	 1.2485	 0.0298
 2.2450	 1.2189	 0.0288
 2.2500	 1.2419	 0.0299
 2.2550	 1.3092	 0.0297
 2.2600	 1.2506	 0.0309
 2.2650	 1.2275	 0.0277
 2.2700	 1.1966	 0.0301
 2.2750	 1.2014	 0.0334
 2.2800	 1.1664	 0.0305
 2.2850	 1.2156	 0.0305
 2.2900	 1.2856	 0.0336
 2.2950	 1.2678	 0.0304
 2.3000	 1.2662	 0.0317
 2.3050	 1.2410	 0.0324
 2.3100	 1.2664	 0.0322
 2.3150	 1.2453	 0.0350
 2.3200	 1.2637	 0.0312
 2.3250	 1.2596	 0.0331
 2.3300	 1.2381	 0.0321
 2.3350	 1.2308	 0.0321
 2.3400	 1.1790	 0.0328
 2.3450	 1.2369	 0.0330
 2.3500	 1.2996	 0.0340
 2.3650	 1.2314	 0.0356
 2.3700	 1.2309	 0.0347
 2.3750	 1.2322	 0.0368
 2.3800	 1.2806	 0.0342
 2.3850	 1.2551	 0.0375
 2.3900	 1.3092	 0.0330
 2.3950	 1.3377	 0.0390
 2.4000	 1.3341	 0.0369
 2.4050	 1.3061	 0.0402
 2.4100	 1.2925	 0.0393
 2.4150	 1.2948	 0.0355
 2.4200	 1.2440	 0.0397
 2.4250	 1.1995	 0.0366
 2.4300	 1.1872	 0.0375
 2.4350	 1.2504	 0.0371
 2.4450	 1.2586	 0.0439
 2.4500	 1.1162	 0.0395
