2.516  0.877 0.172 1 0 0 0
2.525  0.882 0.155 1 0 0 0
2.534  0.890 0.121 1 0 0 0
2.544  0.908 0.093 0 0 0 0
2.553  0.927 0.070 0 0 0 0
2.562  0.940 0.048 0 0 0 0
2.572  0.964 0.034 0 0 0 0
2.581  0.978 0.022 0 0 0 0
2.591  0.994 0.017 0 0 0 0
2.600  1.001 0.014 0 0 0 0
2.609  1.015 0.014 0 0 0 0
2.619  1.023 0.017 0 0 0 0
2.628  1.022 0.014 0 0 0 0
2.638  1.000 0.016 0 0 0 0
2.647  0.973 0.013 0 0 0 0
2.656  0.961 0.014 0 0 0 0
2.666  0.946 0.013 0 0 0 0
2.675  0.924 0.014 0 0 0 0
2.685  0.909 0.013 0 0 0 0
2.694  0.897 0.014 0 0 0 0
2.704  0.893 0.013 0 0 0 0
2.713  0.887 0.013 0 0 0 0
2.723  0.886 0.012 0 0 0 0
2.732  0.883 0.012 0 0 0 0
2.742  0.886 0.012 0 0 0 0
2.751  0.893 0.013 0 0 0 0
2.761  0.901 0.013 0 0 0 0
2.770  0.908 0.015 0 0 0 0
2.780  0.913 0.015 0 0 0 0
2.789  0.921 0.017 0 0 0 0
2.799  0.929 0.016 0 0 0 0
2.808  0.935 0.014 0 0 0 0
2.818  0.943 0.011 0 0 0 0
2.827  0.947 0.012 0 0 0 0
2.837  0.955 0.015 0 0 0 0
2.846  0.963 0.018 0 0 0 0
2.856  0.973 0.019 0 0 0 0
2.865  0.984 0.018 0 0 0 0
2.875  0.991 0.017 0 0 0 0
2.884  0.997 0.015 0 0 0 0
2.894  1.000 0.014 0 0 0 0
2.903  1.007 0.014 0 0 0 0
2.913  1.016 0.015 0 0 0 0
2.922  1.022 0.015 0 0 0 0
2.932  1.028 0.016 0 0 0 0
2.941  1.027 0.016 0 0 0 0
2.951  1.026 0.016 0 0 0 0
2.961  1.019 0.016 0 0 0 0
2.970  1.012 0.015 0 0 0 0
2.980  1.003 0.015 0 0 0 0
2.989  0.993 0.015 0 0 0 0
2.999  0.978 0.015 0 0 0 0
3.008  0.966 0.014 0 0 0 0
3.018  0.952 0.014 0 0 0 0
3.028  0.946 0.013 0 0 0 0
3.037  0.939 0.013 0 0 0 0
3.047  0.935 0.013 0 0 0 0
3.056  0.929 0.014 0 0 0 0
3.066  0.928 0.015 0 0 0 0
3.076  0.929 0.017 0 0 0 0
3.085  0.930 0.019 0 0 0 0
3.095  0.935 0.021 0 0 0 0
3.104  0.944 0.020 0 0 0 0
3.114  0.955 0.021 0 0 0 0
3.124  0.970 0.023 0 0 0 0
3.133  0.983 0.025 0 0 0 0
3.143  1.004 0.026 0 0 0 0
3.152  1.022 0.027 0 0 0 0
3.162  1.041 0.027 0 0 0 0
3.172  1.052 0.027 0 0 0 0
3.181  1.063 0.026 0 0 0 0
3.191  1.068 0.025 0 0 0 0
3.201  1.070 0.024 0 0 0 0
3.210  1.069 0.023 0 0 0 0
3.220  1.064 0.021 0 0 0 0
3.229  1.058 0.020 0 0 0 0
3.239  1.051 0.019 0 0 0 0
3.249  1.043 0.019 0 0 0 0
3.258  1.037 0.018 0 0 0 0
3.268  1.032 0.018 0 0 0 0
3.278  1.029 0.018 0 0 0 0
3.287  1.034 0.019 0 0 0 0
3.297  1.029 0.020 0 0 0 0
3.307  1.024 0.020 0 0 0 0
3.316  1.013 0.020 0 0 0 0
3.326  1.009 0.020 0 0 0 0
3.336  1.007 0.019 0 0 0 0
3.345  1.006 0.019 0 0 0 0
3.355  1.006 0.018 0 0 0 0
3.364  1.006 0.017 0 0 0 0
3.374  1.003 0.017 0 0 0 0
3.384  0.999 0.016 0 0 0 0
3.393  0.997 0.016 0 0 0 0
3.403  0.991 0.016 0 0 0 0
3.413  0.987 0.016 0 0 0 0
3.422  0.981 0.016 0 0 0 0
3.432  0.979 0.017 0 0 0 0
3.442  0.979 0.017 0 0 0 0
3.452  0.980 0.019 0 0 0 0
3.461  0.983 0.021 0 0 0 0
3.471  0.988 0.023 0 0 0 0
3.481  0.992 0.024 0 0 0 0
3.490  0.995 0.027 0 0 0 0
3.500  0.997 0.029 0 0 0 0
3.510  0.997 0.031 0 0 0 0
3.519  0.998 0.031 0 0 0 0
3.529  1.001 0.031 0 0 0 0
3.539  1.003 0.031 0 0 0 0
3.548  1.010 0.031 0 0 0 0
3.558  1.015 0.033 0 0 0 0
3.568  1.018 0.034 0 0 0 0
3.577  1.015 0.034 0 0 0 0
3.587  1.013 0.034 0 0 0 0
3.597  1.002 0.031 0 0 0 0
3.607  0.992 0.030 0 0 0 0
3.616  0.980 0.027 0 0 0 0
3.626  0.972 0.025 0 0 0 0
3.636  0.961 0.024 0 0 0 0
3.645  0.954 0.024 0 0 0 0
3.655  0.946 0.023 0 0 0 0
3.665  0.940 0.023 0 0 0 0
3.674  0.934 0.023 0 0 0 0
3.684  0.941 0.024 0 0 0 0
3.694  0.949 0.023 0 0 0 0
3.704  0.954 0.022 0 1 0 0
3.713  0.948 0.025 0 1 1 0
3.723  0.942 0.026 0 1 1 0
3.733  0.925 0.032 0 1 1 0
3.742  0.906 0.030 0 1 1 0
3.752  0.872 0.031 0 1 1 0
3.762  0.842 0.024 0 1 1 0
3.772  0.812 0.022 0 1 1 0
3.781  0.805 0.025 0 1 1 0
3.791  0.798 0.028 0 1 1 0
3.801  0.808 0.040 0 1 1 0
3.810  0.809 0.040 0 1 1 0
3.820  0.826 0.046 0 1 1 0
3.830  0.819 0.039 0 1 1 0
3.840  0.814 0.039 0 1 1 0
3.849  0.788 0.029 0 1 1 0
3.859  0.771 0.030 0 1 1 0
3.869  0.725 0.026 0 1 1 0
3.878  0.697 0.027 0 1 1 0
3.888  0.652 0.030 0 1 1 0
3.898  0.633 0.058 0 1 1 0
3.908  0.602 0.085 0 1 1 0
3.917  0.612 0.149 1 1 1 0
3.927  0.620 0.187 1 1 1 0
3.937  0.670 0.241 1 1 1 0
3.947  0.707 0.234 1 1 1 0
3.956  0.808 0.266 1 1 1 0
3.966  0.861 0.221 1 1 1 0
3.976  0.966 0.232 1 1 1 0
3.985  1.001 0.164 1 1 1 0
3.995  1.094 0.188 1 1 1 0
4.005  1.079 0.113 1 1 1 0
4.015  1.146 0.142 1 1 1 0
4.024  1.082 0.049 0 1 1 0
4.034  1.127 0.072 0 1 1 0
4.044  1.085 0.039 0 1 1 0
4.054  1.120 0.068 0 1 1 0
4.063  1.068 0.047 0 1 1 0
4.073  1.127 0.109 1 1 1 0
4.083  1.089 0.094 0 1 1 0
4.093  1.129 0.150 1 1 1 0
4.102  1.114 0.117 1 1 1 0
4.112  1.165 0.148 1 1 1 0
4.122  1.145 0.086 0 1 1 0
4.131  1.214 0.111 1 1 1 0
4.141  1.171 0.074 0 1 1 0
4.151  1.180 0.095 0 1 1 0
4.161  1.079 0.073 0 1 1 0
4.170  1.008 0.091 0 1 1 0
4.180  0.856 0.075 0 1 1 0
4.190  0.771 0.080 0 1 1 0
4.200  0.616 0.093 0 1 1 0
4.209  0.556 0.092 0 1 1 0
4.219  0.465 0.121 1 1 1 0
4.229  0.429 0.140 1 1 1 0
4.239  0.421 0.185 1 1 1 0
4.248  0.670 0.095 1 1 1 0
4.258  0.740 0.098 1 1 1 0
4.268  0.843 0.104 1 1 1 0
4.278  0.880 0.094 0 1 1 0
4.287  0.882 0.156 1 1 1 0
4.297  0.604 0.449 1 1 1 0
4.307  0.323 0.522 1 1 1 0
4.316 -0.188 0.312 1 1 1 0
4.326 -0.658 0.052 0 1 1 0
4.336 -1.281 0.291 1 1 1 0
4.346 -2.044 0.583 1 1 1 0
4.355 -2.712 0.758 1 1 1 0
4.365 -2.834 0.776 1 1 1 0
4.375 -2.964 0.808 1 1 1 0
4.385 -3.048 0.868 1 1 1 0
4.394 -3.138 0.913 1 1 1 0
4.404 -3.211 0.992 1 1 1 0
4.414 -3.245 1.126 1 1 1 0
4.424 -3.236 1.290 1 1 1 0
4.433 -3.185 1.396 1 1 1 0
4.443 -3.155 1.571 1 1 1 0
4.453 -3.139 1.626 1 1 1 0
4.463 -3.160 1.754 1 1 1 0
4.472 -3.165 1.788 1 1 1 0
4.482 -3.170 1.853 1 1 1 0
4.492 -3.131 1.809 1 1 1 0
4.501 -3.096 1.914 1 1 1 0
4.511 -3.082 1.827 1 1 1 0
4.521 -3.095 1.931 1 1 1 0
4.531 -3.091 1.936 1 1 1 0
4.540 -3.110 2.027 1 1 1 0
4.550 -3.097 2.046 1 1 1 0
4.560 -3.131 2.177 1 1 1 0
4.570 -3.212 2.123 1 1 1 0
4.579 -3.315 2.252 1 1 1 0
4.589 -3.421 2.194 1 1 1 0
4.599 -3.548 2.337 1 1 1 0
4.609 -3.659 2.275 1 1 1 0
4.618 -3.765 2.464 1 1 1 0
4.628 -3.842 2.400 1 1 1 0
4.638 -3.910 2.629 1 1 1 0
4.648 -4.001 2.585 1 1 1 0
4.657 -3.941 2.783 1 1 1 0
4.667 -3.410 2.635 1 1 1 0
4.677 -2.876 2.695 1 1 1 0
4.686 -2.479 2.296 1 1 1 0
4.696 -1.999 2.390 1 1 1 0
4.706 -1.803 1.927 1 1 1 0
4.716 -1.934 2.168 1 1 1 0
4.725 -2.562 2.331 1 1 1 0
4.735 -3.198 2.623 1 1 1 0
4.745 -4.305 2.501 1 1 1 0
4.755 -5.393 2.622 1 1 1 0
4.764 -6.366 2.369 1 1 1 0
4.774 -6.712 2.352 1 1 1 0
4.784 -6.719 2.206 1 1 1 0
4.793 -6.276 2.107 1 1 1 0
4.803 -5.777 1.764 1 1 1 0
4.813 -5.233 1.775 1 1 1 0
4.823 -5.038 1.331 1 1 1 0
4.832 -4.898 1.684 1 1 1 0
4.842 -4.955 1.758 1 1 1 0
4.852 -5.146 1.899 1 1 1 0
4.862 -5.323 1.902 1 1 1 0
4.871 -5.369 2.062 1 1 1 0
4.881 -5.435 1.970 1 1 1 0
4.891 -5.275 2.503 1 1 1 0
4.900 -5.161 2.732 1 1 1 0
4.910 -4.968 3.173 1 1 1 0
4.920 -4.782 3.535 1 1 1 0
4.930 -4.625 3.956 1 1 1 0
4.939 -4.584 4.065 1 1 1 0
4.949 -4.513 4.578 1 1 1 0
4.959 -4.408 4.823 1 1 1 0
4.968 -4.206 5.313 1 1 1 0
4.978 -4.020 5.594 1 1 1 0
4.988 -4.024 5.798 1 1 1 0
4.998 -3.993 5.872 1 1 1 0
