2.516  0.872 0.171 1 0 0 0
2.525  0.886 0.155 1 0 0 0
2.535  0.915 0.122 1 0 0 0
2.544  0.937 0.095 1 0 0 0
2.553  0.957 0.070 0 0 0 0
2.563  0.969 0.049 0 0 0 0
2.572  0.981 0.034 0 0 0 0
2.581  0.987 0.024 0 0 0 0
2.591  0.995 0.019 0 0 0 0
2.600  1.001 0.016 0 0 0 0
2.610  1.015 0.016 0 0 0 0
2.619  1.037 0.017 0 0 0 0
2.628  1.041 0.016 0 0 0 0
2.638  1.039 0.016 0 0 0 0
2.647  1.025 0.017 0 0 0 0
2.657  1.029 0.016 0 0 0 0
2.666  1.027 0.017 0 0 0 0
2.676  1.023 0.018 0 0 0 0
2.685  1.019 0.018 0 0 0 0
2.695  1.021 0.017 0 0 0 0
2.704  1.026 0.018 0 0 0 0
2.713  1.028 0.018 0 0 0 0
2.723  1.030 0.018 0 0 0 0
2.732  1.026 0.019 0 0 0 0
2.742  1.024 0.019 0 0 0 0
2.751  1.027 0.019 0 0 0 0
2.761  1.027 0.020 0 0 0 0
2.770  1.029 0.021 0 0 0 0
2.780  1.027 0.021 0 0 0 0
2.789  1.031 0.020 0 0 0 0
2.799  1.034 0.019 0 0 0 0
2.808  1.039 0.018 0 0 0 0
2.818  1.043 0.016 0 0 0 0
2.827  1.047 0.016 0 0 0 0
2.837  1.052 0.016 0 0 0 0
2.846  1.053 0.017 0 0 0 0
2.856  1.057 0.018 0 0 0 0
2.865  1.064 0.018 0 0 0 0
2.875  1.066 0.018 0 0 0 0
2.884  1.068 0.019 0 0 0 0
2.894  1.064 0.021 0 0 0 0
2.904  1.067 0.022 0 0 0 0
2.913  1.070 0.024 0 0 0 0
2.923  1.072 0.025 0 0 0 0
2.932  1.075 0.026 0 0 0 0
2.942  1.077 0.025 0 0 0 0
2.951  1.075 0.027 0 0 0 0
2.961  1.072 0.026 0 0 0 0
2.970  1.069 0.025 0 0 0 0
2.980  1.067 0.024 0 0 0 0
2.990  1.066 0.025 0 0 0 0
2.999  1.064 0.025 0 0 0 0
3.009  1.063 0.025 0 0 0 0
3.018  1.065 0.024 0 0 0 0
3.028  1.071 0.027 0 0 0 0
3.037  1.072 0.027 0 0 0 0
3.047  1.073 0.027 0 0 0 0
3.057  1.069 0.025 0 0 0 0
3.066  1.066 0.025 0 0 0 0
3.076  1.060 0.024 0 0 0 0
3.085  1.056 0.025 0 0 0 0
3.095  1.057 0.026 0 0 0 0
3.105  1.066 0.030 0 0 0 0
3.114  1.073 0.034 0 0 0 0
3.124  1.087 0.038 0 0 0 0
3.133  1.096 0.040 0 0 0 0
3.143  1.109 0.043 0 0 0 0
3.153  1.114 0.043 0 0 0 0
3.162  1.118 0.043 0 0 0 0
3.172  1.113 0.040 0 0 0 0
3.182  1.111 0.037 0 0 0 0
3.191  1.112 0.036 0 0 0 0
3.201  1.113 0.035 0 0 0 0
3.210  1.118 0.034 0 0 0 0
3.220  1.123 0.036 0 0 0 0
3.230  1.128 0.035 0 0 0 0
3.239  1.131 0.032 0 0 0 0
3.249  1.132 0.030 0 0 0 0
3.259  1.135 0.028 0 0 0 0
3.268  1.135 0.027 0 0 0 0
3.278  1.135 0.028 0 0 0 0
3.288  1.145 0.031 0 0 0 0
3.297  1.142 0.032 0 0 0 0
3.307  1.139 0.035 0 0 0 0
3.316  1.128 0.034 0 0 0 0
3.326  1.126 0.034 0 0 0 0
3.336  1.124 0.032 0 0 0 0
3.345  1.127 0.029 0 0 0 0
3.355  1.129 0.029 0 0 0 0
3.365  1.132 0.029 0 0 0 0
3.374  1.132 0.027 0 0 0 0
3.384  1.129 0.026 0 0 0 0
3.394  1.125 0.025 0 0 0 0
3.403  1.120 0.024 0 0 0 0
3.413  1.114 0.022 0 0 0 0
3.423  1.109 0.020 0 0 0 0
3.432  1.110 0.020 0 0 0 0
3.442  1.115 0.020 0 0 0 0
3.452  1.120 0.021 0 0 0 0
3.461  1.125 0.022 0 0 0 0
3.471  1.127 0.023 0 0 0 0
3.481  1.126 0.026 0 0 0 0
3.491  1.121 0.030 0 0 0 0
3.500  1.117 0.032 0 0 0 0
3.510  1.113 0.033 0 0 0 0
3.520  1.111 0.036 0 0 0 0
3.529  1.113 0.037 0 0 0 0
3.539  1.118 0.036 0 0 0 0
3.549  1.126 0.036 0 0 0 0
3.558  1.132 0.034 0 0 0 0
3.568  1.135 0.035 0 0 0 0
3.578  1.131 0.035 0 0 0 0
3.587  1.127 0.036 0 0 0 0
3.597  1.118 0.035 0 0 0 0
3.607  1.107 0.037 0 0 0 0
3.617  1.099 0.036 0 0 0 0
3.626  1.095 0.036 0 0 0 0
3.636  1.097 0.035 0 0 0 0
3.646  1.106 0.034 0 0 0 0
3.655  1.113 0.035 0 0 0 0
3.665  1.118 0.034 0 0 0 0
3.675  1.127 0.031 0 0 0 0
3.684  1.133 0.031 0 0 0 0
3.694  1.141 0.027 0 0 0 0
3.704  1.144 0.023 0 0 0 0
3.714  1.148 0.021 0 0 0 0
3.723  1.150 0.021 0 0 0 0
3.733  1.164 0.021 0 0 0 0
3.743  1.166 0.021 0 0 0 0
3.752  1.166 0.021 0 0 0 0
3.762  1.151 0.023 0 0 0 0
3.772  1.145 0.025 0 0 0 0
3.782  1.140 0.027 0 0 0 0
3.791  1.137 0.028 0 0 0 0
3.801  1.133 0.029 0 0 0 0
3.811  1.132 0.029 0 0 0 0
3.820  1.130 0.029 0 0 0 0
3.830  1.130 0.028 0 0 0 0
3.840  1.129 0.028 0 0 0 0
3.850  1.129 0.028 0 0 0 0
3.859  1.127 0.028 0 0 0 0
3.869  1.125 0.029 0 0 0 0
3.879  1.128 0.030 0 0 0 0
3.888  1.133 0.030 0 0 0 0
3.898  1.140 0.030 0 0 0 0
3.908  1.147 0.030 0 0 0 0
3.918  1.156 0.028 0 0 0 0
3.927  1.165 0.026 0 0 0 0
3.937  1.172 0.026 0 0 0 0
3.947  1.180 0.025 0 0 0 0
3.957  1.185 0.025 0 0 0 0
3.966  1.187 0.025 0 0 0 0
3.976  1.183 0.027 0 0 0 0
3.986  1.175 0.028 0 0 0 0
3.995  1.164 0.029 0 0 0 0
4.005  1.153 0.029 0 0 0 0
4.015  1.140 0.030 0 0 0 0
4.025  1.135 0.030 0 0 0 0
4.034  1.139 0.028 0 0 0 0
4.044  1.154 0.030 0 0 0 0
4.054  1.162 0.033 0 0 0 0
4.064  1.165 0.034 0 0 0 0
4.073  1.158 0.037 0 0 0 0
4.083  1.157 0.037 0 0 0 0
4.093  1.153 0.035 0 0 0 0
4.103  1.148 0.034 0 0 0 0
4.112  1.141 0.032 0 0 0 0
4.122  1.137 0.032 0 0 0 0
4.132  1.132 0.032 0 0 0 0
4.141  1.130 0.032 0 0 0 0
4.151  1.126 0.032 0 0 0 0
4.161  1.121 0.033 0 0 0 0
4.171  1.113 0.032 0 0 0 0
4.180  1.105 0.032 0 0 0 0
4.190  1.096 0.033 0 0 0 0
4.200  1.085 0.034 0 0 0 0
4.210  1.068 0.035 0 0 0 0
4.219  1.051 0.037 0 0 1 0
4.229  1.040 0.039 0 0 1 0
4.239  1.031 0.038 0 0 1 0
4.249  1.026 0.037 0 0 1 0
4.258  1.025 0.037 0 0 1 0
4.268  1.023 0.036 0 0 1 0
4.278  1.020 0.034 0 0 1 0
4.288  1.032 0.033 0 0 1 0
4.297  1.039 0.032 0 0 1 0
4.307  1.043 0.032 0 0 1 0
4.317  1.029 0.032 0 0 1 0
4.326  1.021 0.030 0 0 1 0
4.336  1.019 0.030 0 0 1 0
4.346  1.030 0.031 0 0 1 0
4.356  1.039 0.033 0 0 1 0
4.365  1.050 0.035 0 0 1 0
4.375  1.053 0.037 0 0 1 0
4.385  1.066 0.038 0 0 1 0
4.395  1.089 0.039 0 0 1 0
4.404  1.122 0.039 0 0 1 0
4.414  1.153 0.039 0 0 1 0
4.424  1.175 0.039 0 0 1 0
4.434  1.182 0.040 0 0 1 0
4.443  1.188 0.039 0 0 1 0
4.453  1.197 0.039 0 0 1 0
4.463  1.202 0.041 0 0 1 0
4.473  1.202 0.043 0 0 1 0
4.482  1.192 0.046 0 0 1 0
4.492  1.172 0.049 0 0 1 0
4.502  1.150 0.057 0 0 1 0
4.512  1.131 0.062 0 0 1 0
4.521  1.115 0.068 0 0 1 0
4.531  1.089 0.073 0 0 1 0
4.541  1.063 0.073 0 0 1 0
4.550  1.045 0.065 0 0 1 0
4.560  1.043 0.061 0 0 1 0
4.570  1.044 0.059 0 0 1 0
4.580  1.053 0.060 0 0 1 0
4.589  1.054 0.061 0 0 1 0
4.599  1.045 0.061 0 0 1 0
4.609  1.021 0.058 0 0 1 0
4.619  0.986 0.055 0 0 1 0
4.628  0.953 0.055 0 0 1 0
4.638  0.922 0.055 0 0 1 0
4.648  0.896 0.055 0 0 1 0
4.658  0.870 0.056 0 0 1 0
4.667  0.847 0.057 0 0 1 0
4.677  0.829 0.057 0 0 1 0
4.687  0.818 0.059 0 0 1 0
4.696  0.801 0.062 0 0 1 0
4.706  0.785 0.066 0 0 1 0
4.716  0.769 0.072 0 0 1 0
4.726  0.760 0.079 0 0 1 0
4.735  0.759 0.086 0 0 1 0
4.745  0.764 0.092 0 0 1 0
4.755  0.777 0.099 1 0 1 0
4.765  0.801 0.104 1 0 1 0
4.774  0.823 0.105 1 0 1 0
4.784  0.838 0.107 1 0 1 0
4.794  0.857 0.110 1 0 1 0
4.803  0.868 0.115 1 0 1 0
4.813  0.869 0.121 1 0 1 0
4.823  0.861 0.129 1 0 1 0
4.833  0.852 0.136 1 0 1 0
4.842  0.836 0.139 1 0 1 0
4.852  0.819 0.142 1 0 1 0
4.862  0.805 0.145 1 0 1 0
4.872  0.786 0.150 1 0 1 0
4.881  0.768 0.158 1 0 1 0
4.891  0.746 0.171 1 0 1 0
4.901  0.714 0.187 1 0 1 0
4.910  0.684 0.204 1 0 1 0
4.920  0.657 0.217 1 0 1 0
4.930  0.627 0.228 1 0 1 0
4.940  0.604 0.234 1 0 1 0
4.949  0.594 0.234 1 0 1 0
4.959  0.585 0.230 1 0 1 0
4.969  0.585 0.231 1 0 1 0
4.978  0.594 0.228 1 0 1 0
4.988  0.585 0.231 1 0 1 0
4.998  0.578 0.234 1 0 1 0
