2.518  0.909 0.179 1 0 0 0
2.527  0.922 0.161 1 0 0 0
2.537  0.937 0.132 1 0 0 0
2.546  0.956 0.110 1 0 0 0
2.555  0.974 0.087 0 0 0 0
2.565  0.985 0.067 0 0 0 0
2.574  0.996 0.053 0 0 0 0
2.584  1.001 0.046 0 0 0 0
2.593  1.004 0.043 0 0 0 0
2.602  0.997 0.042 0 0 0 0
2.612  1.005 0.042 0 0 0 0
2.621  1.009 0.043 0 0 0 0
2.631  1.002 0.043 0 0 0 0
2.640  0.982 0.043 0 0 0 0
2.650  0.963 0.043 0 0 0 0
2.659  0.952 0.042 0 0 0 0
2.668  0.938 0.042 0 0 0 0
2.678  0.921 0.042 0 0 0 0
2.687  0.906 0.044 0 0 0 0
2.697  0.895 0.045 0 0 0 0
2.706  0.887 0.046 0 0 0 0
2.716  0.880 0.047 0 0 0 0
2.725  0.874 0.045 0 0 0 0
2.735  0.872 0.044 0 0 0 0
2.744  0.877 0.044 0 0 0 0
2.754  0.888 0.044 0 0 0 0
2.763  0.899 0.045 0 0 0 0
2.773  0.910 0.047 0 0 0 0
2.782  0.917 0.049 0 0 0 0
2.792  0.925 0.050 0 0 0 0
2.801  0.929 0.050 0 0 0 0
2.811  0.933 0.050 0 0 0 0
2.820  0.935 0.049 0 0 0 0
2.830  0.942 0.048 0 0 0 0
2.839  0.953 0.048 0 0 0 0
2.849  0.961 0.048 0 0 0 0
2.858  0.970 0.048 0 0 0 0
2.868  0.978 0.049 0 0 0 0
2.877  0.982 0.049 0 0 0 0
2.887  0.978 0.049 0 0 0 0
2.896  0.973 0.049 0 0 0 0
2.906  0.977 0.050 0 0 0 0
2.915  0.986 0.052 0 0 0 0
2.925  0.999 0.054 0 0 0 0
2.934  1.018 0.056 0 0 0 0
2.944  1.039 0.056 0 0 0 0
2.954  1.059 0.055 0 0 0 0
2.963  1.076 0.054 0 0 0 0
2.973  1.084 0.054 0 0 0 0
2.982  1.087 0.054 0 0 0 0
2.992  1.080 0.054 0 0 0 0
3.001  1.064 0.055 0 0 0 0
3.011  1.044 0.056 0 0 0 0
3.021  1.023 0.058 0 0 0 0
3.030  1.007 0.061 0 0 0 0
3.040  0.994 0.064 0 0 0 0
3.049  0.985 0.069 0 0 0 0
3.059  0.980 0.072 0 0 0 0
3.069  0.984 0.076 0 0 0 0
3.078  0.991 0.080 0 0 0 0
3.088  0.999 0.080 0 0 0 0
3.097  1.011 0.079 0 0 0 0
3.107  1.022 0.080 0 0 0 0
3.117  1.032 0.078 0 0 0 0
3.126  1.043 0.078 0 0 0 0
3.136  1.052 0.078 0 0 0 0
3.145  1.064 0.082 0 0 0 0
3.155  1.076 0.086 0 0 0 0
3.165  1.087 0.090 0 0 0 0
3.174  1.096 0.093 0 0 0 0
3.184  1.106 0.093 0 0 0 0
3.193  1.115 0.094 0 0 0 0
3.203  1.123 0.092 0 0 0 0
3.213  1.126 0.090 0 0 0 0
3.222  1.129 0.090 0 0 0 0
3.232  1.129 0.091 0 0 0 0
3.242  1.124 0.091 0 0 0 0
3.251  1.114 0.094 0 0 0 0
3.261  1.101 0.096 1 0 0 0
3.271  1.084 0.099 1 0 0 0
3.280  1.070 0.102 1 0 0 0
3.290  1.058 0.109 1 0 0 0
3.299  1.044 0.112 1 0 0 0
3.309  1.035 0.121 1 0 0 0
3.319  1.028 0.120 1 0 0 0
3.328  1.038 0.115 1 0 0 0
3.338  1.051 0.102 1 0 0 0
3.348  1.067 0.094 0 0 0 0
3.357  1.080 0.087 0 0 0 0
3.367  1.088 0.082 0 0 0 0
3.377  1.088 0.080 0 0 0 0
3.386  1.091 0.080 0 0 0 0
3.396  1.086 0.078 0 0 0 0
3.406  1.081 0.078 0 0 0 0
3.415  1.080 0.075 0 0 0 0
3.425  1.084 0.073 0 0 0 0
3.435  1.084 0.073 0 0 0 0
3.444  1.088 0.074 0 0 0 0
3.454  1.094 0.074 0 0 0 0
3.464  1.099 0.077 0 0 0 0
3.473  1.094 0.085 0 0 0 0
3.483  1.077 0.097 1 0 0 0
3.493  1.052 0.103 1 0 0 0
3.503  1.031 0.106 1 0 0 0
3.512  1.011 0.103 1 0 0 0
3.522  0.994 0.098 1 0 0 0
3.532  0.993 0.093 0 0 0 0
3.541  1.005 0.090 0 0 0 0
3.551  1.017 0.092 0 0 0 0
3.561  1.028 0.099 1 0 0 0
3.570  1.039 0.108 1 0 0 0
3.580  1.046 0.116 1 0 0 0
3.590  1.044 0.119 1 0 0 0
3.599  1.032 0.116 1 0 0 0
3.609  1.015 0.110 1 0 0 0
3.619  1.002 0.102 1 0 0 0
3.629  0.994 0.094 0 0 0 0
3.638  0.991 0.088 0 0 0 0
3.648  0.998 0.085 0 0 0 0
3.658  1.011 0.082 0 0 0 0
3.667  1.024 0.080 0 0 0 0
3.677  1.035 0.079 0 0 0 0
3.687  1.057 0.081 0 0 0 0
3.696  1.076 0.086 0 0 0 0
3.706  1.088 0.091 0 0 0 0
3.716  1.095 0.094 0 0 0 0
3.726  1.103 0.093 0 0 0 0
3.735  1.115 0.089 0 0 0 0
3.745  1.123 0.085 0 0 0 0
3.755  1.119 0.083 0 0 0 0
3.764  1.109 0.083 0 0 0 0
3.774  1.103 0.083 0 0 1 0
3.784  1.093 0.084 0 0 1 0
3.794  1.085 0.084 0 0 1 0
3.803  1.089 0.085 0 0 1 0
3.813  1.097 0.088 0 0 1 0
3.823  1.107 0.093 0 0 1 0
3.832  1.116 0.096 1 0 1 0
3.842  1.123 0.098 1 0 1 0
3.852  1.126 0.099 1 0 1 0
3.862  1.125 0.099 1 0 1 0
3.871  1.126 0.098 1 0 1 0
3.881  1.130 0.097 1 0 1 0
3.891  1.143 0.097 1 0 1 0
3.901  1.156 0.098 1 0 1 0
3.910  1.170 0.099 1 0 1 0
3.920  1.181 0.100 1 0 1 0
3.930  1.183 0.102 1 0 1 0
3.939  1.180 0.105 1 0 1 0
3.949  1.167 0.110 1 0 1 0
3.959  1.146 0.114 1 0 1 0
3.969  1.118 0.123 1 0 1 0
3.978  1.094 0.134 1 0 1 0
3.988  1.070 0.140 1 0 1 0
3.998  1.043 0.142 1 0 1 0
4.008  1.029 0.141 1 0 1 0
4.017  1.030 0.141 1 0 1 0
4.027  1.047 0.137 1 0 1 0
4.037  1.071 0.132 1 0 1 0
4.046  1.103 0.129 1 0 1 0
4.056  1.132 0.132 1 0 1 0
4.066  1.153 0.134 1 0 1 0
4.076  1.169 0.139 1 0 1 0
4.085  1.168 0.150 1 0 1 0
4.095  1.166 0.166 1 0 1 0
4.105  1.169 0.184 1 0 1 0
4.115  1.156 0.191 1 0 1 0
4.124  1.133 0.186 1 0 1 0
4.134  1.126 0.188 1 0 1 0
4.144  1.110 0.188 1 0 1 0
4.154  1.066 0.182 1 0 1 0
4.163  1.031 0.188 1 0 1 0
4.173  0.989 0.205 1 0 1 0
4.183  0.930 0.221 1 0 1 0
4.192  0.870 0.233 1 0 1 0
4.202  0.808 0.248 1 0 1 0
4.212  0.738 0.245 1 0 1 0
4.222  0.669 0.229 1 0 1 0
4.231  0.633 0.212 1 0 1 0
4.241  0.633 0.195 1 0 1 0
4.251  0.647 0.186 1 0 1 0
4.261  0.678 0.181 1 0 1 0
4.270  0.714 0.179 1 0 1 0
4.280  0.742 0.175 1 0 1 0
4.290  0.738 0.173 1 0 1 0
4.300  0.720 0.172 1 0 1 0
4.309  0.676 0.181 1 0 1 0
4.319  0.623 0.189 1 0 1 0
4.329  0.557 0.198 1 0 1 0
4.339  0.515 0.198 1 0 1 0
4.348  0.492 0.193 1 0 1 0
4.358  0.497 0.191 1 0 1 0
4.368  0.532 0.205 1 0 1 0
4.377  0.607 0.230 1 0 1 0
4.387  0.705 0.248 1 0 1 0
4.397  0.827 0.263 1 0 1 0
4.407  0.958 0.267 1 0 1 0
4.416  1.066 0.263 1 0 1 0
4.426  1.154 0.266 1 0 1 0
4.436  1.215 0.274 1 0 1 0
4.446  1.255 0.282 1 0 1 0
4.455  1.282 0.295 1 0 1 0
4.465  1.314 0.315 1 0 1 0
4.475  1.351 0.338 1 0 1 0
4.485  1.376 0.360 1 0 1 0
4.494  1.371 0.387 1 0 1 0
4.504  1.345 0.414 1 0 1 0
4.514  1.303 0.442 1 0 1 0
4.524  1.244 0.471 1 0 1 0
4.533  1.204 0.501 1 0 1 0
4.543  1.188 0.527 1 0 1 0
4.553  1.221 0.551 1 0 1 0
4.563  1.296 0.566 1 0 1 0
4.572  1.350 0.563 1 0 1 0
4.582  1.359 0.547 1 0 1 0
4.592  1.287 0.529 1 0 1 0
4.601  1.113 0.510 1 0 1 0
4.611  0.833 0.499 1 0 1 0
4.621  0.526 0.507 1 0 1 0
4.631  0.226 0.527 1 0 1 0
4.640 -0.005 0.553 1 0 1 0
4.650 -0.148 0.576 1 0 1 0
4.660 -0.232 0.591 1 0 1 0
4.670 -0.275 0.592 1 0 1 0
4.679 -0.304 0.594 1 0 1 0
4.689 -0.362 0.602 1 0 1 0
4.699 -0.461 0.617 1 0 1 0
4.709 -0.568 0.643 1 0 1 0
4.718 -0.664 0.667 1 0 1 0
4.728 -0.733 0.668 1 0 1 0
4.738 -0.777 0.654 1 0 1 0
4.747 -0.785 0.633 1 0 1 0
4.757 -0.752 0.611 1 0 1 0
4.767 -0.705 0.606 1 0 1 0
4.777 -0.663 0.616 1 0 1 0
4.786 -0.625 0.641 1 0 1 0
4.796 -0.658 0.667 1 0 1 0
4.806 -0.733 0.687 1 0 1 0
4.816 -0.812 0.684 1 0 1 0
4.825 -0.909 0.676 1 0 1 0
4.835 -1.032 0.663 1 0 1 0
4.845 -1.134 0.670 1 0 1 0
4.854 -1.223 0.697 1 0 1 0
4.864 -1.309 0.740 1 0 1 0
4.874 -1.465 0.821 1 0 1 0
4.884 -1.684 0.951 1 0 1 0
4.893 -1.921 1.107 1 0 1 0
4.903 -2.244 1.313 1 0 1 0
4.913 -2.575 1.555 1 0 1 0
4.922 -2.762 1.782 1 0 1 0
4.932 -2.821 1.945 1 0 1 0
4.942 -2.774 2.036 1 0 1 0
4.952 -2.602 2.015 1 0 1 0
4.961 -2.401 1.911 1 0 1 0
4.971 -2.315 1.796 1 0 1 0
4.981 -2.472 1.704 1 0 1 0
4.991 -2.778 1.657 1 0 1 0
