2.511  0.964 0.193 1 0 0 0
2.520  0.971 0.177 1 0 0 0
2.529  0.981 0.143 1 0 0 0
2.539  0.996 0.110 1 0 0 0
2.548  1.009 0.083 0 0 0 0
2.558  1.015 0.059 0 0 0 0
2.567  1.015 0.041 0 0 0 0
2.576  1.013 0.028 0 0 0 0
2.586  1.005 0.020 0 0 0 0
2.595  1.004 0.016 0 0 0 0
2.605  1.000 0.014 0 0 0 0
2.614  1.017 0.014 0 0 0 0
2.623  1.022 0.016 0 0 0 0
2.633  1.023 0.014 0 0 0 0
2.642  1.008 0.013 0 0 0 0
2.652  1.005 0.013 0 0 0 0
2.661  1.006 0.011 0 0 0 0
2.671  1.003 0.012 0 0 0 0
2.680  1.001 0.014 0 0 0 0
2.689  1.002 0.015 0 0 0 0
2.699  1.007 0.015 0 0 0 0
2.708  1.011 0.015 0 0 0 0
2.718  1.013 0.015 0 0 0 0
2.727  1.009 0.014 0 0 0 0
2.737  1.002 0.013 0 0 0 0
2.746  0.997 0.012 0 0 0 0
2.756  0.989 0.012 0 0 0 0
2.765  0.981 0.013 0 0 0 0
2.775  0.972 0.012 0 0 0 0
2.784  0.968 0.012 0 0 0 0
2.794  0.967 0.012 0 0 0 0
2.803  0.970 0.012 0 0 0 0
2.813  0.976 0.012 0 0 0 0
2.822  0.983 0.012 0 0 0 0
2.832  0.991 0.013 0 0 0 0
2.841  0.998 0.014 0 0 0 0
2.851  1.001 0.014 0 0 0 0
2.860  1.007 0.014 0 0 0 0
2.870  1.007 0.014 0 0 0 0
2.879  1.006 0.014 0 0 0 0
2.889  1.001 0.014 0 0 0 0
2.898  1.001 0.014 0 0 0 0
2.908  1.003 0.014 0 0 0 0
2.917  1.006 0.014 0 0 0 0
2.927  1.008 0.014 0 0 0 0
2.937  1.009 0.015 0 0 0 0
2.946  1.007 0.015 0 0 0 0
2.956  1.004 0.015 0 0 0 0
2.965  1.000 0.015 0 0 0 0
2.975  0.996 0.015 0 0 0 0
2.984  0.994 0.014 0 0 0 0
2.994  0.990 0.014 0 0 0 0
3.004  0.986 0.014 0 0 0 0
3.013  0.980 0.014 0 0 0 0
3.023  0.975 0.013 0 0 0 0
3.032  0.972 0.013 0 0 0 0
3.042  0.967 0.013 0 0 0 0
3.051  0.960 0.013 0 0 0 0
3.061  0.954 0.013 0 0 0 0
3.071  0.952 0.014 0 0 0 0
3.080  0.950 0.014 0 0 0 0
3.090  0.950 0.016 0 0 0 0
3.099  0.953 0.017 0 0 0 0
3.109  0.958 0.020 0 0 0 0
3.119  0.967 0.022 0 0 0 0
3.128  0.977 0.024 0 0 0 0
3.138  0.989 0.024 0 0 0 0
3.147  0.999 0.023 0 0 0 0
3.157  1.009 0.022 0 0 0 0
3.167  1.013 0.022 0 0 0 0
3.176  1.014 0.021 0 0 0 0
3.186  1.011 0.022 0 0 0 0
3.196  1.007 0.021 0 0 0 0
3.205  1.003 0.020 0 0 0 0
3.215  1.000 0.019 0 0 0 0
3.224  0.998 0.018 0 0 0 0
3.234  0.997 0.016 0 0 0 0
3.244  0.998 0.015 0 0 0 0
3.253  0.997 0.015 0 0 0 0
3.263  0.996 0.015 0 0 0 0
3.273  0.995 0.016 0 0 0 0
3.282  0.999 0.017 0 0 0 0
3.292  0.999 0.017 0 0 0 0
3.302  0.996 0.017 0 0 0 0
3.311  0.995 0.017 0 0 0 0
3.321  0.993 0.017 0 0 0 0
3.331  0.995 0.017 0 0 0 0
3.340  0.995 0.016 0 0 0 0
3.350  0.997 0.015 0 0 0 0
3.360  1.000 0.015 0 0 0 0
3.369  1.001 0.014 0 0 0 0
3.379  1.001 0.014 0 0 0 0
3.389  1.003 0.014 0 0 0 0
3.398  1.004 0.014 0 0 0 0
3.408  1.005 0.014 0 0 0 0
3.418  1.001 0.014 0 0 0 0
3.427  0.999 0.015 0 0 0 0
3.437  0.999 0.014 0 0 0 0
3.447  1.000 0.014 0 0 0 0
3.456  1.002 0.014 0 0 0 0
3.466  1.006 0.015 0 0 0 0
3.476  1.008 0.015 0 0 0 0
3.485  1.011 0.016 0 0 0 0
3.495  1.011 0.016 0 0 0 0
3.505  1.010 0.017 0 0 0 0
3.514  1.009 0.017 0 0 0 0
3.524  1.009 0.017 0 0 0 0
3.534  1.007 0.016 0 0 0 0
3.543  1.007 0.016 0 0 0 0
3.553  1.008 0.016 0 0 0 0
3.563  1.008 0.016 0 0 0 0
3.572  1.007 0.016 0 0 0 0
3.582  1.006 0.017 0 0 0 0
3.592  1.003 0.017 0 0 0 0
3.602  1.000 0.016 0 0 0 0
3.611  0.997 0.016 0 0 0 0
3.621  0.995 0.016 0 0 0 0
3.631  0.993 0.015 0 0 0 0
3.640  0.994 0.015 0 0 0 0
3.650  0.993 0.015 0 0 0 0
3.660  0.991 0.015 0 0 0 0
3.669  0.992 0.014 0 0 0 0
3.679  0.992 0.014 0 0 0 0
3.689  1.000 0.013 0 0 0 0
3.699  1.006 0.013 0 0 0 0
3.708  1.012 0.013 0 0 0 0
3.718  1.009 0.013 0 0 0 0
3.728  1.013 0.014 0 0 0 0
3.737  1.016 0.014 0 0 0 0
3.747  1.012 0.013 0 0 0 0
3.757  0.999 0.013 0 0 0 0
3.767  0.989 0.013 0 0 0 0
3.776  0.985 0.012 0 0 0 0
3.786  0.986 0.013 0 0 0 0
3.796  0.987 0.013 0 0 0 0
3.805  0.991 0.013 0 0 0 0
3.815  0.993 0.013 0 0 0 0
3.825  0.995 0.014 0 0 0 0
3.835  0.993 0.013 0 0 0 0
3.844  0.991 0.013 0 0 0 0
3.854  0.987 0.013 0 0 0 0
3.864  0.982 0.013 0 0 0 0
3.873  0.980 0.013 0 0 0 0
3.883  0.976 0.013 0 0 0 0
3.893  0.976 0.014 0 0 0 0
3.903  0.975 0.016 0 0 0 0
3.912  0.975 0.017 0 0 0 0
3.922  0.978 0.017 0 0 0 0
3.932  0.981 0.018 0 0 0 0
3.942  0.983 0.019 0 0 0 0
3.951  0.985 0.018 0 0 0 0
3.961  0.985 0.017 0 0 0 0
3.971  0.979 0.017 0 0 0 0
3.980  0.975 0.016 0 0 0 0
3.990  0.972 0.014 0 0 0 0
4.000  0.967 0.014 0 0 0 0
4.010  0.962 0.013 0 0 0 0
4.019  0.958 0.013 0 0 0 0
4.029  0.957 0.013 0 0 0 0
4.039  0.963 0.015 0 0 0 0
4.049  0.969 0.016 0 0 0 0
4.058  0.974 0.016 0 0 0 0
4.068  0.973 0.016 0 0 0 0
4.078  0.976 0.016 0 0 0 0
4.088  0.978 0.016 0 0 0 0
4.097  0.980 0.017 0 0 0 0
4.107  0.980 0.018 0 0 0 0
4.117  0.978 0.020 0 0 0 0
4.126  0.974 0.024 0 0 0 0
4.136  0.970 0.027 0 0 0 0
4.146  0.964 0.027 0 0 0 0
4.156  0.956 0.026 0 0 0 0
4.165  0.948 0.024 0 0 0 0
4.175  0.941 0.022 0 0 0 0
4.185  0.934 0.021 0 0 0 0
4.195  0.930 0.021 0 0 0 0
4.204  0.927 0.021 0 0 0 0
4.214  0.925 0.022 0 0 0 0
4.224  0.923 0.022 0 0 0 0
4.234  0.925 0.023 0 0 0 0
4.243  0.930 0.023 0 0 0 0
4.253  0.931 0.025 0 0 0 0
4.263  0.930 0.025 0 0 0 0
4.273  0.927 0.024 0 0 0 0
4.282  0.929 0.025 0 0 0 0
4.292  0.935 0.026 0 0 1 0
4.302  0.940 0.026 0 0 1 0
4.311  0.937 0.026 0 0 1 0
4.321  0.934 0.025 0 0 1 0
4.331  0.935 0.024 0 0 1 0
4.341  0.948 0.024 0 0 1 0
4.350  0.962 0.025 0 0 1 0
4.360  0.977 0.025 0 0 1 0
4.370  0.982 0.026 0 0 1 0
4.380  0.988 0.026 0 0 1 0
4.389  0.995 0.027 0 0 1 0
4.399  1.011 0.026 0 0 1 0
4.409  1.026 0.026 0 0 1 0
4.419  1.035 0.026 0 0 1 0
4.428  1.031 0.026 0 0 1 0
4.438  1.028 0.025 0 0 1 0
4.448  1.026 0.025 0 0 1 0
4.458  1.033 0.025 0 0 1 0
4.467  1.038 0.026 0 0 1 0
4.477  1.041 0.027 0 0 1 0
4.487  1.036 0.029 0 0 1 0
4.496  1.031 0.033 0 0 1 0
4.506  1.025 0.036 0 0 1 0
4.516  1.026 0.037 0 0 1 0
4.526  1.023 0.038 0 0 1 0
4.535  1.020 0.038 0 0 1 0
4.545  1.009 0.039 0 0 1 0
4.555  1.008 0.040 0 0 1 0
4.565  1.009 0.040 0 0 1 0
4.574  1.016 0.041 0 0 1 0
4.584  1.022 0.039 0 0 1 0
4.594  1.022 0.038 0 0 1 0
4.604  1.011 0.036 0 0 1 0
4.613  0.995 0.035 0 0 1 0
4.623  0.979 0.034 0 0 1 0
4.633  0.964 0.034 0 0 1 0
4.643  0.962 0.034 0 0 1 0
4.652  0.959 0.035 0 0 1 0
4.662  0.959 0.035 0 0 1 0
4.672  0.956 0.035 0 0 1 0
4.681  0.959 0.035 0 0 1 0
4.691  0.966 0.036 0 0 1 0
4.701  0.977 0.036 0 0 1 0
4.711  0.987 0.036 0 0 1 0
4.720  0.993 0.035 0 0 1 0
4.730  0.997 0.034 0 0 1 0
4.740  0.998 0.034 0 0 1 0
4.750  1.002 0.033 0 0 1 0
4.759  1.009 0.033 0 0 1 0
4.769  1.019 0.034 0 0 1 0
4.779  1.028 0.038 0 0 1 0
4.788  1.039 0.042 0 0 1 0
4.798  1.046 0.043 0 0 1 0
4.808  1.046 0.045 0 0 1 0
4.818  1.045 0.046 0 0 1 0
4.827  1.046 0.044 0 0 1 0
4.837  1.045 0.042 0 0 1 0
4.847  1.045 0.042 0 0 1 0
4.857  1.052 0.041 0 0 1 0
4.866  1.056 0.040 0 0 1 0
4.876  1.059 0.042 0 0 1 0
4.886  1.067 0.048 0 0 1 0
4.895  1.075 0.055 0 0 1 0
4.905  1.084 0.064 0 0 1 0
4.915  1.099 0.074 0 0 1 0
4.925  1.112 0.082 0 0 1 0
4.934  1.119 0.086 0 0 1 0
4.944  1.125 0.088 0 0 1 0
4.954  1.129 0.088 0 0 1 0
4.964  1.132 0.088 0 0 1 0
4.973  1.144 0.089 0 0 1 0
4.983  1.148 0.090 0 0 1 0
4.993  1.149 0.091 0 0 1 0
