2.510  1.042 0.270 1 0 0 0
2.520  1.048 0.247 1 0 0 0
2.529  1.050 0.193 1 0 0 0
2.538  1.033 0.149 1 0 0 0
2.548  1.028 0.115 1 0 0 0
2.557  1.023 0.090 0 0 0 0
2.566  1.007 0.070 0 0 0 0
2.576  1.010 0.059 0 0 0 0
2.585  1.008 0.054 0 0 0 0
2.595  1.010 0.053 0 0 0 0
2.604  1.000 0.052 0 0 0 0
2.613  1.004 0.052 0 0 0 0
2.623  0.999 0.053 0 0 0 0
2.632  0.995 0.054 0 0 0 0
2.642  0.979 0.054 0 0 0 0
2.651  0.975 0.054 0 0 0 0
2.661  0.969 0.056 0 0 0 0
2.670  0.970 0.056 0 0 0 0
2.679  0.973 0.057 0 0 0 0
2.689  0.979 0.057 0 0 0 0
2.698  0.989 0.057 0 0 0 0
2.708  0.998 0.056 0 0 0 0
2.717  1.008 0.055 0 0 0 0
2.727  1.009 0.055 0 0 0 0
2.736  1.011 0.055 0 0 0 0
2.746  1.013 0.056 0 0 0 0
2.755  1.015 0.056 0 0 0 0
2.765  1.014 0.057 0 0 0 0
2.774  1.011 0.058 0 0 0 0
2.784  1.004 0.058 0 0 0 0
2.793  0.995 0.058 0 0 0 0
2.803  0.988 0.058 0 0 0 0
2.812  0.987 0.058 0 0 0 0
2.822  0.987 0.058 0 0 0 0
2.831  0.992 0.059 0 0 0 0
2.841  1.004 0.060 0 0 0 0
2.850  1.018 0.061 0 0 0 0
2.860  1.035 0.064 0 0 0 0
2.869  1.050 0.065 0 0 0 0
2.879  1.065 0.065 0 0 0 0
2.888  1.071 0.064 0 0 0 0
2.898  1.080 0.064 0 0 0 0
2.907  1.086 0.064 0 0 0 0
2.917  1.091 0.065 0 0 0 0
2.927  1.095 0.067 0 0 0 0
2.936  1.100 0.071 0 0 0 0
2.946  1.097 0.078 0 0 0 0
2.955  1.091 0.085 0 0 0 0
2.965  1.084 0.092 0 0 0 0
2.974  1.077 0.097 1 0 0 0
2.984  1.071 0.097 1 0 0 0
2.993  1.066 0.094 0 0 0 0
3.003  1.062 0.088 0 0 0 0
3.013  1.054 0.081 0 0 0 0
3.022  1.045 0.076 0 0 0 0
3.032  1.040 0.074 0 0 0 0
3.041  1.031 0.072 0 0 0 0
3.051  1.023 0.073 0 0 0 0
3.061  1.013 0.074 0 0 0 0
3.070  1.020 0.076 0 0 0 0
3.080  1.030 0.079 0 0 0 0
3.089  1.047 0.081 0 0 0 0
3.099  1.063 0.084 0 0 0 0
3.109  1.087 0.085 0 0 0 0
3.118  1.104 0.084 0 0 0 0
3.128  1.118 0.085 0 0 0 0
3.137  1.120 0.084 0 0 0 0
3.147  1.117 0.084 0 0 0 0
3.157  1.114 0.085 0 0 0 0
3.166  1.111 0.085 0 0 0 0
3.176  1.106 0.082 0 0 0 0
3.185  1.104 0.079 0 0 0 0
3.195  1.103 0.078 0 0 0 0
3.205  1.108 0.080 0 0 0 0
3.214  1.112 0.083 0 0 0 0
3.224  1.115 0.084 0 0 0 0
3.234  1.107 0.084 0 0 0 0
3.243  1.098 0.084 0 0 0 0
3.253  1.085 0.083 0 0 0 0
3.263  1.067 0.083 0 0 0 0
3.272  1.054 0.084 0 0 0 0
3.282  1.047 0.085 0 0 0 0
3.291  1.037 0.088 0 0 0 0
3.301  1.021 0.095 0 0 0 0
3.311  1.017 0.107 1 0 0 0
3.320  1.010 0.119 1 0 0 0
3.330  1.015 0.132 1 0 0 0
3.340  1.027 0.137 1 0 0 0
3.349  1.050 0.136 1 0 0 0
3.359  1.065 0.128 1 0 0 0
3.369  1.077 0.119 1 0 0 0
3.378  1.077 0.107 1 0 0 0
3.388  1.070 0.100 1 0 0 0
3.398  1.054 0.094 0 0 0 0
3.407  1.038 0.092 0 0 0 0
3.417  1.021 0.091 0 0 0 0
3.427  1.017 0.092 0 0 0 0
3.436  1.027 0.092 0 0 0 0
3.446  1.042 0.092 0 0 0 0
3.456  1.065 0.093 0 0 0 0
3.465  1.086 0.095 0 0 0 0
3.475  1.102 0.099 1 0 0 0
3.485  1.103 0.103 1 0 0 0
3.494  1.095 0.107 1 0 0 0
3.504  1.083 0.106 1 0 0 0
3.514  1.069 0.102 1 0 0 0
3.524  1.054 0.099 1 0 0 0
3.533  1.044 0.098 1 0 0 0
3.543  1.044 0.098 1 0 0 0
3.553  1.060 0.102 1 0 0 0
3.562  1.080 0.106 1 0 0 0
3.572  1.101 0.113 1 0 0 0
3.582  1.122 0.115 1 0 0 0
3.591  1.137 0.114 1 0 0 0
3.601  1.138 0.108 1 0 0 0
3.611  1.129 0.101 1 0 0 0
3.620  1.112 0.096 1 0 0 0
3.630  1.092 0.098 1 0 0 0
3.640  1.069 0.101 1 0 0 0
3.650  1.045 0.101 1 0 0 0
3.659  1.025 0.099 1 0 0 0
3.669  1.012 0.097 1 0 0 0
3.679  1.004 0.102 1 0 0 0
3.688  1.008 0.118 1 0 0 0
3.698  1.016 0.136 1 0 0 0
3.708  1.032 0.154 1 0 0 0
3.718  1.045 0.162 1 0 0 0
3.727  1.067 0.166 1 0 0 0
3.737  1.088 0.162 1 0 0 0
3.747  1.089 0.156 1 0 0 0
3.756  1.072 0.153 1 0 0 0
3.766  1.049 0.152 1 0 0 0
3.776  1.019 0.149 1 0 0 0
3.786  0.995 0.149 1 0 0 0
3.795  0.987 0.148 1 0 0 0
3.805  0.989 0.140 1 0 0 0
3.815  1.005 0.128 1 0 0 0
3.824  1.029 0.116 1 0 0 0
3.834  1.052 0.108 1 0 0 0
3.844  1.071 0.105 1 0 0 0
3.854  1.082 0.107 1 0 0 0
3.863  1.081 0.110 1 0 0 0
3.873  1.082 0.112 1 0 0 0
3.883  1.082 0.114 1 0 0 0
3.892  1.084 0.118 1 0 0 0
3.902  1.083 0.121 1 0 0 0
3.912  1.089 0.123 1 0 0 0
3.922  1.097 0.129 1 0 0 0
3.931  1.097 0.133 1 0 0 0
3.941  1.106 0.140 1 0 0 0
3.951  1.117 0.144 1 0 0 0
3.961  1.126 0.142 1 0 0 0
3.970  1.128 0.136 1 0 0 0
3.980  1.137 0.131 1 0 0 0
3.990  1.143 0.123 1 0 0 0
3.999  1.141 0.118 1 0 0 0
4.009  1.125 0.117 1 0 0 0
4.019  1.107 0.118 1 0 0 0
4.029  1.087 0.118 1 0 0 0
4.038  1.076 0.120 1 0 0 0
4.048  1.068 0.122 1 0 0 0
4.058  1.062 0.129 1 0 0 0
4.068  1.042 0.142 1 0 0 0
4.077  1.038 0.154 1 0 0 0
4.087  1.020 0.164 1 0 0 0
4.097  1.021 0.179 1 0 0 0
4.107  1.021 0.186 1 0 0 0
4.116  1.012 0.191 1 0 0 0
4.126  1.003 0.186 1 0 1 0
4.136  1.000 0.176 1 0 1 0
4.145  0.976 0.161 1 0 1 0
4.155  0.953 0.147 1 0 1 0
4.165  0.932 0.136 1 0 1 0
4.175  0.898 0.132 1 0 1 0
4.184  0.858 0.135 1 0 1 0
4.194  0.814 0.142 1 0 1 0
4.204  0.776 0.145 1 0 1 0
4.214  0.746 0.150 1 0 1 0
4.223  0.728 0.151 1 0 1 0
4.233  0.722 0.155 1 0 1 0
4.243  0.729 0.162 1 0 1 0
4.253  0.747 0.177 1 0 1 0
4.262  0.769 0.187 1 0 1 0
4.272  0.782 0.194 1 0 1 0
4.282  0.793 0.180 1 0 1 0
4.292  0.800 0.162 1 0 1 0
4.301  0.790 0.146 1 0 1 0
4.311  0.766 0.143 1 0 1 0
4.321  0.739 0.150 1 0 1 0
4.330  0.732 0.165 1 0 1 0
4.340  0.733 0.187 1 0 1 0
4.350  0.754 0.204 1 0 1 0
4.360  0.790 0.223 1 0 1 0
4.369  0.835 0.238 1 0 1 0
4.379  0.871 0.239 1 0 1 0
4.389  0.919 0.224 1 0 1 0
4.399  0.970 0.206 1 0 1 0
4.408  1.030 0.190 1 0 1 0
4.418  1.098 0.180 1 0 1 0
4.428  1.135 0.174 1 0 1 0
4.438  1.168 0.176 1 0 1 0
4.447  1.195 0.177 1 0 1 0
4.457  1.188 0.180 1 0 1 0
4.467  1.140 0.183 1 0 1 0
4.477  1.084 0.189 1 0 1 0
4.486  1.010 0.199 1 0 1 0
4.496  0.941 0.210 1 0 1 0
4.506  0.898 0.225 1 0 1 0
4.515  0.869 0.244 1 0 1 0
4.525  0.871 0.276 1 0 1 0
4.535  0.884 0.321 1 0 1 0
4.545  0.918 0.365 1 0 1 0
4.554  0.972 0.409 1 0 1 0
4.564  1.022 0.446 1 0 1 0
4.574  1.057 0.463 1 0 1 0
4.584  1.085 0.461 1 0 1 0
4.593  1.077 0.432 1 0 1 0
4.603  1.050 0.378 1 0 1 0
4.613  1.016 0.309 1 0 1 0
4.623  0.992 0.245 1 0 1 0
4.632  0.989 0.231 1 0 1 0
4.642  0.998 0.282 1 0 1 0
4.652  0.988 0.356 1 0 1 0
4.662  0.990 0.438 1 0 1 0
4.671  0.984 0.488 1 0 1 0
4.681  0.990 0.514 1 0 1 0
4.691  1.012 0.515 1 0 1 0
4.700  1.061 0.504 1 0 1 0
4.710  1.098 0.484 1 0 1 0
4.720  1.146 0.465 1 0 1 0
4.730  1.176 0.433 1 0 1 0
4.739  1.188 0.405 1 0 1 0
4.749  1.182 0.381 1 0 1 0
4.759  1.166 0.358 1 0 1 0
4.769  1.182 0.344 1 0 1 0
4.778  1.192 0.333 1 0 1 0
4.788  1.189 0.329 1 0 1 0
4.798  1.142 0.320 1 0 1 0
4.807  1.072 0.319 1 0 1 0
4.817  0.968 0.317 1 0 1 0
4.827  0.836 0.325 1 0 1 0
4.837  0.702 0.333 1 0 1 0
4.846  0.625 0.368 1 0 1 0
4.856  0.596 0.410 1 0 1 0
4.866  0.553 0.459 1 0 1 0
4.876  0.497 0.553 1 0 1 0
4.885  0.445 0.651 1 0 1 0
4.895  0.384 0.702 1 0 1 0
4.905  0.278 0.767 1 0 1 0
4.914  0.187 0.827 1 0 1 0
4.924  0.187 0.800 1 0 1 0
4.934  0.223 0.767 1 0 1 0
4.944  0.304 0.743 1 0 1 0
4.953  0.439 0.704 1 0 1 0
4.963  0.616 0.660 1 0 1 0
4.973  0.780 0.603 1 0 1 0
4.982  0.799 0.597 1 0 1 0
4.992  0.811 0.594 1 0 1 0
