2.516  0.980 0.229 1 0 0 0
2.525  0.969 0.207 1 0 0 0
2.535  0.971 0.176 1 0 0 0
2.544  0.974 0.147 1 0 0 0
2.554  0.975 0.122 1 0 0 0
2.563  0.978 0.101 1 0 0 0
2.572  0.986 0.082 0 0 0 0
2.582  0.987 0.073 0 0 0 0
2.591  0.995 0.070 0 0 0 0
2.601  1.000 0.069 0 0 0 0
2.610  1.011 0.070 0 0 0 0
2.619  1.022 0.070 0 0 0 0
2.629  1.034 0.071 0 0 0 0
2.638  1.035 0.071 0 0 0 0
2.648  1.031 0.071 0 0 0 0
2.657  1.029 0.072 0 0 0 0
2.666  1.031 0.075 0 0 0 0
2.676  1.033 0.081 0 0 0 0
2.685  1.033 0.090 0 0 0 0
2.695  1.035 0.099 1 0 0 0
2.704  1.038 0.105 1 0 0 0
2.714  1.042 0.109 1 0 0 0
2.723  1.042 0.108 1 0 0 0
2.733  1.038 0.102 1 0 0 0
2.742  1.034 0.096 1 0 0 0
2.752  1.033 0.089 0 0 0 0
2.761  1.032 0.085 0 0 0 0
2.771  1.031 0.081 0 0 0 0
2.780  1.023 0.080 0 0 0 0
2.790  1.018 0.079 0 0 0 0
2.799  1.011 0.079 0 0 0 0
2.809  1.004 0.081 0 0 0 0
2.818  0.996 0.087 0 0 0 0
2.828  0.998 0.099 1 0 0 0
2.837  1.004 0.113 1 0 0 0
2.847  1.013 0.125 1 0 0 0
2.856  1.026 0.133 1 0 0 0
2.866  1.044 0.132 1 0 0 0
2.875  1.060 0.126 1 0 0 0
2.885  1.072 0.117 1 0 0 0
2.894  1.080 0.108 1 0 0 0
2.904  1.085 0.100 1 0 0 0
2.913  1.090 0.095 1 0 0 0
2.923  1.086 0.093 0 0 0 0
2.932  1.080 0.091 0 0 0 0
2.942  1.069 0.091 0 0 0 0
2.952  1.065 0.091 0 0 0 0
2.961  1.058 0.091 0 0 0 0
2.971  1.054 0.090 0 0 0 0
2.980  1.052 0.090 0 0 0 0
2.990  1.049 0.091 0 0 0 0
2.999  1.046 0.091 0 0 0 0
3.009  1.045 0.091 0 0 0 0
3.019  1.045 0.090 0 0 0 0
3.028  1.052 0.090 0 0 0 0
3.038  1.059 0.089 0 0 0 0
3.047  1.066 0.090 0 0 0 0
3.057  1.067 0.091 0 0 0 0
3.067  1.074 0.095 0 0 0 0
3.076  1.083 0.098 1 0 0 0
3.086  1.088 0.100 1 0 0 0
3.095  1.092 0.104 1 0 0 0
3.105  1.090 0.107 1 0 0 0
3.115  1.085 0.111 1 0 0 0
3.124  1.085 0.116 1 0 0 0
3.134  1.080 0.116 1 0 0 0
3.143  1.082 0.117 1 0 0 0
3.153  1.095 0.114 1 0 0 0
3.163  1.110 0.108 1 0 0 0
3.172  1.124 0.104 1 0 0 0
3.182  1.137 0.104 1 0 0 0
3.191  1.146 0.106 1 0 0 0
3.201  1.153 0.108 1 0 0 0
3.211  1.155 0.109 1 0 0 0
3.220  1.149 0.108 1 0 0 0
3.230  1.141 0.108 1 0 0 0
3.240  1.133 0.111 1 0 0 0
3.249  1.122 0.118 1 0 0 0
3.259  1.110 0.135 1 0 0 0
3.269  1.101 0.155 1 0 0 0
3.278  1.095 0.179 1 0 0 0
3.288  1.094 0.204 1 0 0 0
3.297  1.084 0.216 1 0 0 0
3.307  1.080 0.216 1 0 0 0
3.317  1.075 0.199 1 0 0 0
3.326  1.078 0.165 1 0 0 0
3.336  1.082 0.140 1 0 0 0
3.346  1.091 0.124 1 0 0 0
3.355  1.105 0.119 1 0 0 0
3.365  1.115 0.122 1 0 0 0
3.375  1.117 0.124 1 0 0 0
3.384  1.113 0.125 1 0 0 0
3.394  1.107 0.125 1 0 0 0
3.404  1.102 0.129 1 0 0 0
3.413  1.095 0.132 1 0 0 0
3.423  1.081 0.134 1 0 0 0
3.433  1.068 0.134 1 0 0 0
3.442  1.061 0.132 1 0 0 0
3.452  1.054 0.129 1 0 0 0
3.462  1.039 0.126 1 0 0 0
3.471  1.036 0.126 1 0 0 0
3.481  1.040 0.129 1 0 0 0
3.491  1.047 0.134 1 0 0 0
3.501  1.053 0.140 1 0 0 0
3.510  1.064 0.144 1 0 0 0
3.520  1.076 0.143 1 0 0 0
3.530  1.095 0.142 1 0 0 0
3.539  1.110 0.137 1 0 0 0
3.549  1.126 0.133 1 0 0 0
3.559  1.142 0.129 1 0 0 0
3.568  1.159 0.129 1 0 0 0
3.578  1.164 0.130 1 0 0 0
3.588  1.176 0.130 1 0 0 0
3.597  1.184 0.130 1 0 0 0
3.607  1.188 0.129 1 0 0 0
3.617  1.191 0.133 1 0 0 0
3.627  1.195 0.144 1 0 0 0
3.636  1.191 0.155 1 0 0 0
3.646  1.191 0.169 1 0 0 0
3.656  1.190 0.178 1 0 0 0
3.665  1.187 0.176 1 0 0 0
3.675  1.177 0.169 1 0 0 0
3.685  1.171 0.160 1 0 0 0
3.694  1.167 0.152 1 0 0 0
3.704  1.161 0.148 1 0 0 0
3.714  1.151 0.145 1 0 0 0
3.724  1.144 0.143 1 0 0 0
3.733  1.139 0.143 1 0 0 0
3.743  1.126 0.142 1 0 0 0
3.753  1.108 0.139 1 0 0 0
3.762  1.090 0.136 1 0 0 0
3.772  1.080 0.136 1 0 0 0
3.782  1.076 0.136 1 0 0 0
3.792  1.066 0.137 1 0 0 0
3.801  1.060 0.139 1 0 0 0
3.811  1.054 0.140 1 0 0 0
3.821  1.050 0.140 1 0 0 0
3.830  1.052 0.140 1 0 0 0
3.840  1.073 0.142 1 0 0 0
3.850  1.099 0.150 1 0 0 0
3.860  1.132 0.164 1 0 0 0
3.869  1.170 0.181 1 0 0 0
3.879  1.207 0.193 1 0 0 0
3.889  1.233 0.198 1 0 0 0
3.898  1.247 0.200 1 0 0 0
3.908  1.248 0.193 1 0 0 0
3.918  1.236 0.182 1 0 0 0
3.928  1.212 0.171 1 0 1 0
3.937  1.182 0.163 1 0 1 0
3.947  1.153 0.158 1 0 1 0
3.957  1.125 0.157 1 0 1 0
3.967  1.095 0.158 1 0 1 0
3.976  1.069 0.157 1 0 1 0
3.986  1.051 0.157 1 0 1 0
3.996  1.033 0.157 1 0 1 0
4.006  1.014 0.157 1 0 1 0
4.015  0.999 0.159 1 0 1 0
4.025  0.991 0.162 1 0 1 0
4.035  1.002 0.164 1 0 1 0
4.044  1.026 0.167 1 0 1 0
4.054  1.057 0.170 1 0 1 0
4.064  1.078 0.171 1 0 1 0
4.074  1.090 0.167 1 0 1 0
4.083  1.085 0.166 1 0 1 0
4.093  1.077 0.167 1 0 1 0
4.103  1.059 0.170 1 0 1 0
4.113  1.031 0.175 1 0 1 0
4.122  1.019 0.183 1 0 1 0
4.132  1.012 0.181 1 0 1 0
4.142  1.006 0.175 1 0 1 0
4.152  0.995 0.173 1 0 1 0
4.161  0.990 0.175 1 0 1 0
4.171  0.974 0.184 1 0 1 0
4.181  0.955 0.188 1 0 1 0
4.190  0.930 0.189 1 0 1 0
4.200  0.917 0.182 1 0 1 0
4.210  0.911 0.177 1 0 1 0
4.220  0.914 0.179 1 0 1 0
4.229  0.934 0.186 1 0 1 0
4.239  0.972 0.198 1 0 1 0
4.249  1.016 0.204 1 0 1 0
4.259  1.056 0.203 1 0 1 0
4.268  1.078 0.196 1 0 1 0
4.278  1.088 0.189 1 0 1 0
4.288  1.102 0.190 1 0 1 0
4.298  1.089 0.190 1 0 1 0
4.307  1.060 0.190 1 0 1 0
4.317  1.022 0.190 1 0 1 0
4.327  0.978 0.191 1 0 1 0
4.337  0.930 0.195 1 0 1 0
4.346  0.908 0.203 1 0 1 0
4.356  0.910 0.209 1 0 1 0
4.366  0.892 0.212 1 0 1 0
4.375  0.864 0.212 1 0 1 0
4.385  0.853 0.217 1 0 1 0
4.395  0.848 0.228 1 0 1 0
4.405  0.839 0.232 1 0 1 0
4.414  0.847 0.231 1 0 1 0
4.424  0.867 0.228 1 0 1 0
4.434  0.900 0.226 1 0 1 0
4.444  0.952 0.223 1 0 1 0
4.453  1.008 0.224 1 0 1 0
4.463  1.081 0.228 1 0 1 0
4.473  1.152 0.232 1 0 1 0
4.483  1.201 0.236 1 0 1 0
4.492  1.223 0.244 1 0 1 0
4.502  1.249 0.252 1 0 1 0
4.512  1.250 0.267 1 0 1 0
4.522  1.253 0.284 1 0 1 0
4.531  1.242 0.291 1 0 1 0
4.541  1.217 0.288 1 0 1 0
4.551  1.171 0.282 1 0 1 0
4.561  1.134 0.272 1 0 1 0
4.570  1.088 0.267 1 0 1 0
4.580  1.046 0.263 1 0 1 0
4.590  0.991 0.260 1 0 1 0
4.599  0.950 0.261 1 0 1 0
4.609  0.919 0.261 1 0 1 0
4.619  0.899 0.264 1 0 1 0
4.629  0.884 0.267 1 0 1 0
4.638  0.873 0.274 1 0 1 0
4.648  0.884 0.280 1 0 1 0
4.658  0.907 0.288 1 0 1 0
4.668  0.917 0.293 1 0 1 0
4.677  0.937 0.294 1 0 1 0
4.687  0.973 0.292 1 0 1 0
4.697  0.999 0.290 1 0 1 0
4.707  0.998 0.291 1 0 1 0
4.716  0.994 0.293 1 0 1 0
4.726  0.986 0.297 1 0 1 0
4.736  0.962 0.301 1 0 1 0
4.745  0.911 0.304 1 0 1 0
4.755  0.872 0.303 1 0 1 0
4.765  0.815 0.306 1 0 1 0
4.775  0.762 0.311 1 0 1 0
4.784  0.741 0.316 1 0 1 0
4.794  0.743 0.323 1 0 1 0
4.804  0.727 0.333 1 0 1 0
4.814  0.731 0.339 1 0 1 0
4.823  0.710 0.343 1 0 1 0
4.833  0.674 0.348 1 0 1 0
4.843  0.625 0.350 1 0 1 0
4.852  0.584 0.352 1 0 1 0
4.862  0.548 0.358 1 0 1 0
4.872  0.554 0.366 1 0 1 0
4.882  0.589 0.377 1 0 1 0
4.891  0.671 0.394 1 0 1 0
4.901  0.773 0.419 1 0 1 0
4.911  0.886 0.451 1 0 1 0
4.920  1.007 0.493 1 0 1 0
4.930  1.085 0.537 1 0 1 0
4.940  1.078 0.576 1 0 1 0
4.950  1.040 0.614 1 0 1 0
4.959  0.947 0.638 1 0 1 0
4.969  0.804 0.657 1 0 1 0
4.979  0.673 0.669 1 0 1 0
4.989  0.571 0.687 1 0 1 0
4.998  0.437 0.714 1 0 1 0
