    0.7800   -1.0000   -1.0000    0.0000
    0.7850   -1.0000   -1.0000    0.0000
    0.7900   -1.0000   -1.0000    0.0000
    0.7950   -1.0000   -1.0000    0.0000
    0.8000   -1.0000   -1.0000    0.0000
    0.8050   -1.0000   -1.0000    0.0000
    0.8100   -1.0000   -1.0000    0.0000
    0.8150   -1.0000   -1.0000    0.0000
    0.8200   -1.0000   -1.0000    0.0000
    0.8250   -1.0000   -1.0000    0.0000
    0.8300   -1.0000   -1.0000    0.0000
    0.8350   -1.0000   -1.0000    0.0000
    0.8400   -1.0000   -1.0000    0.0000
    0.8450   -1.0000   -1.0000    0.0000
    0.8500    0.8817    0.0239    1.0000
    0.8550    0.8653    0.0175    1.0000
    0.8600    0.8746    0.0068    1.0000
    0.8650    0.8658    0.0136    1.0000
    0.8700    0.8734    0.0308    1.0000
    0.8750    0.8410    0.0318    1.0000
    0.8800    0.8020    0.0287    1.0000
    0.8850    0.8111    0.0159    1.0000
    0.8900    0.8175    0.0149    1.0000
    0.8950    0.8327    0.0152    1.0000
    0.9000    0.8378    0.0167    1.0000
    0.9050    0.8009    0.0160    1.0000
    0.9100    0.8412    0.0160    1.0000
    0.9150    0.8301    0.0147    1.0000
    0.9200    0.8232    0.0133    1.0000
    0.9250    0.8220    0.0107    1.0000
    0.9300    0.8047    0.0097    1.0000
    0.9350    0.8085    0.0093    1.0000
    0.9400    0.8263    0.0156    1.0000
    0.9450    0.8200    0.0165    1.0000
    0.9500    0.8439    0.0122    1.0000
    0.9550    0.8479    0.0126    1.0000
    0.9600    0.8423    0.0070    1.0000
    0.9650    0.8526    0.0070    1.0000
    0.9700    0.8339    0.0155    1.0000
    0.9750    0.8457    0.0154    1.0000
    0.9800    0.8124    0.0132    1.0000
    0.9850    0.8401    0.0141    1.0000
    0.9900    0.8414    0.0158    1.0000
    0.9950    0.8462    0.0179    1.0000
    1.0000    0.8160    0.0194    1.0000
    1.0050    0.8661    0.0192    1.0000
    1.0100    0.8593    0.0196    1.0000
    1.0150    0.8483    0.0069    1.0000
    1.0200    0.8561    0.0051    1.0000
    1.0250    0.8516    0.0089    1.0000
    1.0300    0.8475    0.0096    1.0000
    1.0350    0.8325    0.0119    1.0000
    1.0400    0.8550    0.0128    1.0000
    1.0450    0.8284    0.0159    1.0000
    1.0500    0.8258    0.0162    1.0000
    1.0550    0.8598    0.0183    1.0000
    1.0600    0.8543    0.0152    1.0000
    1.0650    0.8648    0.0120    1.0000
    1.0700    0.8484    0.0121    1.0000
    1.0750    0.8800    0.0114    1.0000
    1.0800    0.8594    0.0181    1.0000
    1.0850    0.8609    0.0170    1.0000
    1.0900    0.8936    0.0171    1.0000
    1.0950    0.8944    0.0142    1.0000
    1.1000    0.8832    0.0140    1.0000
    1.1050    0.8732    0.0130    1.0000
    1.1100    0.8616    0.0187    1.0000
    1.1150    0.8678    0.0174    1.0000
    1.1200    0.8334    0.0240    1.0000
    1.1250    0.8405    0.0461    1.0000
    1.1300    0.8940    0.0549    1.0000
    1.1350    0.9471    0.0503    1.0000
    1.1400    0.9462    0.0327    1.0000
    1.1450    0.9616    0.0161    1.0000
    1.1500    0.9823    0.0223    1.0000
    1.1550    0.9741    0.0164    1.0000
    1.1600    1.0056    0.0165    1.0000
    1.1650    0.9728    0.0263    1.0000
    1.1700    0.9614    0.0267    1.0000
    1.1750    0.9324    0.0152    1.0000
    1.1800    0.9562    0.0111    1.0000
    1.1850    0.9473    0.0103    1.0000
    1.1900    0.9459    0.0085    1.0000
    1.1950    0.9324    0.0067    1.0000
    1.2000    0.9463    0.0087    1.0000
    1.2050    0.9372    0.0280    1.0000
    1.2100    0.9261    0.0352    1.0000
    1.2150    0.9959    0.0361    1.0000
    1.2200    1.0028    0.0375    1.0000
    1.2250    0.9395    0.0349    1.0000
    1.2300    0.9293    0.0296    1.0000
    1.2350    0.9397    0.0092    1.0000
    1.2400    0.9417    0.0092    1.0000
    1.2450    0.9550    0.0084    1.0000
    1.2500    0.9382    0.0084    1.0000
    1.2550   -1.0000   -1.0000    0.0000
    1.2600   -1.0000   -1.0000    0.0000
    1.2650   -1.0000   -1.0000    0.0000
    1.2700   -1.0000   -1.0000    0.0000
    1.2750   -1.0000   -1.0000    0.0000
    1.2800   -1.0000   -1.0000    0.0000
    1.2850   -1.0000   -1.0000    0.0000
    1.2900   -1.0000   -1.0000    0.0000
    1.2950   -1.0000   -1.0000    0.0000
    1.3000   -1.0000   -1.0000    0.0000
    1.3050   -1.0000   -1.0000    0.0000
    1.3100   -1.0000   -1.0000    0.0000
    1.3150   -1.0000   -1.0000    0.0000
    1.3200   -1.0000   -1.0000    0.0000
    1.3250   -1.0000   -1.0000    0.0000
    1.3300   -1.0000   -1.0000    0.0000
    1.3350   -1.0000   -1.0000    0.0000
    1.3400   -1.0000   -1.0000    0.0000
    1.3450   -1.0000   -1.0000    0.0000
    1.3500   -1.0000   -1.0000    0.0000
    1.3550   -1.0000   -1.0000    0.0000
    1.3600   -1.0000   -1.0000    0.0000
    1.3650   -1.0000   -1.0000    0.0000
    1.3700   -1.0000   -1.0000    0.0000
    1.3750   -1.0000   -1.0000    0.0000
    1.3800   -1.0000   -1.0000    0.0000
    1.3850   -1.0000   -1.0000    0.0000
    1.3900   -1.0000   -1.0000    0.0000
    1.3950   -1.0000   -1.0000    0.0000
    1.4000   -1.0000   -1.0000    0.0000
    1.4050   -1.0000   -1.0000    0.0000
    1.4100   -1.0000   -1.0000    0.0000
    1.4150   -1.0000   -1.0000    0.0000
    1.4200   -1.0000   -1.0000    0.0000
    1.4250   -1.0000   -1.0000    0.0000
    1.4300   -1.0000   -1.0000    0.0000
    1.4350   -1.0000   -1.0000    0.0000
    1.4400   -1.0000   -1.0000    0.0000
    1.4450   -1.0000   -1.0000    0.0000
    1.4500    1.1139    0.0272    1.0000
    1.4550    1.1128    0.0296    1.0000
    1.4600    1.0535    0.0282    1.0000
    1.4650    1.0737    0.0304    1.0000
    1.4700    1.0634    0.0165    1.0000
    1.4750    1.0300    0.0361    1.0000
    1.4800    1.0621    0.0367    1.0000
    1.4850    1.1293    0.0374    1.0000
    1.4900    1.0862    0.0360    1.0000
    1.4950    1.0557    0.0354    1.0000
    1.5000    1.0351    0.0212    1.0000
    1.5050    1.0754    0.0151    1.0000
    1.5100    1.0445    0.0162    1.0000
    1.5150    1.0496    0.0123    1.0000
    1.5200    1.0654    0.0121    1.0000
    1.5250    1.0591    0.0144    1.0000
    1.5300    1.0747    0.0147    1.0000
    1.5350    1.0373    0.0150    1.0000
    1.5400    1.0478    0.0145    1.0000
    1.5450    1.0421    0.0124    1.0000
    1.5500    1.0491    0.0204    1.0000
    1.5550    1.0185    0.0186    1.0000
    1.5600    1.0032    0.0199    1.0000
    1.5650    1.0221    0.0202    1.0000
    1.5700    1.0479    0.0246    1.0000
    1.5750    1.0503    0.0167    1.0000
    1.5800    1.0646    0.0108    1.0000
    1.5850    1.0611    0.0212    1.0000
    1.5900    1.0377    0.0444    1.0000
    1.5950    1.0121    0.0437    1.0000
    1.6000    0.9564    0.0369    1.0000
    1.6050    0.9725    0.0386    1.0000
    1.6100    1.0357    0.0589    1.0000
    1.6150    1.0445    0.0564    1.0000
    1.6200    1.1022    0.0530    1.0000
    1.6250    0.9659    0.0529    1.0000
    1.6300    0.9886    0.0522    1.0000
    1.6350    1.0307    0.0241    1.0000
    1.6400    1.0097    0.0157    1.0000
    1.6450    1.0001    0.0118    1.0000
    1.6500    1.0142    0.0139    1.0000
    1.6550    1.0044    0.0142    1.0000
    1.6600    1.0358    0.0170    1.0000
    1.6650    1.0061    0.0169    1.0000
    1.6700    1.0409    0.0149    1.0000
    1.6750    1.0159    0.0151    1.0000
    1.6800    1.0344    0.0212    1.0000
    1.6850    1.0114    0.0229    1.0000
    1.6900    1.0641    0.0339    1.0000
    1.6950    1.0532    0.0360    1.0000
    1.7000    0.9796    0.0362    1.0000
    1.7050    0.9990    0.0290    1.0000
    1.7100    1.0090    0.0198    1.0000
    1.7150    1.0338    0.0150    1.0000
    1.7200    0.9986    0.0131    1.0000
    1.7250    1.0204    0.0141    1.0000
    1.7300    1.0177    0.0124    1.0000
    1.7350    1.0034    0.0138    1.0000
    1.7400    1.0284    0.0163    1.0000
    1.7450    1.0407    0.0165    1.0000
    1.7500    1.0028    0.0157    1.0000
    1.7550   -1.0000   -1.0000    0.0000
    1.7600   -1.0000   -1.0000    0.0000
    1.7650   -1.0000   -1.0000    0.0000
    1.7700   -1.0000   -1.0000    0.0000
    1.7750   -1.0000   -1.0000    0.0000
    1.7800   -1.0000   -1.0000    0.0000
    1.7850   -1.0000   -1.0000    0.0000
    1.7900   -1.0000   -1.0000    0.0000
    1.7950   -1.0000   -1.0000    0.0000
    1.8000   -1.0000   -1.0000    0.0000
    1.8050   -1.0000   -1.0000    0.0000
    1.8100   -1.0000   -1.0000    0.0000
    1.8150   -1.0000   -1.0000    0.0000
    1.8200   -1.0000   -1.0000    0.0000
    1.8250   -1.0000   -1.0000    0.0000
    1.8300   -1.0000   -1.0000    0.0000
    1.8350   -1.0000   -1.0000    0.0000
    1.8400   -1.0000   -1.0000    0.0000
    1.8450   -1.0000   -1.0000    0.0000
    1.8500   -1.0000   -1.0000    0.0000
    1.8550   -1.0000   -1.0000    0.0000
    1.8600   -1.0000   -1.0000    0.0000
    1.8650   -1.0000   -1.0000    0.0000
    1.8700   -1.0000   -1.0000    0.0000
    1.8750   -1.0000   -1.0000    0.0000
    1.8800   -1.0000   -1.0000    0.0000
    1.8850   -1.0000   -1.0000    0.0000
    1.8900   -1.0000   -1.0000    0.0000
    1.8950   -1.0000   -1.0000    0.0000
    1.9000   -1.0000   -1.0000    0.0000
    1.9050   -1.0000   -1.0000    0.0000
    1.9100   -1.0000   -1.0000    0.0000
    1.9150   -1.0000   -1.0000    0.0000
    1.9200   -1.0000   -1.0000    0.0000
    1.9250   -1.0000   -1.0000    0.0000
    1.9300   -1.0000   -1.0000    0.0000
    1.9350   -1.0000   -1.0000    0.0000
    1.9400   -1.0000   -1.0000    0.0000
    1.9450   -1.0000   -1.0000    0.0000
    1.9500    1.0416    0.1001    1.0000
    1.9550    1.1028    0.0308    1.0000
    1.9600    1.1110    0.0327    1.0000
    1.9650    1.0913    0.0400    1.0000
    1.9700    1.0454    0.0610    1.0000
    1.9750    1.0185    0.0784    1.0000
    1.9800    0.9573    0.0599    1.0000
    1.9850    0.8903    0.0499    1.0000
    1.9900    0.9865    0.0521    1.0000
    1.9950    0.9278    0.0574    1.0000
    2.0000    0.8555    0.0576    1.0000
    2.0050    0.9833    0.0713    1.0000
    2.0100    0.9880    0.0704    1.0000
    2.0150    1.0441    0.0249    1.0000
    2.0200    0.9986    0.0230    1.0000
    2.0250    0.9895    0.0229    1.0000
    2.0300    1.0014    0.0405    1.0000
    2.0350    0.9882    0.0401    1.0000
    2.0400    0.9046    0.0424    1.0000
    2.0450    0.9954    0.0429    1.0000
    2.0500    0.9376    0.0422    1.0000
    2.0550    1.0039    0.0308    1.0000
    2.0600    0.9824    0.0341    1.0000
    2.0650    0.9415    0.0391    1.0000
    2.0700    1.0103    0.0443    1.0000
    2.0750    1.0479    0.0469    1.0000
    2.0800    0.9479    0.0423    1.0000
    2.0850    0.9524    0.0425    1.0000
    2.0900    0.9731    0.0251    1.0000
    2.0950    1.0111    0.0211    1.0000
    2.1000    0.9757    0.0155    1.0000
    2.1050    0.9797    0.0188    1.0000
    2.1100    0.9896    0.0107    1.0000
    2.1150    0.9604    0.0176    1.0000
    2.1200    0.9724    0.0227    1.0000
    2.1250    1.0067    0.0288    1.0000
    2.1300    1.0146    0.0295    1.0000
    2.1350    1.0282    0.0175    1.0000
    2.1400    1.0527    0.0143    1.0000
    2.1450    1.0225    0.0115    1.0000
    2.1500    1.0322    0.0242    1.0000
    2.1550    1.0294    0.0217    1.0000
    2.1600    0.9862    0.0237    1.0000
    2.1650    0.9921    0.0230    1.0000
    2.1700    0.9851    0.0210    1.0000
    2.1750    0.9670    0.0255    1.0000
    2.1800    1.0245    0.0289    1.0000
    2.1850    1.0250    0.0362    1.0000
    2.1900    1.0322    0.0454    1.0000
    2.1950    0.9565    0.0478    1.0000
    2.2000    0.9351    0.0416    1.0000
    2.2050    0.9369    0.0495    1.0000
    2.2100    0.9938    0.0525    1.0000
    2.2150    1.0527    0.0432    1.0000
    2.2200    1.0251    0.0377    1.0000
    2.2250    1.0107    0.0495    1.0000
    2.2300    0.9516    0.0398    1.0000
    2.2350    0.9364    0.0470    1.0000
    2.2400    1.0099    0.0462    1.0000
    2.2450    1.0507    0.0412    1.0000
    2.2500    1.0003    0.0247    1.0000
    2.2550    0.9899    0.0349    1.0000
    2.2600    0.9927    0.0308    1.0000
    2.2650    1.0636    0.0449    1.0000
    2.2700    0.9992    0.0612    1.0000
    2.2750    0.9374    0.0682    1.0000
    2.2800    0.9050    0.0555    1.0000
    2.2850    1.0456    0.0549    1.0000
    2.2900    0.9963    0.0526    1.0000
    2.2950    0.9502    0.0426    1.0000
    2.3000    0.9623    0.0348    1.0000
    2.3050    1.0359    0.0594    1.0000
    2.3100    1.0088    0.0490    1.0000
    2.3150    1.0972    0.0587    1.0000
    2.3200    1.0359    0.0769    1.0000
    2.3250    0.9350    0.0793    1.0000
    2.3300    0.9068    0.0623    1.0000
    2.3350    0.9487    0.0752    1.0000
    2.3400    1.0448    0.0713    1.0000
    2.3450    1.0804    0.0683    1.0000
    2.3500    1.0238    0.0657    1.0000
    2.3550    0.9160    0.0622    1.0000
    2.3600    0.9631    0.0392    1.0000
    2.3650    0.9853    0.0374    1.0000
    2.3700    0.9815    0.0403    1.0000
    2.3750    1.0179    0.0402    1.0000
    2.3800    1.0657    0.0473    1.0000
    2.3850    0.9639    0.0428    1.0000
    2.3900    1.0672    0.0431    1.0000
    2.3950    1.0139    0.0386    1.0000
    2.4000    1.0429    0.1097    1.0000
    2.4050    1.0157    0.1545    1.0000
    2.4100   -1.0000   -1.0000    0.0000
    2.4150   -1.0000   -1.0000    0.0000
    2.4200   -1.0000   -1.0000    0.0000
    2.4250   -1.0000   -1.0000    0.0000
    2.4300   -1.0000   -1.0000    0.0000
    2.4350   -1.0000   -1.0000    0.0000
    2.4400   -1.0000   -1.0000    0.0000
    2.4450   -1.0000   -1.0000    0.0000
    2.4500    1.0000    0.2000    1.0000
    2.4550   -1.0000   -1.0000    0.0000
    2.4600   -1.0000   -1.0000    0.0000
    2.4650   -1.0000   -1.0000    0.0000
    2.4700   -1.0000   -1.0000    0.0000
    2.4750   -1.0000   -1.0000    0.0000
    2.4800   -1.0000   -1.0000    0.0000
    2.4850   -1.0000   -1.0000    0.0000
    2.4900   -1.0000   -1.0000    0.0000
