 0.6500   -1.0000   -1.0000
 0.6550   -1.0000   -1.0000
 0.6600   -1.0000   -1.0000
 0.6650   -1.0000   -1.0000
 0.6700   -1.0000   -1.0000
 0.6750   -1.0000   -1.0000
 0.6800   -1.0000   -1.0000
 0.6850   -1.0000   -1.0000
 0.6900   -1.0000   -1.0000
 0.6950   -1.0000   -1.0000
 0.7000   -1.0000   -1.0000
 0.7050   -1.0000   -1.0000
 0.7100   -1.0000   -1.0000
 0.7150   -1.0000   -1.0000
 0.7200   -1.0000   -1.0000
 0.7250   -1.0000   -1.0000
 0.7300   -1.0000   -1.0000
 0.7350   -1.0000   -1.0000
 0.7400   -1.0000   -1.0000
 0.7450   -1.0000   -1.0000
 0.7500   -1.0000   -1.0000
 0.7550   -1.0000   -1.0000
 0.7600   -1.0000   -1.0000
 0.7650   -1.0000   -1.0000
 0.7700   -1.0000   -1.0000
 0.7750   -1.0000   -1.0000
 0.7800   -1.0000   -1.0000
 0.7850    0.8840    0.0337
 0.7900    0.9645    0.0298
 0.7950    0.8834    0.0259
 0.8000    0.8796    0.0239
 0.8050    0.9234    0.0225
 0.8100    0.9605    0.0205
 0.8150    0.9792    0.0189
 0.8200    0.9264    0.0175
 0.8250    0.9705    0.0167
 0.8300    0.9392    0.0164
 0.8350    0.9630    0.0164
 0.8400    0.9589    0.0162
 0.8450    0.9545    0.0162
 0.8500    0.9529    0.0162
 0.8550    0.9507    0.0165
 0.8600    0.9832    0.0171
 0.8650    0.9852    0.0172
 0.8700    0.9609    0.0167
 0.8750    0.9572    0.0162
 0.8800    0.9701    0.0156
 0.8850    0.9716    0.0148
 0.8900    0.9630    0.0142
 0.8950    1.0129    0.0140
 0.9000    0.9874    0.0136
 0.9050    0.9469    0.0130
 0.9100    0.9076    0.0132
 0.9150    0.9366    0.0130
 0.9200    0.9299    0.0135
 0.9250    0.9259    0.0137
 0.9300   -1.0000   -1.0000
 0.9350   -1.0000   -1.0000
 0.9400   -1.0000   -1.0000
 0.9450   -1.0000   -1.0000
 0.9500   -1.0000   -1.0000
 0.9550   -1.0000   -1.0000
 0.9600   -1.0000   -1.0000
 0.9650   -1.0000   -1.0000
 0.9700   -1.0000   -1.0000
 0.9750   -1.0000   -1.0000
 0.9800   -1.0000   -1.0000
 0.9850   -1.0000   -1.0000
 0.9900   -1.0000   -1.0000
 0.9950   -1.0000   -1.0000
 1.0000   -1.0000   -1.0000
 1.0050   -1.0000   -1.0000
 1.0100   -1.0000   -1.0000
 1.0150   -1.0000   -1.0000
 1.0200    1.0189    0.0136
 1.0250    1.0295    0.0138
 1.0300    1.0521    0.0142
 1.0350    0.9964    0.0158
 1.0400    0.9380    0.0114
 1.0450    0.9349    0.0119
 1.0500    1.0830    0.0131
 1.0550    1.0630    0.0120
 1.0600    1.0592    0.0124
 1.0650   -1.0000   -1.0000
 1.0700   -1.0000   -1.0000
 1.0750   -1.0000   -1.0000
 1.0800   -1.0000   -1.0000
 1.0850   -1.0000   -1.0000
 1.0900   -1.0000   -1.0000
 1.0950   -1.0000   -1.0000
 1.1000   -1.0000   -1.0000
 1.1050   -1.0000   -1.0000
 1.1100   -1.0000   -1.0000
 1.1150   -1.0000   -1.0000
 1.1200   -1.0000   -1.0000
 1.1250   -1.0000   -1.0000
 1.1300   -1.0000   -1.0000
 1.1350    1.0424    0.0122
 1.1400    0.9969    0.0115
 1.1450    0.8662    0.0105
 1.1500    0.9351    0.0108
 1.1550    0.9963    0.0110
 1.1600    0.9848    0.0094
 1.1650    1.0225    0.0094
 1.1700    0.9946    0.0088
 1.1750    0.9912    0.0083
 1.1800    0.9956    0.0083
 1.1850    1.0307    0.0087
 1.1900    1.0206    0.0084
 1.1950    1.0107    0.0083
 1.2000    1.0317    0.0084
 1.2050    1.0215    0.0084
 1.2100    1.0256    0.0089
 1.2150    1.0000    0.0084
 1.2200    0.9982    0.0082
 1.2250    1.0129    0.0085
 1.2300    1.0252    0.0086
 1.2350    0.9969    0.0084
 1.2400    1.0399    0.0087
 1.2450    1.0112    0.0088
 1.2500    1.0535    0.0092
 1.2550    1.0422    0.0101
 1.2600    0.9948    0.0092
 1.2650    0.9618    0.0090
 1.2700    1.0049    0.0100
 1.2750    0.9838    0.0094
 1.2800    0.9818    0.0098
 1.2850    0.9679    0.0089
 1.2900    0.9269    0.0084
 1.2950    1.0376    0.0086
 1.3000    1.1069    0.0100
 1.3050    1.0806    0.0094
 1.3100    0.9963    0.0084
 1.3150    1.0158    0.0087
 1.3200   -1.0000   -1.0000
 1.3250   -1.0000   -1.0000
 1.3300   -1.0000   -1.0000
 1.3350   -1.0000   -1.0000
 1.3400   -1.0000   -1.0000
 1.3450   -1.0000   -1.0000
 1.3500   -1.0000   -1.0000
 1.3550   -1.0000   -1.0000
 1.3600   -1.0000   -1.0000
 1.3650   -1.0000   -1.0000
 1.3700   -1.0000   -1.0000
 1.3750   -1.0000   -1.0000
 1.3800   -1.0000   -1.0000
 1.3850   -1.0000   -1.0000
 1.3900   -1.0000   -1.0000
 1.3950   -1.0000   -1.0000
 1.4000   -1.0000   -1.0000
 1.4050   -1.0000   -1.0000
 1.4100   -1.0000   -1.0000
 1.4150   -1.0000   -1.0000
 1.4200   -1.0000   -1.0000
 1.4250    0.9632    0.0128
 1.4300    1.0297    0.0125
 1.4350    1.0436    0.0120
 1.4400    1.0572    0.0121
 1.4450    1.0498    0.0118
 1.4500    1.0942    0.0129
 1.4550    1.1023    0.0120
 1.4600    1.0299    0.0111
 1.4650    1.0348    0.0113
 1.4700    1.0617    0.0117
 1.4750    1.0351    0.0121
 1.4800    1.0465    0.0115
 1.4850    0.9865    0.0108
 1.4900    1.0782    0.0111
 1.4950    0.9953    0.0110
 1.5000    1.0584    0.0105
 1.5050    1.0432    0.0110
 1.5100    1.0180    0.0108
 1.5150    1.0767    0.0110
 1.5200    1.0452    0.0105
 1.5250    1.0599    0.0107
 1.5300    1.0974    0.0109
 1.5350    1.0779    0.0112
 1.5400    1.1951    0.0113
 1.5450    1.1543    0.0110
 1.5500    1.1688    0.0111
 1.5550    1.1020    0.0111
 1.5600    1.0641    0.0107
 1.5650    1.0359    0.0108
 1.5700    1.0503    0.0112
 1.5750    1.0387    0.0110
 1.5800    1.0981    0.0116
 1.5850    1.0397    0.0111
 1.5900    1.0548    0.0114
 1.5950    1.0606    0.0112
 1.6000    1.0879    0.0117
 1.6050    1.1098    0.0122
 1.6100    1.1205    0.0119
 1.6150    1.1024    0.0113
 1.6200    1.0563    0.0112
 1.6250    1.0516    0.0113
 1.6300    1.0971    0.0121
 1.6350    1.0383    0.0121
 1.6400    0.9987    0.0120
 1.6450    1.1130    0.0126
 1.6500    1.0584    0.0114
 1.6550    1.0807    0.0116
 1.6600    1.1036    0.0124
 1.6650    1.0780    0.0120
 1.6700    1.0389    0.0123
 1.6750    0.9819    0.0125
 1.6800    1.0211    0.0126
 1.6850    1.0296    0.0120
 1.6900   -1.0000   -1.0000
 1.6950   -1.0000   -1.0000
 1.7000    1.0725    0.0126
 1.7050    1.0385    0.0140
 1.7100    1.0535    0.0151
 1.7150    0.9570    0.0125
 1.7200    1.0187    0.0129
 1.7250    1.0456    0.0134
 1.7300    1.0409    0.0136
 1.7350    1.0545    0.0134
 1.7400    1.0775    0.0135
 1.7450    0.9765    0.0130
 1.7500    1.0452    0.0131
 1.7550    1.0795    0.0134
 1.7600    1.0433    0.0137
 1.7650    0.9757    0.0131
 1.7700   -1.0000   -1.0000
 1.7750   -1.0000   -1.0000
 1.7800   -1.0000   -1.0000
 1.7850   -1.0000   -1.0000
 1.7900   -1.0000   -1.0000
 1.7950   -1.0000   -1.0000
 1.8000   -1.0000   -1.0000
 1.8050   -1.0000   -1.0000
 1.8100   -1.0000   -1.0000
 1.8150   -1.0000   -1.0000
 1.8200   -1.0000   -1.0000
 1.8250   -1.0000   -1.0000
 1.8300   -1.0000   -1.0000
 1.8350   -1.0000   -1.0000
 1.8400   -1.0000   -1.0000
 1.8450   -1.0000   -1.0000
 1.8500   -1.0000   -1.0000
 1.8550   -1.0000   -1.0000
 1.8600   -1.0000   -1.0000
 1.8650   -1.0000   -1.0000
 1.8700   -1.0000   -1.0000
 1.8750   -1.0000   -1.0000
 1.8800   -1.0000   -1.0000
 1.8850   -1.0000   -1.0000
 1.8900   -1.0000   -1.0000
 1.8950   -1.0000   -1.0000
 1.9000   -1.0000   -1.0000
 1.9050   -1.0000   -1.0000
 1.9100   -1.0000   -1.0000
 1.9150   -1.0000   -1.0000
 1.9200   -1.0000   -1.0000
 1.9250   -1.0000   -1.0000
 1.9300   -1.0000   -1.0000
 1.9350   -1.0000   -1.0000
 1.9400   -1.0000   -1.0000
 1.9450   -1.0000   -1.0000
 1.9500   -1.0000   -1.0000
 1.9550   -1.0000   -1.0000
 1.9600   -1.0000   -1.0000
 1.9650   -1.0000   -1.0000
 1.9700   -1.0000   -1.0000
 1.9750   -1.0000   -1.0000
 1.9800   -1.0000   -1.0000
 1.9850   -1.0000   -1.0000
 1.9900   -1.0000   -1.0000
 1.9950   -1.0000   -1.0000
 2.0000   -1.0000   -1.0000
 2.0050   -1.0000   -1.0000
 2.0100   -1.0000   -1.0000
 2.0150   -1.0000   -1.0000
 2.0200   -1.0000   -1.0000
 2.0250   -1.0000   -1.0000
 2.0300   -1.0000   -1.0000
 2.0350   -1.0000   -1.0000
 2.0400   -1.0000   -1.0000
 2.0450   -1.0000   -1.0000
 2.0500   -1.0000   -1.0000
 2.0550   -1.0000   -1.0000
 2.0600   -1.0000   -1.0000
 2.0650   -1.0000   -1.0000
 2.0700   -1.0000   -1.0000
 2.0750   -1.0000   -1.0000
 2.0800   -1.0000   -1.0000
 2.0850   -1.0000   -1.0000
 2.0900   -1.0000   -1.0000
 2.0950   -1.0000   -1.0000
 2.1000   -1.0000   -1.0000
 2.1050   -1.0000   -1.0000
 2.1100   -1.0000   -1.0000
 2.1150   -1.0000   -1.0000
 2.1200   -1.0000   -1.0000
 2.1250   -1.0000   -1.0000
 2.1300   -1.0000   -1.0000
 2.1350   -1.0000   -1.0000
 2.1400   -1.0000   -1.0000
 2.1450   -1.0000   -1.0000
 2.1500   -1.0000   -1.0000
 2.1550   -1.0000   -1.0000
 2.1600   -1.0000   -1.0000
 2.1650   -1.0000   -1.0000
 2.1700   -1.0000   -1.0000
 2.1750   -1.0000   -1.0000
 2.1800   -1.0000   -1.0000
 2.1850    1.0840    0.0255
 2.1900    1.0769    0.0255
 2.1950    0.9994    0.0250
 2.2000    1.0137    0.0261
 2.2050    1.0144    0.0267
 2.2100    0.9602    0.0270
 2.2150    1.1250    0.0278
 2.2200    1.0621    0.0267
 2.2250    1.0508    0.0269
 2.2300    1.0232    0.0268
 2.2350    1.0637    0.0280
 2.2400    1.0941    0.0295
 2.2450    1.0571    0.0291
 2.2500    0.9762    0.0289
 2.2550    1.1434    0.0318
 2.2600    1.1029    0.0311
 2.2650    0.9670    0.0298
 2.2700    1.0886    0.0327
 2.2750    1.1074    0.0322
 2.2800    1.1131    0.0330
 2.2850    0.8942    0.0310
 2.2900    1.0867    0.0345
 2.2950    1.0518    0.0346
 2.3000   -1.0000   -1.0000
 2.3050   -1.0000   -1.0000
 2.3100   -1.0000   -1.0000
 2.3150   -1.0000   -1.0000
 2.3200   -1.0000   -1.0000
 2.3250   -1.0000   -1.0000
 2.3300   -1.0000   -1.0000
 2.3350   -1.0000   -1.0000
 2.3400   -1.0000   -1.0000
 2.3450   -1.0000   -1.0000
 2.3500   -1.0000   -1.0000
 2.3550   -1.0000   -1.0000
 2.3600   -1.0000   -1.0000
 2.3650   -1.0000   -1.0000
 2.3700   -1.0000   -1.0000
 2.3750   -1.0000   -1.0000
 2.3800   -1.0000   -1.0000
 2.3850   -1.0000   -1.0000
 2.3900   -1.0000   -1.0000
 2.3950   -1.0000   -1.0000
 2.4000   -1.0000   -1.0000
 2.4050   -1.0000   -1.0000
 2.4100   -1.0000   -1.0000
 2.4150   -1.0000   -1.0000
 2.4200   -1.0000   -1.0000
 2.4250   -1.0000   -1.0000
 2.4300   -1.0000   -1.0000
 2.4350   -1.0000   -1.0000
 2.4400   -1.0000   -1.0000
 2.4450   -1.0000   -1.0000
 2.4500   -1.0000   -1.0000
 2.4550   -1.0000   -1.0000
 2.4600   -1.0000   -1.0000
 2.4650   -1.0000   -1.0000
 2.4700   -1.0000   -1.0000
 2.4750   -1.0000   -1.0000
 2.4800   -1.0000   -1.0000
 2.4850   -1.0000   -1.0000
 2.4900   -1.0000   -1.0000
