    0.6500   -1.0000   -1.0000         0
    0.6550   -1.0000   -1.0000         0
    0.6600   -1.0000   -1.0000         0
    0.6650   -1.0000   -1.0000         0
    0.6700   -1.0000   -1.0000         0
    0.6750   -1.0000   -1.0000         0
    0.6800    1.1328    0.0932         3
    0.6850    1.1050    0.0689         3
    0.6900    1.0627    0.0595         3
    0.6950    1.1462    0.0493         3
    0.7000    1.1640    0.0472         3
    0.7050    1.1792    0.0434         3
    0.7100    1.1753    0.0411         3
    0.7150    1.1874    0.0399         3
    0.7200    1.1982    0.0346         3
    0.7250    1.1808    0.0319         3
    0.7300    1.2270    0.0349         3
    0.7350    1.2077    0.0314         3
    0.7400    1.2140    0.0347         3
    0.7450    1.2311    0.0350         3
    0.7500    1.2936    0.0406         3
    0.7550    1.1420    0.0331         3
    0.7600    1.0629    0.0258         3
    0.7650    1.1441    0.0286         3
    0.7700    1.1627    0.0241         3
    0.7750    1.2102    0.0260         3
    0.7800    1.1931    0.0278         3
    0.7850    1.1306    0.0261         3
    0.7900    1.1564    0.0246         3
    0.7950    1.1023    0.0238         3
    0.8000    1.1332    0.0251         3
    0.8050    1.1720    0.0262         3
    0.8100    1.1425    0.0235         3
    0.8150    1.0866    0.0242         3
    0.8200    1.0682    0.0275         3
    0.8250    1.0746    0.0228         3
    0.8300    1.0625    0.0230         3
    0.8350    1.0637    0.0231         3
    0.8400    1.0414    0.0228         3
    0.8450    1.0454    0.0239         3
    0.8500    1.0621    0.0216         3
    0.8550    1.0439    0.0239         3
    0.8600    1.0240    0.0244         3
    0.8650    1.0275    0.0245         3
    0.8700    1.0079    0.0263         3
    0.8750    0.9874    0.0216         3
    0.8800    0.9909    0.0231         3
    0.8850    0.9779    0.0206         3
    0.8900    0.9703    0.0256         3
    0.8950    1.0065    0.0209         3
    0.9000    1.0108    0.0218         3
    0.9050    0.9671    0.0199         3
    0.9100    0.9841    0.0218         3
    0.9150    0.9982    0.0191         3
    0.9200    0.9922    0.0182         3
    0.9250    1.0042    0.0218         3
    0.9300    1.0068    0.0207         3
    0.9350    1.0167    0.0211         3
    0.9400    0.9719    0.0208         3
    0.9450    0.9467    0.0191         3
    0.9500    0.9482    0.0216         3
    0.9550    0.9416    0.0172         3
    0.9600    0.9540    0.0211         3
    0.9650    0.9495    0.0193         3
    0.9700    0.9523    0.0178         3
    0.9750    0.9763    0.0173         3
    0.9800    0.9950    0.0201         3
    0.9850    1.0031    0.0184         3
    0.9900    0.9607    0.0175         3
    0.9950    0.9304    0.0184         3
    1.0000    0.9714    0.0180         3
    1.0050    0.9882    0.0175         3
    1.0100    0.9781    0.0183         3
    1.0150    0.9861    0.0171         3
    1.0200    1.0040    0.0186         3
    1.0250    0.9661    0.0204         3
    1.0300    0.9743    0.0183         3
    1.0350    1.0203    0.0187         3
    1.0400    0.9952    0.0190         3
    1.0450    0.9868    0.0171         3
    1.0500    0.9966    0.0180         3
    1.0550    1.0011    0.0191         3
    1.0600    0.9901    0.0174         3
    1.0650    0.9955    0.0158         3
    1.0700    1.0318    0.0160         3
    1.0750    1.0163    0.0218         3
    1.0800    1.0110    0.0181         3
    1.0850    1.0340    0.0180         3
    1.0900    1.0327    0.0180         3
    1.0950    0.9909    0.0171         3
    1.1000    0.9855    0.0207         3
    1.1050    1.0349    0.0190         3
    1.1100    1.0424    0.0197         3
    1.1150    1.0136    0.0219         3
    1.1200    1.0339    0.0232         3
    1.1250    1.0700    0.0225         3
    1.1300    1.0665    0.0210         3
    1.1350    1.0190    0.0225         3
    1.1400    1.0132    0.0230         3
    1.1450    1.0174    0.0216         3
    1.1500    1.0369    0.0234         3
    1.1550    1.0842    0.0225         3
    1.1600    1.0948    0.0245         2
    1.1650    1.0985    0.0240         2
    1.1700    1.0987    0.0232         3
    1.1750    1.1013    0.0211         3
    1.1800    1.0989    0.0259         3
    1.1850    1.1080    0.0263         3
    1.1900    1.1036    0.0221         3
    1.1950    1.1168    0.0240         3
    1.2000    1.1470    0.0232         3
    1.2050    1.1246    0.0224         3
    1.2100    1.1298    0.0218         3
    1.2150    1.1248    0.0225         3
    1.2200    1.1026    0.0227         3
    1.2250    1.1023    0.0209         3
    1.2300    1.0743    0.0225         3
    1.2350    1.0797    0.0195         3
    1.2400    1.1095    0.0194         3
    1.2450    1.1251    0.0227         3
    1.2500    1.1369    0.0205         3
    1.2550    1.1468    0.0234         3
    1.2600    1.1406    0.0260         3
    1.2650    1.1263    0.0215         3
    1.2700    1.1385    0.0202         3
    1.2750    1.1523    0.0210         3
    1.2800    1.1644    0.0207         3
    1.2850    1.1637    0.0190         3
    1.2900    1.1636    0.0189         3
    1.2950    1.1096    0.0225         3
    1.3000    1.1496    0.0212         3
    1.3050    1.1559    0.0227         3
    1.3100    1.1275    0.0204         3
    1.3150    1.1415    0.0210         3
    1.3200    1.1625    0.0212         3
    1.3250    1.1868    0.0218         3
    1.3300    1.2115    0.0231         3
    1.3350    1.1899    0.0231         3
    1.3400    1.1490    0.0274         3
    1.3450    1.1639    0.0327         3
    1.3500    1.1617    0.0358         3
    1.3550    1.1752    0.0520         3
    1.3600   -1.0000   -1.0000         0
    1.3650    1.1936    0.0609         1
    1.3700    1.1896    0.0466         1
    1.3750   -1.0000   -1.0000         0
    1.3800    1.1536    0.0385         2
    1.3850    1.2397    0.0404         2
    1.3900    1.2435    0.0407         3
    1.3950    1.2339    0.0364         3
    1.4000    1.2140    0.0343         3
    1.4050    1.2530    0.0401         3
    1.4100    1.1930    0.0366         3
    1.4150   -1.0000   -1.0000         0
    1.4200    1.2167    0.0287         3
    1.4250    1.2753    0.0347         3
    1.4300    1.2930    0.0290         2
    1.4350    1.2722    0.0300         3
    1.4400    1.2578    0.0271         3
    1.4450    1.2554    0.0259         3
    1.4500    1.2325    0.0260         3
    1.4550    1.1927    0.0248         3
    1.4600    1.2681    0.0264         3
    1.4650    1.2657    0.0268         3
    1.4700    1.2130    0.0241         3
    1.4750    1.2350    0.0237         3
    1.4800    1.2098    0.0225         2
    1.4850    1.2140    0.0240         3
    1.4900    1.2871    0.0217         3
    1.4950    1.3125    0.0212         3
    1.5000    1.2404    0.0234         3
    1.5050    1.2243    0.0258         3
    1.5100    1.2607    0.0250         3
    1.5150    1.2888    0.0230         3
    1.5200    1.2808    0.0241         3
    1.5250    1.2776    0.0228         3
    1.5300    1.2417    0.0263         3
    1.5350    1.2379    0.0203         3
    1.5400    1.2737    0.0252         3
    1.5450    1.2896    0.0230         3
    1.5500    1.2931    0.0233         3
    1.5550    1.3194    0.0255         3
    1.5600    1.3262    0.0244         3
    1.5650    1.2910    0.0261         3
    1.5700    1.3213    0.0253         3
    1.5750    1.3200    0.0253         3
    1.5800    1.3148    0.0265         3
    1.5850    1.2802    0.0234         3
    1.5900    1.1963    0.0237         3
    1.5950    1.2223    0.0251         3
    1.6000    1.2288    0.0291         3
    1.6050    1.1835    0.0232         3
    1.6100    1.1789    0.0233         3
    1.6150    1.2573    0.0237         3
    1.6200    1.2894    0.0245         3
    1.6250    1.3075    0.0214         3
    1.6300    1.2987    0.0269         3
    1.6350    1.2538    0.0250         3
    1.6400    1.2373    0.0227         3
    1.6450    1.2728    0.0230         3
    1.6500    1.2874    0.0251         3
    1.6550    1.2680    0.0232         3
    1.6600    1.2862    0.0229         3
    1.6650    1.2485    0.0237         3
    1.6700    1.2540    0.0241         3
    1.6750    1.1936    0.0265         3
    1.6800    1.1822    0.0245         3
    1.6850    1.2834    0.0291         3
    1.6900    1.2134    0.0281         3
    1.6950    1.2008    0.0240         3
    1.7000    1.2171    0.0243         3
    1.7050    1.2259    0.0263         3
    1.7100    1.2571    0.0264         3
    1.7150    1.2429    0.0274         3
    1.7200    1.2387    0.0263         3
    1.7250    1.2413    0.0296         3
    1.7300    1.2620    0.0273         3
    1.7350    1.2910    0.0281         3
    1.7400    1.2576    0.0312         3
    1.7450    1.2399    0.0269         3
    1.7500    1.2962    0.0288         3
    1.7550    1.3061    0.0286         3
    1.7600    1.2889    0.0297         3
    1.7650    1.2866    0.0266         3
    1.7700    1.2200    0.0271         3
    1.7750    1.2015    0.0277         3
    1.7800    1.2469    0.0303         3
    1.7850    1.2386    0.0297         3
    1.7900    1.1953    0.0310         3
    1.7950    1.2603    0.0346         3
    1.8000   -1.0000   -1.0000         0
    1.8050    1.1998    0.0399         3
    1.8100    1.1320    0.0399         3
    1.8150    1.2390    0.0458         3
    1.8200    1.3058    0.0438         3
    1.8250   -1.0000   -1.0000         0
    1.8300    1.1430    0.0668         3
    1.8350   -1.0000   -1.0000         0
    1.8400    1.1789    0.0826         1
    1.8450    1.2236    0.0671         3
    1.8500   -1.0000   -1.0000         0
    1.8550   -1.0000   -1.0000         0
    1.8600    1.1887    0.0816         3
    1.8650    1.1608    0.0720         2
    1.8700    1.2235    0.0890         2
    1.8750    1.2054    0.0937         2
    1.8800    1.1918    0.0569         1
    1.8850    1.2051    0.0476         3
    1.8900    1.2002    0.0504         3
    1.8950    1.2496    0.0564         3
    1.9000    1.2332    0.0661         3
    1.9050    1.1369    0.0816         2
    1.9100    1.1663    0.0592         3
    1.9150    1.1918    0.0551         3
    1.9200    1.1115    0.0489         3
    1.9250    1.1562    0.0528         3
    1.9300    1.1934    0.0435         3
    1.9350    1.1667    0.0408         3
    1.9400    1.1441    0.0389         3
    1.9450    1.1117    0.0356         3
    1.9500    1.1092    0.0402         3
    1.9550    1.1466    0.0436         3
    1.9600    1.1559    0.0380         3
    1.9650    1.1626    0.0403         3
    1.9700    1.1457    0.0375         3
    1.9750    1.1529    0.0384         3
    1.9800    1.1596    0.0354         3
    1.9850    1.1624    0.0347         3
    1.9900    1.1802    0.0368         3
    1.9950    1.1171    0.0402         3
    2.0000    1.1404    0.0545         3
    2.0050    1.1785    0.0530         3
    2.0100    1.0992    0.0496         1
    2.0150    1.1343    0.0473         3
    2.0200    1.2026    0.0472         3
    2.0250    1.1948    0.0423         3
    2.0300    1.1992    0.0341         3
    2.0350    1.1873    0.0361         3
    2.0400    1.2205    0.0382         3
    2.0450    1.1303    0.0439         3
    2.0500    1.1219    0.0416         3
    2.0550    1.1831    0.0388         3
    2.0600    1.1409    0.0377         3
    2.0650    1.1980    0.0407         3
    2.0700    1.2275    0.0427         3
    2.0750    1.2287    0.0408         3
    2.0800    1.2272    0.0424         3
    2.0850    1.2313    0.0431         3
    2.0900    1.1893    0.0433         3
    2.0950    1.2035    0.0358         3
    2.1000    1.2422    0.0382         3
    2.1050    1.2007    0.0383         3
    2.1100    1.1239    0.0392         3
    2.1150    1.1543    0.0380         3
    2.1200    1.2049    0.0378         3
    2.1250    1.2731    0.0397         3
    2.1300    1.2819    0.0378         3
    2.1350    1.2245    0.0363         3
    2.1400    1.2621    0.0410         3
    2.1450    1.2136    0.0426         3
    2.1500    1.1665    0.0372         3
    2.1550    1.1912    0.0405         3
    2.1600    1.2058    0.0372         3
    2.1650    1.1763    0.0384         3
    2.1700    1.2261    0.0410         3
    2.1750    1.2958    0.0399         3
    2.1800    1.2853    0.0424         3
    2.1850    1.2760    0.0410         3
    2.1900    1.2484    0.0470         3
    2.1950    1.2037    0.0419         3
    2.2000    1.2165    0.0423         3
    2.2050    1.2656    0.0438         3
    2.2100    1.2214    0.0386         3
    2.2150    1.1697    0.0383         3
    2.2200    1.2532    0.0391         3
    2.2250    1.2338    0.0420         3
    2.2300    1.1701    0.0439         3
    2.2350    1.2173    0.0407         3
    2.2400    1.2001    0.0431         3
    2.2450    1.1505    0.0388         3
    2.2500    1.1917    0.0379         3
    2.2550    1.2458    0.0426         3
    2.2600    1.1786    0.0433         3
    2.2650    1.1282    0.0425         3
    2.2700    1.1945    0.0423         3
    2.2750    1.2429    0.0429         3
    2.2800    1.1830    0.0458         3
    2.2850    1.1206    0.0439         3
    2.2900    1.1911    0.0416         3
    2.2950    1.2006    0.0478         3
    2.3000    1.2094    0.0471         3
    2.3050    1.2393    0.0456         3
    2.3100    1.1743    0.0494         3
    2.3150    1.1729    0.0470         3
    2.3200    1.2503    0.0512         3
    2.3250    1.2442    0.0496         3
    2.3300    1.2169    0.0462         3
    2.3350    1.2181    0.0534         3
    2.3400    1.2879    0.0449         1
    2.3450    1.2356    0.0568         3
    2.3500    1.1667    0.0470         3
    2.3550    1.2101    0.0486         3
    2.3600    1.1849    0.0486         3
    2.3650    1.0979    0.0529         3
    2.3700    1.1033    0.0462         3
    2.3750    1.1655    0.0483         3
    2.3800    1.1817    0.0508         3
    2.3850    1.1190    0.0542         3
    2.3900    1.0905    0.0499         3
    2.3950    1.0935    0.0465         3
    2.4000   -1.0000   -1.0000         0
    2.4050    1.2151    0.0560         3
    2.4100    1.2126    0.0481         3
    2.4150    1.1865    0.0536         3
    2.4200    1.0734    0.0479         3
    2.4250    1.1672    0.0505         3
    2.4300   -1.0000   -1.0000         0
    2.4350    1.2263    0.0611         3
    2.4400   -1.0000   -1.0000         0
    2.4450    1.1946    0.0568         3
    2.4500    1.3044    0.0592         3
    2.4550    1.2819    0.0612         3
    2.4600    1.2638    0.0569         3
    2.4650   -1.0000   -1.0000         0
    2.4700   -1.0000   -1.0000         0
    2.4750   -1.0000   -1.0000         0
    2.4800   -1.0000   -1.0000         0
    2.4850   -1.0000   -1.0000         0
    2.4900   -1.0000   -1.0000         0
