    0.6500   -1.0000   -1.0000         0
    0.6550   -1.0000   -1.0000         0
    0.6600    1.1218    0.3419         4
    0.6650    0.9369    0.1479         4
    0.6700    1.1093    0.0924         4
    0.6750    0.9800    0.0632         4
    0.6800    1.0191    0.0564         4
    0.6850    1.0341    0.0446         4
    0.6900    1.0675    0.0370         4
    0.6950    1.0066    0.0323         4
    0.7000    1.0320    0.0302         4
    0.7050    1.0287    0.0276         4
    0.7100    1.0068    0.0246         4
    0.7150    1.0009    0.0237         4
    0.7200    1.0230    0.0224         4
    0.7250    1.0010    0.0217         4
    0.7300    1.0569    0.0209         4
    0.7350    1.0150    0.0183         4
    0.7400    1.0312    0.0182         4
    0.7450    1.0412    0.0174         4
    0.7500    1.0133    0.0182         4
    0.7550   -1.0000   -1.0000         0
    0.7600   -1.0000   -1.0000         0
    0.7650    1.0254    0.0172         4
    0.7700    1.0496    0.0162         4
    0.7750    1.0266    0.0162         4
    0.7800    0.9944    0.0147         4
    0.7850    1.0057    0.0153         4
    0.7900    1.0198    0.0167         4
    0.7950    1.0042    0.0143         4
    0.8000    1.0049    0.0145         4
    0.8050    0.9818    0.0151         4
    0.8100    0.9689    0.0148         4
    0.8150    0.9887    0.0162         4
    0.8200    0.9792    0.0145         4
    0.8250    0.9681    0.0148         4
    0.8300    0.9506    0.0149         4
    0.8350    0.9324    0.0156         4
    0.8400    0.9462    0.0140         4
    0.8450    0.9648    0.0147         4
    0.8500    0.9539    0.0143         4
    0.8550    0.9266    0.0140         4
    0.8600    0.9220    0.0137         4
    0.8650    0.9229    0.0127         4
    0.8700    0.9193    0.0134         4
    0.8750    0.9133    0.0130         4
    0.8800    0.9137    0.0128         4
    0.8850    0.9084    0.0129         4
    0.8900    0.8929    0.0124         4
    0.8950    0.9005    0.0120         4
    0.9000    0.8951    0.0124         4
    0.9050    0.8903    0.0121         4
    0.9100    0.9003    0.0119         4
    0.9150    0.9057    0.0121         4
    0.9200    0.8831    0.0123         4
    0.9250    0.8810    0.0118         4
    0.9300    0.8831    0.0118         4
    0.9350    0.8927    0.0125         4
    0.9400    0.8931    0.0124         4
    0.9450    0.8769    0.0141         4
    0.9500    0.8598    0.0120         1
    0.9550    0.8829    0.0133         4
    0.9600    0.9190    0.0133         4
    0.9650    0.9079    0.0120         4
    0.9700    0.9106    0.0118         4
    0.9750    0.9069    0.0116         4
    0.9800    0.9026    0.0127         4
    0.9850    0.9059    0.0115         4
    0.9900    0.9181    0.0114         4
    0.9950    0.9320    0.0109         4
    1.0000    0.9517    0.0120         4
    1.0050    0.9560    0.0113         4
    1.0100    0.9497    0.0117         4
    1.0150    0.9665    0.0113         4
    1.0200    0.9905    0.0122         4
    1.0250    0.9772    0.0113         4
    1.0300    0.9797    0.0121         4
    1.0350    0.9908    0.0129         4
    1.0400    1.0047    0.0114         4
    1.0450    0.9934    0.0119         4
    1.0500    0.9837    0.0113         4
    1.0550    1.0094    0.0114         4
    1.0600    1.0103    0.0114         4
    1.0650    1.0236    0.0117         4
    1.0700    1.0221    0.0116         4
    1.0750    1.0222    0.0124         4
    1.0800    1.0079    0.0121         4
    1.0850    1.0118    0.0119         4
    1.0900    0.9958    0.0130         4
    1.0950    1.0241    0.0138         4
    1.1000    1.0251    0.0123         4
    1.1050    1.0153    0.0123         4
    1.1100    1.0312    0.0123         4
    1.1150    1.0322    0.0136         4
    1.1200    1.0594    0.0139         4
    1.1250    1.0824    0.0143         4
    1.1300    1.0790    0.0150         4
    1.1350    1.0501    0.0154         4
    1.1400    1.0511    0.0146         4
    1.1450    1.0848    0.0172         4
    1.1500    1.0489    0.0149         4
    1.1550    1.0547    0.0145         4
    1.1600    1.0840    0.0146         4
    1.1650    1.0834    0.0140         4
    1.1700    1.0971    0.0143         4
    1.1750    1.0936    0.0129         4
    1.1800    1.1028    0.0127         4
    1.1850    1.1098    0.0137         4
    1.1900    1.1230    0.0138         4
    1.1950    1.1111    0.0147         4
    1.2000    1.1048    0.0138         4
    1.2050    1.1079    0.0137         4
    1.2100    1.1127    0.0139         4
    1.2150    1.1399    0.0146         4
    1.2200    1.1214    0.0131         4
    1.2250    1.0785    0.0139         4
    1.2300    1.0877    0.0160         4
    1.2350    1.1080    0.0134         4
    1.2400    1.1184    0.0149         4
    1.2450    1.1202    0.0148         4
    1.2500    1.1325    0.0139         4
    1.2550    1.1178    0.0139         4
    1.2600    1.0932    0.0142         3
    1.2650    1.1359    0.0139         4
    1.2700    1.1547    0.0145         4
    1.2750    1.1308    0.0158         3
    1.2800    1.1041    0.0149         1
    1.2850    1.1457    0.0155         4
    1.2900    1.1513    0.0150         4
    1.2950    1.1714    0.0141         4
    1.3000    1.1786    0.0147         4
    1.3050    1.1752    0.0134         4
    1.3100    1.1581    0.0145         4
    1.3150    1.1604    0.0149         4
    1.3200    1.1558    0.0142         4
    1.3250    1.1638    0.0149         4
    1.3300    1.1815    0.0160         4
    1.3350    1.1787    0.0162         4
    1.3400    1.1648    0.0172         4
    1.3450    1.1476    0.0189         2
    1.3500    1.1384    0.0201         3
    1.3550    1.1399    0.0256         2
    1.3600    1.1963    0.0388         2
    1.3650    1.1367    0.0468         2
    1.3700    1.1518    0.0466         2
    1.3750    1.1781    0.0471         3
    1.3800    1.1714    0.0416         4
    1.3850    1.1809    0.0378         4
    1.3900    1.2054    0.0368         4
    1.3950    1.1574    0.0415         3
    1.4000    1.1679    0.0319         1
    1.4050    1.2008    0.0357         3
    1.4100   -1.0000   -1.0000         0
    1.4150    1.2936    0.0306         1
    1.4200    1.2507    0.0265         3
    1.4250    1.2356    0.0245         4
    1.4300    1.1947    0.0214         4
    1.4350    1.2119    0.0234         4
    1.4400    1.2057    0.0219         4
    1.4450    1.1891    0.0218         4
    1.4500    1.2103    0.0218         4
    1.4550    1.2258    0.0222         4
    1.4600    1.2036    0.0199         4
    1.4650    1.1976    0.0187         4
    1.4700    1.2069    0.0184         4
    1.4750    1.2331    0.0190         3
    1.4800   -1.0000   -1.0000         0
    1.4850    1.2530    0.0188         2
    1.4900    1.2165    0.0170         4
    1.4950    1.1963    0.0171         4
    1.5000    1.2060    0.0173         4
    1.5050    1.2083    0.0163         4
    1.5100    1.2377    0.0177         4
    1.5150    1.1864    0.0163         4
    1.5200    1.1800    0.0163         4
    1.5250    1.1823    0.0152         4
    1.5300    1.1521    0.0153         4
    1.5350    1.1852    0.0167         4
    1.5400    1.2128    0.0161         4
    1.5450    1.1875    0.0170         4
    1.5500    1.1664    0.0164         4
    1.5550    1.1429    0.0155         4
    1.5600    1.1988    0.0160         4
    1.5650    1.2401    0.0168         4
    1.5700    1.2061    0.0175         4
    1.5750    1.1647    0.0195         4
    1.5800    1.1222    0.0180         4
    1.5850    1.1411    0.0182         4
    1.5900    1.1866    0.0170         4
    1.5950    1.2239    0.0172         4
    1.6000    1.1926    0.0172         4
    1.6050    1.1565    0.0181         4
    1.6100    1.2212    0.0179         4
    1.6150    1.2465    0.0163         4
    1.6200    1.2001    0.0167         4
    1.6250    1.1861    0.0170         4
    1.6300    1.1604    0.0163         4
    1.6350    1.1581    0.0172         4
    1.6400    1.1637    0.0168         4
    1.6450    1.1582    0.0168         4
    1.6500    1.1642    0.0179         4
    1.6550    1.1646    0.0181         4
    1.6600    1.1177    0.0174         4
    1.6650    1.1453    0.0171         4
    1.6700    1.1407    0.0183         4
    1.6750    1.1344    0.0180         4
    1.6800    1.1618    0.0197         4
    1.6850    1.1723    0.0191         4
    1.6900    1.1750    0.0181         4
    1.6950    1.1814    0.0182         4
    1.7000    1.1558    0.0168         4
    1.7050    1.2192    0.0182         4
    1.7100    1.2167    0.0168         4
    1.7150    1.1771    0.0191         4
    1.7200    1.1598    0.0178         4
    1.7250    1.1474    0.0188         4
    1.7300    1.1438    0.0196         4
    1.7350    1.1172    0.0190         4
    1.7400    1.0973    0.0197         4
    1.7450    1.1500    0.0191         4
    1.7500    1.1703    0.0191         4
    1.7550    1.1672    0.0184         4
    1.7600    1.1704    0.0187         4
    1.7650    1.1520    0.0195         4
    1.7700    1.0822    0.0202         4
    1.7750    1.0083    0.0216         4
    1.7800    1.0594    0.0213         4
    1.7850    1.1091    0.0216         4
    1.7900    1.0962    0.0216         4
    1.7950    1.0650    0.0233         4
    1.8000    1.0650    0.0226         4
    1.8050    1.1923    0.0279         4
    1.8100    1.1938    0.0309         3
    1.8150    1.1121    0.0316         3
    1.8200    0.9641    0.0329         4
    1.8250    1.1043    0.0396         4
    1.8300    1.2157    0.0544         2
    1.8350    1.2287    0.0640         3
    1.8400    1.0203    0.0800         3
    1.8450    1.0392    0.0898         3
    1.8500    1.1203    0.0948         3
    1.8550    1.0826    0.0712         4
    1.8600    1.0251    0.0729         4
    1.8650    1.1759    0.0824         4
    1.8700    1.0045    0.0882         4
    1.8750    1.0738    0.0697         1
    1.8800    1.0654    0.0898         4
    1.8850    1.0140    0.0536         4
    1.8900    1.0976    0.0497         4
    1.8950    1.1795    0.0512         4
    1.9000    1.1419    0.0572         4
    1.9050    1.1060    0.0652         4
    1.9100    1.1505    0.0770         3
    1.9150    1.1531    0.0658         3
    1.9200    0.9396    0.0591         3
    1.9250    1.0208    0.0407         1
    1.9300    1.0357    0.0462         4
    1.9350    1.1995    0.0440         4
    1.9400    1.1460    0.0369         4
    1.9450    1.0282    0.0374         4
    1.9500    1.0768    0.0356         4
    1.9550    1.0739    0.0392         4
    1.9600    1.0243    0.0364         4
    1.9650    1.0286    0.0369         4
    1.9700    1.0089    0.0296         4
    1.9750    1.0422    0.0295         4
    1.9800    1.0834    0.0258         4
    1.9850    1.0931    0.0274         4
    1.9900    1.1309    0.0263         4
    1.9950    1.2018    0.0314         4
    2.0000    1.1569    0.0390         1
    2.0050    1.0650    0.0415         1
    2.0100    1.1728    0.0423         4
    2.0150    1.0792    0.0394         4
    2.0200    1.1120    0.0405         4
    2.0250    1.1237    0.0321         4
    2.0300    1.0799    0.0280         4
    2.0350    1.1280    0.0271         4
    2.0400    1.1540    0.0282         4
    2.0450    1.0604    0.0242         4
    2.0500    1.0734    0.0291         4
    2.0550    1.1142    0.0318         4
    2.0600    1.1598    0.0330         4
    2.0650    1.2008    0.0304         4
    2.0700    1.1245    0.0323         4
    2.0750    1.1122    0.0315         4
    2.0800    1.1716    0.0289         4
    2.0850    1.1287    0.0285         4
    2.0900    1.0994    0.0267         4
    2.0950    1.1482    0.0293         4
    2.1000    1.1866    0.0263         4
    2.1050    1.2028    0.0280         4
    2.1100    1.1423    0.0289         4
    2.1150    1.0966    0.0287         4
    2.1200    1.1454    0.0316         4
    2.1250    1.1664    0.0314         4
    2.1300    1.1238    0.0277         4
    2.1350    1.1542    0.0302         4
    2.1400    1.2058    0.0313         4
    2.1450    1.2515    0.0345         4
    2.1500    1.3037    0.0311         4
    2.1550    1.1701    0.0294         4
    2.1600    1.1317    0.0330         4
    2.1650    1.1866    0.0321         4
    2.1700    1.1415    0.0335         4
    2.1750    1.0579    0.0313         4
    2.1800    1.1327    0.0345         4
    2.1850    1.1662    0.0336         4
    2.1900    1.1360    0.0306         4
    2.1950    1.1654    0.0327         4
    2.2000    1.1986    0.0364         4
    2.2050    1.2533    0.0351         4
    2.2100    1.2611    0.0337         4
    2.2150    1.2138    0.0352         4
    2.2200    1.1684    0.0330         4
    2.2250    1.1928    0.0361         4
    2.2300    1.2018    0.0347         4
    2.2350    1.1780    0.0339         4
    2.2400    1.1519    0.0344         4
    2.2450    1.1986    0.0345         4
    2.2500    1.2240    0.0362         4
    2.2550    1.2234    0.0357         4
    2.2600    1.2288    0.0365         4
    2.2650    1.2057    0.0355         4
    2.2700    1.2241    0.0373         4
    2.2750    1.1672    0.0344         4
    2.2800    1.1390    0.0349         4
    2.2850    1.1103    0.0328         3
    2.2900    1.1290    0.0386         1
    2.2950    1.2233    0.0418         4
    2.3000    1.2727    0.0351         4
    2.3050    1.1654    0.0342         4
    2.3100    1.1496    0.0378         4
    2.3150    1.0745    0.0428         4
    2.3200    1.0264    0.0365         4
    2.3250    1.1085    0.0412         4
    2.3300    1.1451    0.0380         4
    2.3350    1.1225    0.0373         4
    2.3400    1.1576    0.0402         4
    2.3450    1.1469    0.0406         4
    2.3500    1.0589    0.0380         4
    2.3550    1.1891    0.0462         3
    2.3600    1.1778    0.0457         1
    2.3650    1.1501    0.0430         4
    2.3700    1.0321    0.0416         4
    2.3750    1.0792    0.0411         4
    2.3800    1.0457    0.0417         4
    2.3850    1.0956    0.0458         3
    2.3900    1.2633    0.0459         1
    2.3950    1.2283    0.0427         4
    2.4000    1.1950    0.0421         4
    2.4050    1.1654    0.0464         4
    2.4100    1.0092    0.0562         3
    2.4150    1.0304    0.0454         1
    2.4200    1.1220    0.0476         4
    2.4250    1.2517    0.0497         4
    2.4300    1.2760    0.0555         4
    2.4350    1.0241    0.0444         2
    2.4400    1.0995    0.0574         3
    2.4450   -1.0000   -1.0000         0
    2.4500   -1.0000   -1.0000         0
    2.4550   -1.0000   -1.0000         0
    2.4600   -1.0000   -1.0000         0
    2.4650   -1.0000   -1.0000         0
    2.4700   -1.0000   -1.0000         0
    2.4750   -1.0000   -1.0000         0
    2.4800   -1.0000   -1.0000         0
    2.4850   -1.0000   -1.0000         0
    2.4900   -1.0000   -1.0000         0
