0.51118  0.924
0.51247  0.918
0.51377  0.930
0.51506  0.912
0.51635  0.931
0.51764  0.945
0.51894  0.946
0.52023  0.939
0.52152  0.932
0.52282  0.933
0.52411  0.931
0.52541  0.932
0.52670  0.954
0.52799  0.943
0.52929  0.941
0.53058  0.941
0.53187  0.936
0.53317  0.954
0.53446  0.950
0.53575  0.947
0.53705  0.958
0.53834  0.952
0.53964  0.964
0.54093  0.977
0.54222  0.964
0.54352  0.959
0.54481  0.959
0.54611  0.964
0.54740  0.974
0.54870  0.977
0.54999  0.977
0.55129  0.977
0.55258  0.981
0.55387  0.976
0.55517  0.982
0.55646  0.990
0.55776  0.981
0.55905  0.996
0.56035  0.993
0.56164  0.987
0.56294  0.991
0.56423  0.996
0.56553  0.995
0.56682  0.999
0.56812  0.993
0.56941  0.998
0.57071  1.005
0.57200  1.003
0.57330  1.001
0.57459  1.007
0.57589  1.010
0.57718  1.006
0.57848  1.010
0.57978  1.015
0.58107  1.014
0.58237  1.012
0.58366  1.019
0.58496  1.020
0.58625  1.019
0.58755  1.017
0.58885  1.025
0.59014  1.032
0.59144  1.025
0.59273  1.030
0.59403  1.028
0.59533  1.029
0.59662  1.028
0.59792  1.035
0.59922  1.034
0.60051  1.030
0.60181  1.038
0.60310  1.043
0.60440  1.044
0.60570  1.051
0.60699  1.046
0.60829  1.048
0.60959  1.054
0.61088  1.051
0.61218  1.046
0.61348  1.060
0.61477  1.051
0.61607  1.060
0.61737  1.065
0.61867  1.060
0.61996  1.066
0.62126  1.066
0.62256  1.067
0.62385  1.070
0.62515  1.069
0.62645  1.071
0.62775  1.070
0.62904  1.071
0.63034  1.069
0.63164  1.076
0.63294  1.076
0.63423  1.078
0.63553  1.084
0.63683  1.079
0.63813  1.081
0.63942  1.080
0.64072  1.089
0.64202  1.103
0.64332  1.089
0.64462  1.082
0.64591  1.098
0.64721  1.094
0.64851  1.093
0.64981  1.103
0.65111  1.099
0.65241  1.101
0.65370  1.097
0.65500  1.098
0.65630  1.107
0.65760  1.115
0.65890  1.107
0.66019  1.116
0.66149  1.113
0.66279  1.111
0.66409  1.116
0.66539  1.115
0.66669  1.117
0.66799  1.120
0.66929  1.122
0.67058  1.123
0.67188  1.127
0.67318  1.123
0.67448  1.125
0.67578  1.133
0.67708  1.127
0.67838  1.135
0.67968  1.132
0.68098  1.135
0.68228  1.131
0.68358  1.135
0.68488  1.142
0.68618  1.128
0.68748  1.142
0.68878  1.134
0.69007  1.141
0.69137  1.151
0.69267  1.141
0.69397  1.145
0.69527  1.151
0.69657  1.151
0.69787  1.155
0.69917  1.150
0.70047  1.160
0.70177  1.154
0.70307  1.159
0.70437  1.158
0.70567  1.161
0.70697  1.159
0.70827  1.163
0.70957  1.164
0.71088  1.163
0.71218  1.163
0.71348  1.172
0.71478  1.172
0.71608  1.170
0.71738  1.173
0.71868  1.181
0.71998  1.175
0.72128  1.173
0.72258  1.180
0.72388  1.173
0.72518  1.180
0.72648  1.186
0.72778  1.174
0.72908  1.183
0.73039  1.181
0.73169  1.182
0.73299  1.181
0.73429  1.183
0.73559  1.182
0.73689  1.191
0.73819  1.184
0.73950  1.187
0.74080  1.184
0.74210  1.190
0.74340  1.190
0.74470  1.194
0.74600  1.189
0.74730  1.184
0.74861  1.189
0.74991  1.191
0.75121  1.189
0.75251  1.195
0.75381  1.187
0.75512  1.204
0.75642  1.190
0.75772  1.196
0.75902  1.188
0.76032  1.009
0.76163  1.199
0.76293  1.183
0.76423  1.185
0.76553  1.197
0.76684  1.207
0.76814  1.184
0.76944  1.199
0.77074  1.191
0.77205  1.201
0.77335  1.200
0.77465  1.195
0.77595  1.192
0.77726  1.191
0.77856  1.196
0.77986  1.194
0.78116  1.192
0.78247  1.189
0.78377  1.190
0.78507  1.193
0.78638  1.192
0.78768  1.186
0.78898  1.190
0.79029  1.190
0.79159  1.190
0.79289  1.188
0.79420  1.192
0.79550  1.185
0.79680  1.186
0.79811  1.189
0.79941  1.196
0.80071  1.178
0.80202  1.178
0.80332  1.187
0.80463  1.178
0.80593  1.181
0.80723  1.189
0.80854  1.187
0.80984  1.181
0.81114  1.177
0.81245  1.171
0.81375  1.182
0.81506  1.175
0.81636  1.179
0.81766  1.184
0.81897  1.186
0.82027  1.183
0.82158  1.174
0.82288  1.161
0.82419  1.163
0.82549  1.164
0.82679  1.165
0.82810  1.171
0.82940  1.165
0.83071  1.160
0.83201  1.170
0.83332  1.161
0.83462  1.172
0.83593  1.153
0.83723  1.127
0.83854  1.063
0.83984  1.072
0.84115  1.105
0.84245  1.161
0.84376  1.154
0.84506  1.157
0.84637  1.157
0.84767  1.152
0.84898  1.135
0.85028  1.164
0.85159  1.151
0.85289  1.142
0.85420  1.153
0.85550  1.140
0.85681  1.137
0.85812  1.147
0.85942  1.135
0.86073  1.142
0.86203  1.138
0.86334  1.125
0.86464  1.132
0.86595  1.137
0.86726  1.136
0.86856  1.131
0.86987  1.132
0.87117  1.134
0.87248  1.130
0.87379  1.134
0.87509  1.127
0.87640  1.128
0.87770  1.119
0.87901  1.126
0.88032  1.122
0.88162  1.122
0.88293  1.118
0.88424  1.115
0.88554  1.119
0.88685  1.119
0.88816  1.118
0.88946  1.123
0.89077  1.119
0.89208  1.111
0.89338  1.101
0.89469  1.116
0.89600  1.108
0.89730  1.112
0.89861  1.119
0.89992  1.104
0.90122  1.095
0.90253  1.099
0.90384  1.106
0.90514  1.104
0.90645  1.098
0.90776  1.106
0.90907  1.100
0.91038  1.109
0.91168  1.105
0.91299  1.101
0.91430  1.102
0.91560  1.098
0.91691  1.106
0.91822  1.094
0.91953  1.097
0.92083  1.112
0.92214  1.113
0.92345  1.106
0.92476  1.111
0.92607  1.101
0.92737  1.115
0.92868  1.098
0.92999  1.104
0.93130  1.099
0.93261  1.080
0.93391  1.097
0.93522  1.082
0.93653  1.081
0.93784  1.097
0.93915  1.112
0.94046  1.103
0.94176  1.102
0.94307  1.091
0.94438  1.102
0.94569  1.092
0.94700  1.101
0.94831  1.072
0.94961  1.064
0.95092  1.104
0.95223  1.125
0.95354  1.111
0.95485  1.119
0.95616  1.119
0.95747  1.125
0.95878  1.112
0.96009  1.121
0.96139  1.122
0.96270  1.100
0.96401  1.124
0.96532  1.134
0.96663  1.161
0.96794  1.148
0.96925  1.132
0.97056  1.156
0.97187  1.164
0.97318  1.143
0.97449  1.176
0.97580  1.143
0.97711  1.169
0.97842  1.157
0.97973  1.170
0.98104  1.171
0.98235  1.148
0.98365  1.128
0.98496  1.164
0.98628  1.099
0.98759  1.160
