0.384145 0.970247 0.014554
0.384340 0.965136 0.014477
0.384535 0.990310 0.014855
0.384729 0.969503 0.014543
0.384924 0.950882 0.014263
0.385119 0.961163 0.014417
0.385314 0.972510 0.014588
0.385509 0.970247 0.014554
0.385704 0.955530 0.014333
0.385899 0.970810 0.014562
0.386094 0.997588 0.014964
0.386289 0.967685 0.014515
0.386483 1.007520 0.015113
0.386678 0.965136 0.014477
0.386873 0.990401 0.014856
0.387068 0.922760 0.013841
0.387263 0.934276 0.014014
0.387458 0.947856 0.014218
0.387653 0.949006 0.014235
0.387848 0.934962 0.014024
0.388043 0.929950 0.013949
0.388237 0.932785 0.013992
0.388432 0.964466 0.014467
0.388627 0.983465 0.014752
0.388822 0.946927 0.014204
0.389017 0.947603 0.014214
0.389212 0.931449 0.013972
0.389407 0.989526 0.014843
0.389602 0.967685 0.014515
0.389796 0.974917 0.014624
0.389991 0.995297 0.014929
0.390186 0.945531 0.014183
0.390381 0.945818 0.014187
0.390576 0.958095 0.014371
0.390771 0.972534 0.014588
0.390966 0.997737 0.014966
0.391161 1.007780 0.015117
0.391356 1.009820 0.015147
0.391550 0.980409 0.014706
0.391745 0.985995 0.014790
0.391940 1.017860 0.015268
0.392135 0.974705 0.014621
0.392330 0.946163 0.014192
0.392525 0.989203 0.014838
0.392720 0.964380 0.014466
0.392915 0.980409 0.014706
0.393109 0.980409 0.014706
0.393304 0.974917 0.014624
0.393499 0.974917 0.014624
0.393694 0.935299 0.014029
0.393889 0.964255 0.014464
0.394084 1.016940 0.015254
0.394279 0.998974 0.014985
0.394474 1.016440 0.015247
0.394669 0.992159 0.014882
0.394863 0.966698 0.014500
0.395058 0.981430 0.014721
0.395253 1.016890 0.015253
0.395448 1.028930 0.015434
0.395643 1.015460 0.015232
0.395838 1.006010 0.015090
0.396033 1.011710 0.015176
0.396228 0.989823 0.014847
0.396423 0.957043 0.014356
0.396617 0.947061 0.014206
0.396812 0.991727 0.014876
0.397007 0.991727 0.014876
0.397202 0.952032 0.014280
0.397397 0.972347 0.014585
0.397592 1.037930 0.015569
0.397787 1.019670 0.015295
0.397982 0.991727 0.014876
0.398176 0.985927 0.014789
0.398371 0.988812 0.014832
0.398566 1.000780 0.015012
0.398761 0.986815 0.014802
0.398956 0.992019 0.014880
0.399151 1.005170 0.015078
0.399346 1.006510 0.015098
0.399541 1.010240 0.015154
0.399736 0.997779 0.014967
0.399930 1.000970 0.015015
0.400125 0.988114 0.014822
0.400320 0.983998 0.014760
0.400515 0.975166 0.014627
0.400710 0.974725 0.014621
0.400905 0.967342 0.014510
0.401100 1.000490 0.015007
0.401295 1.001070 0.015016
0.401490 0.993844 0.014908
0.401684 0.977644 0.014665
0.401879 0.970975 0.014565
0.402074 0.984466 0.014767
0.402269 0.991084 0.014866
0.402464 0.991031 0.014865
0.402659 0.979697 0.014695
0.402854 0.989260 0.014839
0.403049 0.974107 0.014612
0.403243 0.976787 0.014652
0.403438 0.963192 0.014448
0.403633 0.993329 0.014900
0.403828 0.988114 0.014822
0.404023 0.990259 0.014854
0.404218 0.981407 0.014721
0.404413 0.947958 0.014219
0.404608 0.941495 0.014122
0.404803 0.944373 0.014166
0.404997 0.960660 0.014410
0.405192 0.966927 0.014504
0.405387 0.938029 0.014070
0.405582 0.945067 0.014176
0.405777 0.954685 0.014320
0.405972 0.951301 0.014270
0.406167 0.974824 0.014622
0.406362 0.963315 0.014450
0.406556 0.932808 0.013992
0.406751 0.973110 0.014597
0.406946 0.979599 0.014694
0.407141 0.962963 0.014444
0.407336 0.966825 0.014502
0.407531 0.965415 0.014481
0.407726 0.935514 0.014033
0.407921 0.932150 0.013982
0.408116 0.951004 0.014265
0.408310 0.959551 0.014393
0.408505 0.936318 0.014045
0.408700 0.943424 0.014151
0.408895 0.934272 0.014014
0.409090 0.957016 0.014355
0.409285 0.926509 0.013898
0.409480 0.956209 0.014343
0.409675 0.929037 0.013936
0.409870 0.938798 0.014082
0.410064 0.933094 0.013996
0.410259 0.939437 0.014092
0.410454 0.930290 0.013954
0.410649 0.936782 0.014052
0.410844 0.948236 0.014224
0.411039 0.946848 0.014203
0.411234 0.942526 0.014138
0.411429 0.932877 0.013993
0.411623 0.933866 0.014008
0.411818 0.941340 0.014120
0.412013 0.939654 0.014095
0.412208 0.919971 0.013800
0.412403 0.949403 0.014241
0.412598 0.940173 0.014103
0.412793 0.954743 0.014321
0.412988 0.947962 0.014219
0.413183 0.942583 0.014139
0.413377 0.940498 0.014107
0.413572 0.942685 0.014140
0.413767 0.948515 0.014228
0.413962 0.952357 0.014285
0.414157 0.943987 0.014160
0.414352 0.930460 0.013957
0.414547 0.927383 0.013911
0.414742 0.948803 0.014232
0.414937 0.952028 0.014280
0.415131 0.939342 0.014090
0.415326 0.937477 0.014062
0.415521 0.959642 0.014395
0.415716 0.917433 0.013761
0.415911 0.924047 0.013861
0.416106 0.928107 0.013922
0.416301 0.928813 0.013932
0.416496 0.922337 0.013835
0.416690 0.937556 0.014063
0.416885 0.933259 0.013999
0.417080 0.928293 0.013924
0.417275 0.931878 0.013978
0.417470 0.916180 0.013743
0.417665 0.931213 0.013968
0.417860 0.945700 0.014185
0.418055 0.934853 0.014023
0.418250 0.946671 0.014200
0.418444 0.936625 0.014049
0.418639 0.914846 0.013723
0.418834 0.925971 0.013890
0.419029 0.932163 0.013982
0.419224 0.947454 0.014212
0.419419 0.950054 0.014251
0.419614 0.945112 0.014177
0.419809 0.947023 0.014205
0.420004 0.929054 0.013936
0.420198 0.941938 0.014129
0.420393 0.947953 0.014219
0.420588 0.952643 0.014290
0.420783 0.957067 0.014356
0.420978 0.949869 0.014248
0.421173 0.937449 0.014062
0.421368 0.942420 0.014136
0.421563 0.952221 0.014283
0.421757 0.958272 0.014374
0.421952 0.965074 0.014476
0.422147 0.975785 0.014637
0.422342 0.990669 0.014860
0.422537 0.958035 0.014371
0.422732 0.965436 0.014482
0.422927 0.967968 0.014520
0.423122 0.990975 0.014865
0.423317 0.998070 0.014971
0.423511 0.970594 0.014559
0.423706 0.960039 0.014401
0.423901 0.966288 0.014494
0.424096 0.970859 0.014563
0.424291 0.981014 0.014715
0.424486 0.987590 0.014814
0.424681 0.979117 0.014687
0.424876 0.967844 0.014518
0.425070 0.945648 0.014185
0.425265 0.972069 0.014581
0.425460 0.980596 0.014709
0.425655 0.986649 0.014800
0.425850 0.962779 0.014442
0.426045 0.950897 0.014263
0.426240 0.955441 0.014332
0.426435 0.966520 0.014498
0.426630 0.979394 0.014691
0.426824 0.991545 0.014873
0.427019 0.973037 0.014596
0.427214 0.943037 0.014146
0.427409 0.930480 0.013957
0.427604 0.946258 0.014194
0.427799 0.976245 0.014644
0.427994 0.973711 0.014606
0.428189 0.939040 0.014086
0.428383 0.938622 0.014079
0.428578 0.947194 0.014208
0.428773 0.953255 0.014299
0.428968 0.933306 0.014000
0.429163 0.960812 0.014412
0.429358 0.971783 0.014577
0.429553 0.976228 0.014643
0.429748 0.962343 0.014435
0.429943 0.944393 0.014166
0.430137 0.923236 0.013849
0.430332 0.927987 0.013920
0.430527 0.958875 0.014383
0.430722 0.922600 0.013839
0.430917 0.912440 0.013687
0.431112 0.944393 0.014166
0.431307 0.896700 0.013450
0.431502 0.914656 0.013720
0.431697 0.938303 0.014075
0.431891 0.965120 0.014477
0.432086 0.965119 0.014477
0.432281 0.940693 0.014110
0.432476 0.917348 0.013760
0.432671 0.907951 0.013619
0.432866 0.929975 0.013950
0.433061 0.959985 0.014400
0.433256 0.982775 0.014742
0.433450 0.969769 0.014547
0.433645 0.958313 0.014375
0.433840 0.939774 0.014097
0.434035 0.891797 0.013377
0.434230 0.924519 0.013868
0.434425 0.948534 0.014228
0.434620 0.949604 0.014244
0.434815 0.952543 0.014288
0.435010 0.954037 0.014311
0.435204 0.937729 0.014066
0.435399 0.926484 0.013897
0.435594 0.940350 0.014105
0.435789 0.948173 0.014223
0.435984 0.943979 0.014160
0.436179 0.956060 0.014341
0.436374 0.947532 0.014213
0.436569 0.944999 0.014175
0.436764 0.925461 0.013882
0.436958 0.934154 0.014012
0.437153 0.927618 0.013914
0.437348 0.938305 0.014075
0.437543 0.950012 0.014250
0.437738 0.948383 0.014226
0.437933 0.948495 0.014227
0.438128 0.959632 0.014394
0.438323 0.958736 0.014381
0.438517 0.936064 0.014041
0.438712 0.937135 0.014057
0.438907 0.951731 0.014276
0.439102 0.953485 0.014302
0.439297 0.949722 0.014246
0.439492 0.939961 0.014099
0.439687 0.949639 0.014245
0.439882 0.955112 0.014327
0.440077 0.946521 0.014198
0.440271 0.942848 0.014143
0.440466 0.943560 0.014153
0.440661 0.944136 0.014162
0.440856 0.957216 0.014358
0.441051 0.969528 0.014543
0.441246 0.972133 0.014582
0.441441 0.950404 0.014256
0.441636 0.944594 0.014169
0.441831 0.952853 0.014293
0.442025 0.965777 0.014487
0.442220 0.984870 0.014773
0.442415 0.961743 0.014426
0.442610 0.944424 0.014166
0.442805 0.968427 0.014526
0.443000 0.965881 0.014488
0.443195 0.960542 0.014408
0.443390 0.968604 0.014529
0.443584 0.962391 0.014436
0.443779 0.965328 0.014480
0.443974 0.982113 0.014732
0.444169 0.975466 0.014632
0.444364 0.942216 0.014133
0.444559 0.939416 0.014091
0.444754 0.964347 0.014465
0.444949 0.965898 0.014488
0.445144 0.958656 0.014380
0.445338 0.959147 0.014387
0.445533 0.956249 0.014344
0.445728 0.963632 0.014454
0.445923 0.959408 0.014391
0.446118 0.957461 0.014362
0.446313 0.950234 0.014254
0.446508 0.972289 0.014584
0.446703 0.977031 0.014655
0.446898 0.963577 0.014454
0.447092 0.952325 0.014285
0.447287 0.949502 0.014243
0.447482 0.957293 0.014359
0.447677 0.953456 0.014302
0.447872 0.952416 0.014286
0.448067 0.953691 0.014305
0.448262 0.945278 0.014179
0.448457 0.950618 0.014259
0.448651 0.964382 0.014466
0.448846 0.966240 0.014494
0.449041 0.953127 0.014297
0.449236 0.941952 0.014129
0.449431 0.951656 0.014275
0.449626 0.943569 0.014154
0.449821 0.946269 0.014194
0.450016 0.941087 0.014116
0.450210 0.946260 0.014194
0.450405 0.948892 0.014233
0.450600 0.939196 0.014088
0.450795 0.944939 0.014174
0.450990 0.937405 0.014061
0.451185 0.947134 0.014207
0.451380 0.945174 0.014178
0.451575 0.945509 0.014183
0.451770 0.948730 0.014231
0.451964 0.949397 0.014241
0.452159 0.945249 0.014179
0.452354 0.945870 0.014188
0.452549 0.955765 0.014336
0.452744 0.949622 0.014244
0.452939 0.944681 0.014170
0.453134 0.949425 0.014241
0.453329 0.952123 0.014282
0.453524 0.955728 0.014336
0.453718 0.957664 0.014365
0.453913 0.946181 0.014193
0.454108 0.944386 0.014166
0.454303 0.951277 0.014269
0.454498 0.956474 0.014347
0.454693 0.954332 0.014315
0.454888 0.942284 0.014134
0.455083 0.946018 0.014190
0.455277 0.951233 0.014268
0.455472 0.947498 0.014212
0.455667 0.945929 0.014189
0.455862 0.958426 0.014376
0.456057 0.942194 0.014133
0.456252 0.964613 0.014469
0.456447 0.949565 0.014243
0.456642 0.934800 0.014022
0.456837 0.952207 0.014283
0.457031 0.961857 0.014428
0.457226 0.954835 0.014323
0.457421 0.942445 0.014137
0.457616 0.961261 0.014419
0.457811 0.957120 0.014357
0.458006 0.959567 0.014394
0.458201 0.946482 0.014197
0.458396 0.943867 0.014158
0.458591 0.954326 0.014315
0.458785 0.963387 0.014451
0.458980 0.955281 0.014329
0.459175 0.950057 0.014251
0.459370 0.950507 0.014258
0.459565 0.964524 0.014468
0.459760 0.976665 0.014650
0.459955 0.972318 0.014585
0.460150 0.960425 0.014406
0.460344 0.953088 0.014296
0.460539 0.949102 0.014237
0.460734 0.952656 0.014290
0.460929 0.947688 0.014215
0.461124 0.962874 0.014443
0.461319 0.973230 0.014598
0.461514 0.949922 0.014249
0.461709 0.944138 0.014162
0.461904 0.941836 0.014128
0.462098 0.946369 0.014196
0.462293 0.963628 0.014454
0.462488 0.954850 0.014323
0.462683 0.955575 0.014334
0.462878 0.954704 0.014321
0.463073 0.953911 0.014309
0.463268 0.953756 0.014306
0.463463 0.945697 0.014185
0.463658 0.947710 0.014216
0.463852 0.948732 0.014231
0.464047 0.950088 0.014251
0.464242 0.951226 0.014268
0.464437 0.961269 0.014419
0.464632 0.961974 0.014430
0.464827 0.959454 0.014392
0.465022 0.961351 0.014420
0.465217 0.969808 0.014547
0.465411 0.967400 0.014511
0.465606 0.964538 0.014468
0.465801 0.961445 0.014422
0.465996 0.971185 0.014568
0.466191 0.973704 0.014606
0.466386 0.974678 0.014620
0.466581 0.971996 0.014580
0.466776 0.959975 0.014400
0.466971 0.954518 0.014318
0.467165 0.976639 0.014650
0.467360 0.980636 0.014710
0.467555 0.964764 0.014471
0.467750 0.957952 0.014369
0.467945 0.964814 0.014472
0.468140 0.941772 0.014127
0.468335 0.939247 0.014089
0.468530 0.965167 0.014478
0.468725 0.953626 0.014304
0.468919 0.951267 0.014269
0.469114 0.966496 0.014497
0.469309 0.970520 0.014558
0.469504 0.968987 0.014535
0.469699 0.967568 0.014514
0.469894 0.980839 0.014713
0.470089 0.974806 0.014622
0.470284 0.967227 0.014508
0.470478 0.961115 0.014417
0.470673 0.971194 0.014568
0.470868 0.962228 0.014433
0.471063 0.961896 0.014428
0.471258 0.972939 0.014594
0.471453 0.968875 0.014533
0.471648 0.969875 0.014548
0.471843 0.966054 0.014491
0.472038 0.959348 0.014390
0.472232 0.957363 0.014360
0.472427 0.952742 0.014291
0.472622 0.957774 0.014367
0.472817 0.965912 0.014489
0.473012 0.964011 0.014460
0.473207 0.956823 0.014352
0.473402 0.966461 0.014497
0.473597 0.960484 0.014407
0.473792 0.961388 0.014421
0.473986 0.959645 0.014395
0.474181 0.970523 0.014558
0.474376 0.966447 0.014497
0.474571 0.965642 0.014485
0.474766 0.966229 0.014493
0.474961 0.953514 0.014303
0.475156 0.968733 0.014531
0.475351 0.969619 0.014544
0.475545 0.966848 0.014503
0.475740 0.950990 0.014265
0.475935 0.963452 0.014452
0.476130 0.975791 0.014637
0.476325 0.970357 0.014555
0.476520 0.962006 0.014430
0.476715 0.958953 0.014384
0.476910 0.963728 0.014456
0.477104 0.973709 0.014606
0.477299 0.977139 0.014657
0.477494 0.963115 0.014447
0.477689 0.960138 0.014402
0.477884 0.955833 0.014337
0.478079 0.957348 0.014360
0.478274 0.971856 0.014578
0.478469 0.965191 0.014478
0.478664 0.951091 0.014266
0.478858 0.953985 0.014310
0.479053 0.961616 0.014424
0.479248 0.957380 0.014361
0.479443 0.960389 0.014406
0.479638 0.962355 0.014435
0.479833 0.953712 0.014306
0.480028 0.955827 0.014337
0.480223 0.963435 0.014452
0.480418 0.963326 0.014450
0.480612 0.955866 0.014338
0.480807 0.963662 0.014455
0.481002 0.951790 0.014277
0.481197 0.945338 0.014180
0.481392 0.968340 0.014525
0.481587 0.964451 0.014467
0.481782 0.958932 0.014384
0.481977 0.941604 0.014124
0.482171 0.952868 0.014293
0.482366 0.952145 0.014282
0.482561 0.945961 0.014189
0.482756 0.956825 0.014352
0.482951 0.963490 0.014452
0.483146 0.961164 0.014417
0.483341 0.967876 0.014518
0.483536 0.950955 0.014264
0.483731 0.977368 0.014661
0.483925 0.972735 0.014591
0.484120 0.967678 0.014515
0.484315 0.960376 0.014406
0.484510 0.964421 0.014466
0.484705 0.969234 0.014539
0.484900 0.970057 0.014551
0.485095 0.957664 0.014365
0.485290 0.961520 0.014423
0.485485 0.977614 0.014664
0.485679 0.974284 0.014614
0.485874 0.978984 0.014685
0.486069 0.975998 0.014640
0.486264 0.951325 0.014270
0.486459 0.956132 0.014342
0.486654 0.978319 0.014675
0.486849 0.976156 0.014642
0.487044 0.980348 0.014705
0.487238 0.976347 0.014645
0.487433 0.961742 0.014426
0.487628 0.959569 0.014394
0.487823 0.963307 0.014450
0.488018 0.970982 0.014565
0.488213 0.986521 0.014798
0.488408 0.981297 0.014719
0.488603 0.967606 0.014514
0.488798 0.966282 0.014494
0.488992 0.968384 0.014526
0.489187 0.965953 0.014489
0.489382 0.959964 0.014399
0.489577 0.973947 0.014609
0.489772 0.983230 0.014748
0.489967 0.971117 0.014567
0.490162 0.962258 0.014434
0.490357 0.965432 0.014481
0.490552 0.969871 0.014548
0.490746 0.965399 0.014481
0.490941 0.961196 0.014418
0.491136 0.951035 0.014266
0.491331 0.967878 0.014518
0.491526 0.970886 0.014563
0.491721 0.989088 0.014836
0.491916 0.990432 0.014856
0.492111 0.970224 0.014553
0.492305 0.964760 0.014471
0.492500 0.984345 0.014765
0.492695 0.972440 0.014587
0.492890 0.984475 0.014767
0.493085 0.985668 0.014785
0.493280 0.981468 0.014722
0.493475 0.974499 0.014617
0.493670 0.956737 0.014351
0.493865 0.968684 0.014530
0.494059 0.958667 0.014380
0.494254 0.981579 0.014724
0.494449 0.978392 0.014676
0.494644 0.977165 0.014657
0.494839 0.967867 0.014518
0.495034 0.965940 0.014489
0.495229 0.991844 0.014878
0.495424 0.979662 0.014695
0.495619 0.971366 0.014570
0.495813 0.962848 0.014443
0.496008 0.961165 0.014417
0.496203 0.969614 0.014544
0.496398 0.974803 0.014622
0.496593 0.971796 0.014577
0.496788 0.970183 0.014553
0.496983 0.966857 0.014503
0.497178 0.958035 0.014371
0.497372 0.972419 0.014586
0.497567 0.979135 0.014687
0.497762 0.971200 0.014568
0.497957 0.969004 0.014535
0.498152 0.974097 0.014611
0.498347 0.967501 0.014513
0.498542 0.967170 0.014508
0.498737 0.979458 0.014692
0.498931 0.988481 0.014827
0.499126 0.986819 0.014802
0.499321 0.974944 0.014624
0.499516 0.969071 0.014536
0.499711 0.973074 0.014596
0.499906 0.978935 0.014684
0.500101 0.972373 0.014586
0.500296 0.963347 0.014450
0.500491 0.967818 0.014517
0.500685 0.966194 0.014493
0.500880 0.982186 0.014733
0.501075 0.987706 0.014816
0.501270 0.996865 0.014953
0.501465 0.979169 0.014688
0.501660 0.979421 0.014691
0.501855 0.984389 0.014766
0.502050 0.976632 0.014649
0.502245 0.986598 0.014799
0.502439 0.988123 0.014822
0.502634 0.977965 0.014669
0.502829 0.981954 0.014729
0.503024 0.967932 0.014519
0.503219 0.979993 0.014700
0.503414 0.991320 0.014870
0.503609 0.980058 0.014701
0.503804 0.979499 0.014692
0.503998 0.985951 0.014789
0.504193 0.973296 0.014599
0.504388 0.957934 0.014369
0.504583 0.965946 0.014489
0.504778 0.986264 0.014794
0.504973 0.978411 0.014676
0.505168 0.960804 0.014412
0.505363 0.981681 0.014725
0.505558 0.971164 0.014567
0.505752 0.975886 0.014638
0.505947 0.977412 0.014661
0.506142 0.971983 0.014580
0.506337 0.961336 0.014420
0.506532 0.962906 0.014444
0.506727 0.961567 0.014424
0.506922 0.975522 0.014633
0.507117 0.967376 0.014511
0.507312 0.967801 0.014517
0.507506 0.979074 0.014686
0.507701 0.985124 0.014777
0.507896 0.982862 0.014743
0.508091 0.969067 0.014536
0.508286 0.971374 0.014571
0.508481 0.983514 0.014753
0.508676 0.978863 0.014683
0.508871 0.974037 0.014611
0.509065 0.964311 0.014465
0.509260 0.972559 0.014588
0.509455 0.980397 0.014706
0.509650 0.978197 0.014673
0.509845 0.974525 0.014618
0.510040 0.982821 0.009828
0.510235 0.971807 0.009718
0.510430 0.982692 0.009827
0.510625 0.981339 0.009813
0.510819 0.968093 0.009681
0.511014 0.958660 0.009587
0.511209 0.965054 0.009651
0.511404 0.979943 0.009799
0.511599 0.967501 0.009675
0.511794 0.987212 0.009872
0.511989 0.994541 0.009945
0.512184 0.974040 0.009740
0.512379 0.966808 0.009668
0.512573 0.975554 0.009756
0.512768 0.984165 0.009842
0.512963 0.970329 0.009703
0.513158 0.971725 0.009717
0.513353 0.990612 0.009906
0.513548 0.992684 0.009927
0.513743 0.984764 0.009848
0.513938 0.980160 0.009802
0.514132 0.973157 0.009732
0.514327 0.971065 0.009711
0.514522 0.986282 0.009863
0.514717 0.984300 0.009843
0.514912 0.973422 0.009734
0.515107 0.967999 0.009680
0.515302 0.968447 0.009684
0.515497 0.975322 0.009753
0.515692 0.985894 0.009859
0.515886 0.988580 0.009886
0.516081 0.987670 0.009877
0.516276 0.986062 0.009861
0.516471 0.982245 0.009822
0.516666 0.980820 0.009808
0.516861 0.975560 0.009756
0.517056 0.990223 0.009902
0.517251 1.004510 0.010045
0.517446 0.986507 0.009865
0.517640 0.995696 0.009957
0.517835 1.009790 0.010098
0.518030 1.006760 0.010068
0.518225 0.997285 0.009973
0.518420 0.970437 0.009704
0.518615 0.970542 0.009705
0.518810 0.993661 0.009937
0.519005 1.001010 0.010010
0.519199 1.002780 0.010028
0.519394 0.997344 0.009973
0.519589 0.979072 0.009791
0.519784 0.976608 0.009766
0.519979 0.996413 0.009964
0.520174 0.990135 0.009901
0.520369 0.982714 0.009827
0.520564 0.982149 0.009821
0.520759 0.983467 0.009835
0.520953 1.000330 0.010003
0.521148 0.990378 0.009904
0.521343 0.996734 0.009967
0.521538 1.001370 0.010014
0.521733 0.984303 0.009843
0.521928 0.980376 0.009804
0.522123 1.000290 0.010003
0.522318 0.991951 0.009920
0.522512 0.988658 0.009887
0.522707 0.996721 0.009967
0.522902 0.987988 0.009880
0.523097 0.999410 0.009994
0.523292 0.995591 0.009956
0.523487 0.989637 0.009896
0.523682 0.987557 0.009876
0.523877 0.982584 0.009826
0.524072 0.992926 0.009929
0.524266 0.994059 0.009941
0.524461 0.976243 0.009762
0.524656 0.982848 0.009828
0.524851 0.993973 0.009940
0.525046 0.988107 0.009881
0.525241 0.984969 0.009850
0.525436 0.988079 0.009881
0.525631 0.979050 0.009790
0.525825 0.983796 0.009838
0.526020 0.980061 0.009801
0.526215 0.995873 0.009959
0.526410 0.985274 0.009853
0.526605 0.994966 0.009950
0.526800 0.999201 0.009992
0.526995 0.987557 0.009876
0.527190 0.987557 0.009876
0.527385 0.987557 0.009876
0.527579 0.987464 0.009875
0.527774 0.998664 0.009987
0.527969 1.017490 0.010175
0.528164 0.988025 0.009880
0.528359 0.997349 0.009973
0.528554 0.979787 0.009798
0.528749 0.979168 0.009792
0.528944 0.981240 0.009812
0.529139 0.975031 0.009750
0.529333 0.978058 0.009781
0.529528 0.991271 0.009913
0.529723 0.987464 0.009875
0.529918 0.981325 0.009813
0.530113 0.978700 0.009787
0.530308 0.992825 0.009928
0.530503 0.990888 0.009909
0.530698 0.978500 0.009785
0.530892 0.988298 0.009883
0.531087 0.990242 0.009902
0.531282 0.978956 0.009790
0.531477 0.974053 0.009741
0.531672 0.974564 0.009746
0.531867 0.973304 0.009733
0.532062 0.973342 0.009733
0.532257 0.994811 0.009948
0.532452 0.997194 0.009972
0.532646 0.979968 0.009800
0.532841 1.000700 0.010007
0.533036 0.990365 0.009904
0.533231 0.983759 0.009838
0.533426 0.994508 0.009945
0.533621 0.996891 0.009969
0.533816 0.987077 0.009871
0.534011 0.989658 0.009897
0.534206 0.985363 0.009854
0.534400 0.972948 0.009729
0.534595 0.979686 0.009797
0.534790 0.988175 0.009882
0.534985 0.968043 0.009680
0.535180 0.976823 0.009768
0.535375 0.990163 0.009902
0.535570 0.994973 0.009950
0.535765 0.990906 0.009909
0.535959 0.984005 0.009840
0.536154 0.964923 0.009649
0.536349 0.981037 0.009810
0.536544 0.983950 0.009840
0.536739 0.976368 0.009764
0.536934 0.982248 0.009822
0.537129 0.978707 0.009787
0.537324 0.973685 0.009737
0.537519 0.984415 0.009844
0.537713 0.994288 0.009943
0.537908 0.996153 0.009962
0.538103 0.996646 0.009966
0.538298 0.982709 0.009827
0.538493 0.984155 0.009842
0.538688 0.986910 0.009869
0.538883 0.999438 0.009994
0.539078 0.993346 0.009933
0.539273 0.983349 0.009833
0.539467 0.996538 0.009965
0.539662 0.992787 0.009928
0.539857 0.998865 0.009989
0.540052 1.000390 0.010004
0.540247 0.999029 0.009990
0.540442 0.988363 0.009884
0.540637 0.991629 0.009916
0.540832 0.986559 0.009866
0.541026 0.992894 0.009929
0.541221 0.997098 0.009971
0.541416 0.992423 0.009924
0.541611 0.990535 0.009905
0.541806 0.976521 0.009765
0.542001 0.987937 0.009879
0.542196 0.997067 0.009971
0.542391 0.990337 0.009903
0.542586 1.001780 0.010018
0.542780 1.003720 0.010037
0.542975 0.998921 0.009989
0.543170 0.977231 0.009772
0.543365 0.987491 0.009875
0.543560 0.994824 0.009948
0.543755 0.994379 0.009944
0.543950 0.992480 0.009925
0.544145 0.986272 0.009863
0.544340 0.991071 0.009911
0.544534 0.985413 0.009854
0.544729 0.995752 0.009958
0.544924 0.982885 0.009829
0.545119 0.971765 0.009718
0.545314 0.998191 0.009982
0.545509 0.990073 0.009901
0.545704 0.999727 0.009997
0.545899 0.993062 0.009931
0.546093 0.994668 0.009947
0.546288 1.024930 0.010249
0.546483 0.993062 0.009931
0.546678 1.019420 0.010194
0.546873 1.021660 0.010217
0.547068 0.999593 0.009996
0.547263 1.000440 0.010004
0.547458 0.998384 0.009984
0.547653 0.996896 0.009969
0.547847 0.987488 0.009875
0.548042 0.989436 0.009894
0.548237 0.987925 0.009879
0.548432 0.993016 0.009930
0.548627 0.986485 0.009865
0.548822 0.987624 0.009876
0.549017 0.994031 0.009940
0.549212 0.978472 0.009785
0.549406 0.995224 0.009952
0.549601 0.987670 0.009877
0.549796 0.995477 0.009955
0.549991 0.988209 0.009882
0.550186 0.991243 0.009912
0.550381 0.986764 0.009868
0.550576 0.975170 0.009752
0.550771 0.979399 0.009794
0.550966 0.993267 0.009933
0.551160 0.987757 0.009878
0.551355 0.980396 0.009804
0.551550 0.996827 0.009968
0.551745 0.991261 0.009913
0.551940 0.995323 0.009953
0.552135 0.991713 0.009917
0.552330 0.993013 0.009930
0.552525 0.989015 0.009890
0.552719 0.996622 0.009966
0.552914 0.994205 0.009942
0.553109 0.980758 0.009808
0.553304 0.990986 0.009910
0.553499 0.994609 0.009946
0.553694 1.012130 0.010121
0.553889 0.987633 0.009876
0.554084 0.985727 0.009857
0.554279 0.990196 0.009902
0.554473 0.995078 0.009951
0.554668 0.980622 0.009806
0.554863 0.987988 0.009880
0.555058 0.995433 0.009954
0.555253 0.982818 0.009828
0.555448 0.980006 0.009800
0.555643 0.976131 0.009761
0.555838 0.983607 0.009836
0.556033 0.998230 0.009982
0.556227 0.995748 0.009957
0.556422 0.987626 0.009876
0.556617 0.995653 0.009957
0.556812 0.990765 0.009908
0.557007 0.991957 0.009920
0.557202 0.983868 0.009839
0.557397 0.984605 0.009846
0.557592 0.988428 0.009884
0.557786 0.983263 0.009833
0.557981 0.985117 0.009851
0.558176 0.990624 0.009906
0.558371 0.999121 0.009991
0.558566 0.995450 0.009955
0.558761 1.000620 0.010006
0.558956 1.001110 0.010011
0.559151 1.006090 0.010061
0.559346 0.994819 0.009948
0.559540 1.009820 0.010098
0.559735 1.003100 0.010031
0.559930 0.993663 0.009937
0.560125 1.001070 0.010011
0.560320 1.001680 0.010017
0.560515 0.997304 0.009973
0.560710 0.987144 0.009871
0.560905 0.987890 0.009879
0.561100 0.995933 0.009959
0.561294 0.993466 0.009935
0.561489 0.984888 0.009849
0.561684 0.992462 0.009925
0.561879 0.987332 0.009873
0.562074 0.987587 0.009876
0.562269 1.001760 0.010018
0.562464 1.005630 0.010056
0.562659 1.009130 0.010091
0.562853 1.003610 0.010036
0.563048 0.987148 0.009871
0.563243 0.987037 0.009870
0.563438 0.997753 0.009978
0.563633 0.996550 0.009965
0.563828 0.990346 0.009903
0.564023 0.989360 0.009894
0.564218 0.998271 0.009983
0.564413 0.997258 0.009973
0.564607 1.000600 0.010006
0.564802 0.998873 0.009989
0.564997 0.992247 0.009922
0.565192 0.999597 0.009996
0.565387 0.997188 0.009972
0.565582 0.999712 0.009997
0.565777 1.005690 0.010057
0.565972 0.999999 0.010000
0.566167 0.991235 0.009912
0.566361 0.987329 0.009873
0.566556 0.996190 0.009962
0.566751 1.005930 0.010059
0.566946 1.003050 0.010030
0.567141 0.999845 0.009998
0.567336 0.994657 0.009947
0.567531 0.988702 0.009887
0.567726 0.988650 0.009887
0.567920 0.987802 0.009878
0.568115 0.997979 0.009980
0.568310 1.008270 0.010083
0.568505 1.000080 0.010001
0.568700 0.995483 0.009955
0.568895 1.000460 0.010005
0.569090 1.005770 0.010058
0.569285 1.009480 0.010095
0.569480 1.013480 0.010135
0.569674 1.013270 0.010133
0.569869 1.003840 0.010038
0.570064 1.000090 0.010001
0.570259 1.001730 0.010017
0.570454 1.000940 0.010009
0.570649 0.990169 0.009902
0.570844 0.996387 0.009964
0.571039 1.006190 0.010062
0.571233 1.003530 0.010035
0.571428 1.004040 0.010040
0.571623 1.008150 0.010081
0.571818 1.003800 0.010038
0.572013 1.004340 0.010043
0.572208 0.998742 0.009987
0.572403 0.998742 0.009987
0.572598 0.999051 0.009991
0.572793 0.998742 0.009987
0.572987 0.994565 0.009946
0.573182 0.994990 0.009950
0.573377 0.993078 0.009931
0.573572 0.995777 0.009958
0.573767 0.998484 0.009985
0.573962 0.991422 0.009914
0.574157 0.981462 0.009815
0.574352 0.982879 0.009829
0.574547 0.987033 0.009870
0.574741 0.987615 0.009876
0.574936 0.994438 0.009944
0.575131 0.985247 0.009852
0.575326 0.999650 0.009996
0.575521 0.988590 0.009886
0.575716 0.989241 0.009892
0.575911 0.998742 0.009987
0.576106 0.999051 0.009991
0.576300 1.001240 0.010012
0.576495 0.990829 0.009908
0.576690 0.981798 0.009818
0.576885 1.002940 0.010029
0.577080 1.012810 0.010128
0.577275 0.997117 0.009971
0.577470 1.000000 0.010000
0.577665 0.985084 0.009851
0.577860 0.982972 0.009830
0.578054 0.996783 0.009968
0.578249 1.000650 0.010007
0.578444 1.000180 0.010002
0.578639 0.998357 0.009984
0.578834 0.999952 0.010000
0.579029 1.003390 0.010034
0.579224 1.001600 0.010016
0.579419 1.001060 0.010011
0.579613 1.006120 0.010061
0.579808 0.998624 0.009986
0.580003 1.005680 0.010057
0.580198 0.994517 0.009945
0.580393 0.994860 0.009949
0.580588 1.010010 0.010100
0.580783 0.988393 0.009884
0.580978 0.981266 0.009813
0.581173 0.992366 0.009924
0.581367 0.996792 0.009968
0.581562 0.988142 0.009881
0.581757 1.000770 0.010008
0.581952 0.991549 0.009915
0.582147 0.992534 0.009925
0.582342 0.983416 0.009834
0.582537 0.984355 0.009844
0.582732 0.987494 0.009875
0.582927 0.982290 0.009823
0.583121 0.989369 0.009894
0.583316 0.992790 0.009928
0.583511 0.986083 0.009861
0.583706 0.994993 0.009950
0.583901 0.994320 0.009943
0.584096 0.987971 0.009880
0.584291 0.996993 0.009970
0.584486 0.996108 0.009961
0.584680 0.981763 0.009818
0.584875 0.984597 0.009846
0.585070 0.994802 0.009948
0.585265 0.986418 0.009864
0.585460 0.981584 0.009816
0.585655 0.994056 0.009941
0.585850 0.998907 0.009989
0.586045 0.999018 0.009990
0.586240 1.006460 0.010065
0.586434 1.011310 0.010113
0.586629 1.011180 0.010112
0.586824 1.000680 0.010007
0.587019 0.991590 0.009916
0.587214 1.000670 0.010007
0.587409 0.996236 0.009962
0.587604 0.993055 0.009931
0.587799 0.992356 0.009924
0.587994 0.991963 0.009920
0.588188 0.996949 0.009969
0.588383 1.006230 0.010062
0.588578 0.991892 0.009919
0.588773 0.993454 0.009935
0.588968 0.995309 0.009953
0.589163 0.994591 0.009946
0.589358 0.972140 0.009721
0.589553 0.985349 0.009853
0.589747 1.004040 0.010040
0.589942 1.007880 0.010079
0.590137 1.018890 0.010189
0.590332 1.026900 0.010269
0.590527 1.019510 0.010195
0.590722 1.012530 0.010125
0.590917 1.004540 0.010045
0.591112 1.000930 0.010009
0.591307 0.986311 0.009863
0.591501 0.977405 0.009774
0.591696 0.991420 0.009914
0.591891 0.989124 0.009891
0.592086 1.006210 0.010062
0.592281 1.004140 0.010041
0.592476 0.992915 0.009929
0.592671 0.993291 0.009933
0.592866 0.993228 0.009932
0.593060 1.002460 0.010025
0.593255 0.979171 0.009792
0.593450 0.991735 0.009917
0.593645 1.009360 0.010094
0.593840 0.998843 0.009988
0.594035 1.003300 0.010033
0.594230 1.004500 0.010045
0.594425 0.988664 0.009887
0.594620 0.981959 0.009820
0.594814 0.991462 0.009915
0.595009 0.998049 0.009980
0.595204 0.995099 0.009951
0.595399 0.996941 0.009969
0.595594 0.997584 0.009976
0.595789 1.008850 0.010088
0.595984 1.011260 0.010113
0.596179 0.996081 0.009961
0.596374 0.987378 0.009874
0.596568 0.997008 0.009970
0.596763 0.988558 0.009886
0.596958 0.989903 0.009899
0.597153 0.996130 0.009961
0.597348 0.996229 0.009962
0.597543 0.993860 0.009939
0.597738 0.994669 0.009947
0.597933 0.993349 0.009933
0.598127 0.993046 0.009930
0.598322 0.993522 0.009935
0.598517 0.990810 0.009908
0.598712 0.994504 0.009945
0.598907 0.995503 0.009955
0.599102 1.000570 0.010006
0.599297 1.002610 0.010026
0.599492 1.005250 0.010052
0.599687 1.002150 0.010022
0.599881 1.009740 0.010097
0.600076 1.001670 0.010017
0.600271 0.998250 0.009983
0.600466 1.006850 0.010068
0.600661 1.000770 0.010008
0.600856 1.000480 0.010005
0.601051 1.001400 0.010014
0.601246 0.994425 0.009944
0.601440 1.011700 0.010117
0.601635 0.998396 0.009984
0.601830 0.989936 0.009899
0.602025 1.010010 0.010100
0.602220 1.015620 0.010156
0.602415 0.987378 0.009874
0.602610 1.001340 0.010013
0.602805 0.996005 0.009960
0.603000 0.992374 0.009924
0.603194 1.001310 0.010013
0.603389 1.000110 0.010001
0.603584 0.989206 0.009892
0.603779 0.995385 0.009954
0.603974 1.006470 0.010065
0.604169 1.002330 0.010023
0.604364 1.004310 0.010043
0.604559 1.003400 0.010034
0.604754 0.996874 0.009969
0.604948 1.000830 0.010008
0.605143 0.999576 0.009996
0.605338 0.999917 0.009999
0.605533 1.009210 0.010092
0.605728 0.995130 0.009951
0.605923 1.001430 0.010014
0.606118 0.995504 0.009955
0.606313 1.001460 0.010015
0.606507 1.007160 0.010072
0.606702 1.004240 0.010042
0.606897 1.007770 0.010078
0.607092 1.003590 0.010036
0.607287 1.001750 0.010017
0.607482 1.001680 0.010017
0.607677 1.001390 0.010014
0.607872 1.003510 0.010035
0.608067 0.998983 0.009990
0.608261 0.985325 0.009853
0.608456 0.988052 0.009881
0.608651 1.002140 0.010021
0.608846 1.012490 0.010125
0.609041 1.014010 0.010140
0.609236 1.003010 0.010030
0.609431 0.999083 0.009991
0.609626 0.996510 0.009965
0.609821 0.997905 0.009979
0.610015 1.001230 0.010012
0.610210 1.010370 0.010104
0.610405 1.012660 0.010127
0.610600 0.991010 0.009910
0.610795 0.994116 0.009941
0.610990 1.005020 0.010050
0.611185 0.989363 0.009894
0.611380 1.002850 0.010029
0.611574 1.018250 0.010182
0.611769 0.988166 0.009882
0.611964 0.996804 0.009968
0.612159 0.994627 0.009946
0.612354 1.001360 0.010014
0.612549 1.009500 0.010095
0.612744 0.995969 0.009960
0.612939 1.011860 0.010119
0.613134 1.005690 0.010057
0.613328 0.994687 0.009947
0.613523 0.985986 0.009860
0.613718 1.008000 0.010080
0.613913 0.998921 0.009989
0.614108 0.991548 0.009915
0.614303 0.999946 0.009999
0.614498 1.007650 0.010076
0.614693 1.009140 0.010091
0.614888 1.004650 0.010046
0.615082 1.001080 0.010011
0.615277 1.000920 0.010009
0.615472 1.005460 0.010055
0.615667 1.010040 0.010100
0.615862 1.004710 0.010047
0.616057 1.007340 0.010073
0.616252 1.010250 0.010102
0.616447 1.008740 0.010087
0.616641 1.007560 0.010076
0.616836 1.011890 0.010119
0.617031 1.013670 0.010137
0.617226 1.014300 0.010143
0.617421 1.012810 0.010128
0.617616 1.014900 0.010149
0.617811 1.020940 0.010209
0.618006 1.013980 0.010140
0.618201 1.004460 0.010045
0.618395 1.009080 0.010091
0.618590 1.001960 0.010020
0.618785 0.989423 0.009894
0.618980 0.998620 0.009986
0.619175 0.998740 0.009987
0.619370 1.006760 0.010068
0.619565 1.013380 0.010134
0.619760 1.016020 0.010160
0.619954 1.009590 0.010096
0.620149 1.009070 0.010091
0.620344 0.997112 0.009971
0.620539 1.002950 0.010029
0.620734 0.990897 0.009909
0.620929 1.005800 0.010058
0.621124 1.005450 0.010054
0.621319 0.998913 0.009989
0.621514 1.007330 0.010073
0.621708 0.999643 0.009996
0.621903 1.014720 0.010147
0.622098 1.001540 0.010015
0.622293 1.014120 0.010141
0.622488 1.001630 0.010016
0.622683 1.000860 0.010009
0.622878 1.014450 0.010144
0.623073 1.010050 0.010101
0.623268 1.025350 0.010253
0.623462 1.007390 0.010074
0.623657 1.010090 0.010101
0.623852 1.006400 0.010064
0.624047 1.014720 0.010147
0.624242 1.017320 0.010173
0.624437 1.013080 0.010131
0.624632 1.016400 0.010164
0.624827 1.027370 0.010274
0.625021 1.009150 0.010092
0.625216 1.006760 0.010068
0.625411 1.013250 0.010132
0.625606 1.015740 0.010157
0.625801 1.021320 0.010213
0.625996 1.021460 0.010215
0.626191 1.014460 0.010145
0.626386 1.018500 0.010185
0.626581 1.021370 0.010214
0.626775 1.015660 0.010157
0.626970 1.013920 0.010139
0.627165 1.007870 0.010079
0.627360 1.009490 0.010095
0.627555 1.008930 0.010089
0.627750 1.003520 0.010035
0.627945 1.004010 0.010040
0.628140 1.019830 0.010198
0.628334 1.025310 0.010253
0.628529 1.026100 0.010261
0.628724 1.020900 0.010209
0.628919 1.020610 0.010206
0.629114 1.004970 0.010050
0.629309 1.013340 0.010133
0.629504 1.000060 0.010001
0.629699 1.011910 0.010119
0.629894 1.002520 0.010025
0.630088 1.002790 0.010028
0.630283 1.002090 0.010021
0.630478 1.009950 0.010100
0.630673 1.009910 0.010099
0.630868 1.022680 0.010227
0.631063 1.025520 0.010255
0.631258 1.021860 0.010219
0.631453 1.028280 0.010283
0.631648 1.024800 0.010248
0.631842 0.998134 0.009981
0.632037 1.020710 0.010207
0.632232 1.020860 0.010209
0.632427 1.027460 0.010275
0.632622 1.021510 0.010215
0.632817 1.018940 0.010189
0.633012 1.023290 0.010233
0.633207 1.011420 0.010114
0.633401 1.011020 0.010110
0.633596 1.019930 0.010199
0.633791 1.015920 0.010159
0.633986 1.013150 0.010131
0.634181 1.014030 0.010140
0.634376 1.023720 0.010237
0.634571 1.027700 0.010277
0.634766 1.018370 0.010184
0.634961 1.016730 0.010167
0.635155 1.017190 0.010172
0.635350 1.014960 0.010150
0.635545 1.004230 0.010042
0.635740 1.017860 0.010179
0.635935 1.017130 0.010171
0.636130 1.010330 0.010103
0.636325 1.013030 0.010130
0.636520 1.012930 0.010129
0.636715 1.004740 0.010047
0.636909 1.024230 0.010242
0.637104 1.023650 0.010236
0.637299 1.007310 0.010073
0.637494 0.999603 0.009996
0.637689 1.019760 0.010198
0.637884 1.016740 0.010167
0.638079 1.017530 0.010175
0.638274 1.017080 0.010171
0.638468 1.020800 0.010208
0.638663 1.020940 0.010209
0.638858 1.007810 0.010078
0.639053 1.013360 0.010134
0.639248 1.002580 0.010026
0.639443 1.009370 0.010094
0.639638 1.011280 0.010113
0.639833 1.013830 0.010138
0.640028 1.010650 0.010107
0.640222 1.014910 0.010149
0.640417 1.012510 0.010125
0.640612 1.007800 0.010078
0.640807 1.017430 0.010174
0.641002 1.021790 0.010218
0.641197 1.012980 0.010130
0.641392 1.005710 0.010057
0.641587 0.999678 0.009997
0.641781 1.003570 0.010036
0.641976 1.010850 0.010108
0.642171 1.020010 0.010200
0.642366 1.027810 0.010278
0.642561 1.009730 0.010097
0.642756 1.005460 0.010055
0.642951 1.020230 0.010202
0.643146 1.014190 0.010142
0.643341 1.015600 0.010156
0.643535 1.000420 0.010004
0.643730 1.011850 0.010118
0.643925 1.012650 0.010126
0.644120 1.009570 0.010096
0.644315 1.023710 0.010237
0.644510 1.009740 0.010097
0.644705 1.017250 0.010172
0.644900 1.021920 0.010219
0.645095 1.019500 0.010195
0.645289 1.016540 0.010165
0.645484 1.005080 0.010051
0.645679 1.021260 0.010213
0.645874 1.014410 0.010144
0.646069 1.011800 0.010118
0.646264 1.019080 0.010191
0.646459 1.020310 0.010203
0.646654 1.004820 0.010048
0.646848 1.009480 0.010095
0.647043 1.018080 0.010181
0.647238 1.015100 0.010151
0.647433 1.018720 0.010187
0.647628 1.005410 0.010054
0.647823 1.006260 0.010063
0.648018 1.017130 0.010171
0.648213 1.014060 0.010141
0.648408 1.008740 0.010087
0.648602 1.002830 0.010028
0.648797 1.008030 0.010080
0.648992 1.013100 0.010131
0.649187 1.004770 0.010048
0.649382 1.006500 0.010065
0.649577 1.003720 0.010037
0.649772 1.002580 0.010026
0.649967 0.999061 0.009991
0.650162 1.008520 0.010085
0.650356 1.025620 0.010256
0.650551 1.026850 0.010269
0.650746 1.026190 0.010262
0.650941 1.026690 0.010267
0.651136 1.016020 0.010160
0.651331 1.010590 0.010106
0.651526 1.014460 0.010145
0.651721 1.019810 0.010198
0.651915 0.998148 0.009981
0.652110 1.025530 0.010255
0.652305 1.019960 0.010200
0.652500 1.024640 0.010246
0.652695 1.019490 0.010195
0.652890 1.006730 0.010067
0.653085 1.012910 0.010129
0.653280 1.020990 0.010210
0.653475 1.021550 0.010216
0.653669 1.020370 0.010204
0.653864 1.012720 0.010127
0.654059 1.018150 0.010181
0.654254 1.022160 0.010222
0.654449 1.016890 0.010169
0.654644 1.010680 0.010107
0.654839 1.018110 0.010181
0.655034 1.007560 0.010076
0.655228 1.008540 0.010085
0.655423 1.017190 0.010172
0.655618 1.004620 0.010046
0.655813 1.000840 0.010008
0.656008 1.015480 0.010155
0.656203 1.016960 0.010170
0.656398 1.010410 0.010104
0.656593 1.000470 0.010005
0.656788 0.978455 0.009785
0.656982 0.988778 0.009888
0.657177 1.028570 0.010286
0.657372 1.049040 0.010490
0.657567 1.019030 0.010190
0.657762 1.021460 0.010215
0.657957 1.026340 0.010263
0.658152 1.023180 0.010232
0.658347 1.005170 0.010052
0.658542 1.023050 0.010230
0.658736 1.020230 0.010202
0.658931 1.009200 0.010092
0.659126 1.022690 0.010227
0.659321 1.000840 0.010008
0.659516 1.021960 0.010220
0.659711 1.018800 0.010188
0.659906 1.022280 0.010223
0.660101 1.028480 0.010285
0.660295 1.017270 0.010173
0.660490 1.007880 0.010079
0.660685 1.018150 0.010181
0.660880 1.026770 0.010268
0.661075 1.018280 0.010183
0.661270 1.011060 0.010111
0.661465 1.018780 0.010188
0.661660 1.018310 0.010183
0.661855 1.011600 0.010116
0.662049 1.017970 0.010180
0.662244 1.022000 0.010220
0.662439 1.019290 0.010193
0.662634 1.021270 0.010213
0.662829 1.023060 0.010231
0.663024 1.019300 0.010193
0.663219 1.013800 0.010138
0.663414 1.023980 0.010240
0.663608 1.013830 0.010138
0.663803 1.023450 0.010235
0.663998 1.023260 0.010233
0.664193 1.023620 0.010236
0.664388 1.023350 0.010234
0.664583 1.034590 0.010346
0.664778 1.026490 0.010265
0.664973 1.006450 0.010065
0.665168 1.026480 0.010265
0.665362 1.023050 0.010230
0.665557 1.023730 0.010237
0.665752 1.021250 0.010212
0.665947 1.006030 0.010060
0.666142 1.020920 0.010209
0.666337 1.017120 0.010171
0.666532 1.028100 0.010281
0.666727 1.020120 0.010201
0.666922 1.009680 0.010097
0.667116 1.015740 0.010157
0.667311 1.008710 0.010087
0.667506 1.012500 0.010125
0.667701 1.018350 0.010184
0.667896 1.015640 0.010156
0.668091 1.020020 0.010200
0.668286 1.012440 0.010124
0.668481 1.009830 0.010098
0.668675 1.018350 0.010184
0.668870 1.016300 0.010163
0.669065 1.021860 0.010219
0.669260 1.023120 0.010231
0.669455 1.023870 0.010239
0.669650 1.029150 0.010292
0.669845 1.018970 0.010190
0.670040 1.022500 0.010225
0.670235 1.026690 0.010267
0.670429 1.014380 0.010144
0.670624 1.019350 0.010194
0.670819 1.023900 0.010239
0.671014 1.010960 0.010110
0.671209 1.022450 0.010224
0.671404 1.031160 0.010312
0.671599 1.040540 0.010405
0.671794 1.007670 0.010077
0.671989 1.007590 0.010076
0.672183 1.021020 0.010210
0.672378 1.033860 0.010339
0.672573 1.031990 0.010320
0.672768 1.035990 0.010360
0.672963 1.039890 0.010399
0.673158 1.020000 0.010200
0.673353 1.017670 0.010177
0.673548 1.016430 0.010164
0.673742 1.015060 0.010151
0.673937 1.012950 0.010129
0.674132 1.013800 0.010138
0.674327 1.016950 0.010169
0.674522 1.018050 0.010180
0.674717 1.020470 0.010205
0.674912 1.022520 0.010225
0.675107 1.019640 0.010196
0.675302 1.016910 0.010169
0.675496 1.023340 0.010233
0.675691 1.024130 0.010241
0.675886 1.026700 0.010267
0.676081 1.036070 0.010361
0.676276 1.039400 0.010394
0.676471 1.017340 0.010173
0.676666 1.025260 0.010253
0.676861 1.032580 0.010326
0.677056 1.021400 0.010214
0.677250 1.010660 0.010107
0.677445 1.029400 0.010294
0.677640 1.020190 0.010202
0.677835 1.021190 0.010212
0.678030 1.024740 0.010247
0.678225 1.021270 0.010213
0.678420 1.024150 0.010242
0.678615 1.034090 0.010341
0.678809 1.021930 0.010219
0.679004 1.026360 0.010264
0.679199 1.031730 0.010317
0.679394 1.035520 0.010355
0.679589 1.029100 0.010291
0.679784 1.035660 0.010357
0.679979 1.033570 0.010336
0.680174 1.023310 0.010233
0.680369 1.015140 0.010151
0.680563 1.012100 0.010121
0.680758 1.024410 0.010244
0.680953 1.015570 0.010156
0.681148 1.002200 0.010022
0.681343 1.022550 0.010225
0.681538 1.026520 0.010265
0.681733 1.021660 0.010217
0.681928 1.012260 0.010123
0.682122 1.032910 0.010329
0.682317 1.030160 0.010302
0.682512 1.019170 0.010192
0.682707 1.013800 0.010138
0.682902 1.017020 0.010170
0.683097 1.042020 0.010420
0.683292 1.013520 0.010135
0.683487 1.013520 0.010135
0.683682 1.024070 0.010241
0.683876 1.031580 0.010316
0.684071 1.027750 0.010278
0.684266 1.022080 0.010221
0.684461 1.026470 0.010265
0.684656 1.018670 0.010187
0.684851 1.024970 0.010250
0.685046 1.031880 0.010319
0.685241 1.030250 0.010302
0.685435 1.026750 0.010267
0.685630 1.026750 0.010267
0.685825 1.018330 0.010183
0.686020 1.029950 0.010300
0.686215 1.041830 0.010418
0.686410 1.038620 0.010386
0.686605 1.037200 0.010372
0.686800 1.038840 0.010388
0.686995 1.045320 0.010453
0.687189 1.064860 0.010649
0.687384 1.038840 0.010388
0.687579 1.085330 0.010853
0.687774 1.079450 0.010794
0.687969 1.068920 0.010689
0.688164 1.043410 0.010434
0.688359 1.045680 0.010457
0.688554 1.036740 0.010367
0.688749 1.027490 0.010275
0.688943 1.038500 0.010385
0.689138 1.040920 0.010409
0.689333 1.067990 0.010680
0.689528 1.060460 0.010605
0.689723 1.060700 0.010607
0.689918 1.068450 0.010684
0.690113 1.044020 0.010440
0.690308 1.051600 0.010516
0.690502 1.042620 0.010426
0.690697 1.043690 0.010437
0.690892 1.041460 0.010415
0.691087 1.028210 0.010282
0.691282 1.027360 0.010274
0.691477 1.035610 0.010356
0.691672 1.040310 0.010403
0.691867 1.041860 0.010419
0.692062 1.046240 0.010462
0.692256 1.045750 0.010457
0.692451 1.047010 0.010470
0.692646 1.051200 0.010512
0.692841 1.042260 0.010423
0.693036 1.031110 0.010311
0.693231 1.030980 0.010310
0.693426 1.023420 0.010234
0.693621 1.030360 0.010304
0.693816 1.024970 0.010250
0.694010 1.036340 0.010363
0.694205 1.028500 0.010285
0.694400 1.038420 0.010384
0.694595 1.039000 0.010390
0.694790 1.033680 0.010337
0.694985 1.033020 0.010330
0.695180 1.026330 0.010263
0.695375 1.036300 0.010363
0.695569 1.041800 0.010418
0.695764 1.049030 0.010490
0.695959 1.051660 0.010517
0.696154 1.039790 0.010398
0.696349 1.025100 0.010251
0.696544 1.037810 0.010378
0.696739 1.033490 0.010335
0.696934 1.021430 0.010214
0.697129 1.018560 0.010186
0.697323 1.015940 0.010159
0.697518 1.015710 0.010157
0.697713 1.024690 0.010247
0.697908 1.027330 0.010273
0.698103 1.021370 0.010214
0.698298 1.028340 0.010283
0.698493 1.035350 0.010353
0.698688 1.033940 0.010339
0.698883 1.030960 0.010310
0.699077 1.034460 0.010345
0.699272 1.027300 0.010273
0.699467 1.024440 0.010244
0.699662 1.018800 0.010188
0.699857 1.015000 0.010150
0.700052 1.033860 0.010339
0.700247 1.041350 0.010413
0.700442 1.036590 0.010366
0.700636 1.017470 0.010175
0.700831 1.034110 0.010341
0.701026 1.043190 0.010432
0.701221 1.037980 0.010380
0.701416 1.023080 0.010231
0.701611 1.020610 0.010206
0.701806 1.025180 0.010252
0.702001 1.015090 0.010151
0.702196 1.039020 0.010390
0.702390 1.059920 0.010599
0.702585 1.047070 0.010471
0.702780 1.040350 0.010403
0.702975 1.050990 0.010510
0.703170 1.041770 0.010418
0.703365 1.025370 0.010254
0.703560 1.024900 0.010249
0.703755 1.027860 0.010279
0.703949 1.035490 0.010355
0.704144 1.034190 0.010342
0.704339 1.031930 0.010319
0.704534 1.036510 0.010365
0.704729 1.035240 0.010352
