1.498150 0.921374 0.026657
1.499170 0.897954 0.025980
1.500190 0.878176 0.025407
1.501210 0.880990 0.025489
1.502230 0.891235 0.025785
1.503250 0.905876 0.026209
1.504270 0.929573 0.026894
1.505290 0.926697 0.026811
1.506310 0.910473 0.026342
1.507330 0.895686 0.025914
1.508350 0.892458 0.025821
1.509370 0.892997 0.025836
1.510390 0.906567 0.026229
1.511410 0.903270 0.026133
1.512430 0.896723 0.025944
1.513450 0.891373 0.025789
1.514470 0.888476 0.025705
1.515490 0.896703 0.025943
1.516510 0.893758 0.025858
1.517530 0.890979 0.025778
1.518550 0.891857 0.025803
1.519570 0.892037 0.025808
1.520590 0.897781 0.019481
1.521610 0.904473 0.019626
1.522630 0.900608 0.019542
1.523650 0.881847 0.019135
1.524670 0.900553 0.019541
1.525690 0.896405 0.019451
1.526710 0.887467 0.019257
1.527730 0.913203 0.019816
1.528750 0.904514 0.019627
1.529770 0.903940 0.019615
1.530790 0.903173 0.019598
1.531810 0.904286 0.019622
1.532830 0.906304 0.019666
1.533850 0.906643 0.019673
1.534870 0.899634 0.019521
1.535890 0.904300 0.019622
1.536910 0.903816 0.019612
1.537930 0.899682 0.019522
1.538950 0.905668 0.019652
1.539970 0.900906 0.019549
1.540980 0.898189 0.019490
1.542000 0.898714 0.019501
1.543020 0.905102 0.019640
1.544040 0.909436 0.019734
1.545060 0.893882 0.019396
1.546080 0.891131 0.019337
1.547100 0.893675 0.019392
1.548120 0.900028 0.019530
1.549140 0.902316 0.019579
1.550160 0.901307 0.019557
1.551180 0.900290 0.019535
1.552200 0.900118 0.019532
1.553220 0.899177 0.019511
1.554240 0.907805 0.019698
1.555260 0.902419 0.019582
1.556280 0.898998 0.019507
1.557300 0.903685 0.019609
1.558320 0.892002 0.019356
1.559340 0.900781 0.019546
1.560360 0.892735 0.019371
1.561380 0.898265 0.019491
1.562400 0.898611 0.019499
1.563420 0.901880 0.019570
1.564440 0.902039 0.019573
1.565460 0.890792 0.019329
1.566480 0.902537 0.019584
1.567500 0.900152 0.019532
1.568520 0.887854 0.019266
1.569540 0.886534 0.019237
1.570560 0.895763 0.019437
1.571580 0.892154 0.019359
1.572600 0.894691 0.019414
1.573620 0.895085 0.019422
1.574640 0.901549 0.019563
1.575660 0.905032 0.019638
1.576680 0.907708 0.019696
1.577700 0.917137 0.019901
1.578720 0.925398 0.020080
1.579740 0.921409 0.019994
1.580760 0.911060 0.019769
1.581780 0.904929 0.019636
1.582800 0.906049 0.019660
1.583820 0.916086 0.019878
1.584840 0.913155 0.019815
1.585860 0.902489 0.019583
1.586880 0.899502 0.019518
1.587900 0.896454 0.019452
1.588920 0.903975 0.019615
1.589940 0.915194 0.019859
1.590960 0.914676 0.019848
1.591980 0.908440 0.019712
1.593000 0.912070 0.019791
1.594020 0.892016 0.019356
1.595040 0.899219 0.019512
1.596060 0.905427 0.019647
1.597080 0.915968 0.019876
1.598100 0.914849 0.019851
1.599120 0.893571 0.019390
1.600140 0.892071 0.019357
1.601160 0.894705 0.019414
1.602180 0.909180 0.019728
1.603200 0.918782 0.019937
1.604220 0.915443 0.019864
1.605240 0.910065 0.019747
1.606260 0.908337 0.019710
1.607280 0.907943 0.019701
1.608300 0.913245 0.019816
1.609320 0.908904 0.019722
1.610340 0.909519 0.019736
1.611360 0.920759 0.019980
1.612380 0.920987 0.019984
1.613400 0.918236 0.019925
1.614420 0.916010 0.019876
1.615440 0.911233 0.019773
1.616460 0.913743 0.019827
1.617480 0.916625 0.019890
1.618500 0.907321 0.019688
1.619520 0.928273 0.020143
1.620540 0.930610 0.020193
1.621560 0.927444 0.020125
1.622580 0.919418 0.019950
1.623600 0.914240 0.019838
1.624620 0.913590 0.019824
1.625630 0.919591 0.019954
1.626650 0.915547 0.019866
1.627670 0.912381 0.019798
1.628690 0.914662 0.019847
1.629710 0.911904 0.019787
1.630730 0.915678 0.019869
1.631750 0.913183 0.019815
1.632770 0.918326 0.019927
1.633790 0.916369 0.019884
1.634810 0.910895 0.019765
1.635830 0.919764 0.019958
1.636850 0.903304 0.019601
1.637870 0.911351 0.019775
1.638890 0.911600 0.019781
1.639910 0.917234 0.019903
1.640930 0.911918 0.019788
1.641950 0.925757 0.020088
1.642970 0.927865 0.020134
1.643990 0.929670 0.020173
1.645010 0.918450 0.019929
1.646030 0.929642 0.020172
1.647050 0.927665 0.020129
1.648070 0.924803 0.020067
1.649090 0.920697 0.019978
1.650110 0.921036 0.019986
1.651130 0.918160 0.019923
1.652150 0.927534 0.020127
1.653170 0.941083 0.020421
1.654190 0.934633 0.020281
1.655210 0.926780 0.020110
1.656230 0.930257 0.020186
1.657250 0.924983 0.020071
1.658270 0.921070 0.019986
1.659290 0.924948 0.020070
1.660310 0.919860 0.019960
1.661330 0.919439 0.019951
1.662350 0.912070 0.019791
1.663370 0.909975 0.019746
1.664390 0.915422 0.019864
1.665410 0.922335 0.020014
1.666430 0.939071 0.020377
1.667450 0.948382 0.020579
1.668470 0.932974 0.020245
1.669490 0.932988 0.020245
1.670510 0.922743 0.020023
1.671530 0.919978 0.019963
1.672550 0.916971 0.019897
1.673570 0.925757 0.020088
1.674590 0.921775 0.020002
1.675610 0.919805 0.019959
1.676630 0.924063 0.020051
1.677650 0.922950 0.020027
1.678670 0.919059 0.019943
1.679690 0.915865 0.019873
1.680710 0.914759 0.019849
1.681730 0.922812 0.020024
1.682750 0.923013 0.020028
1.683770 0.920621 0.019977
1.684790 0.920980 0.019984
1.685810 0.925971 0.020093
1.686830 0.926510 0.020104
1.687850 0.929690 0.020173
1.688870 0.925031 0.020072
1.689890 0.933831 0.020263
1.690910 0.937564 0.020344
1.691930 0.933479 0.020256
1.692950 0.926849 0.020112
1.693970 0.930928 0.020200
1.694990 0.926234 0.020098
1.696010 0.922612 0.020020
1.697030 0.927506 0.020126
1.698050 0.937412 0.020341
1.699070 0.922383 0.020015
1.700090 0.915243 0.019860
1.701110 0.918319 0.019927
1.702130 0.927437 0.020124
1.703150 0.929918 0.020178
1.704170 0.932518 0.020235
1.705190 0.922211 0.020011
1.706210 0.914994 0.019854
1.707230 0.917759 0.019914
1.708250 0.926483 0.020104
1.709270 0.921941 0.020005
1.710280 0.933472 0.020255
1.711300 0.935345 0.020296
1.712320 0.930278 0.020186
1.713340 0.932898 0.020243
1.714360 0.935718 0.020304
1.715380 0.930458 0.020190
1.716400 0.932373 0.020232
1.717420 0.929455 0.020168
1.718440 0.921886 0.020004
1.719460 0.917406 0.019907
1.720480 0.913646 0.019825
1.721500 0.919957 0.019962
1.722520 0.921803 0.020002
1.723540 0.914855 0.019851
1.724560 0.918844 0.019938
1.725580 0.916245 0.019882
1.726600 0.924139 0.020053
1.727620 0.910487 0.019757
1.728640 0.910971 0.019767
1.729660 0.913729 0.019827
1.730680 0.911869 0.019787
1.731700 0.922425 0.020016
1.732720 0.925639 0.020085
1.733740 0.923462 0.020038
1.734760 0.920842 0.019981
1.735780 0.922840 0.020025
1.736800 0.938110 0.020356
1.737820 0.932608 0.020237
1.738840 0.925308 0.020078
1.739860 0.930119 0.020183
1.740880 0.935103 0.020291
1.741900 0.937260 0.020338
1.742920 0.936181 0.020314
1.743940 0.929870 0.020177
1.744960 0.920801 0.019980
1.745980 0.912270 0.019795
1.747000 0.928087 0.020139
1.748020 0.947746 0.020565
1.749040 0.945555 0.020518
1.750060 0.933354 0.040506
1.751080 0.928017 0.040274
1.752100 0.933907 0.040530
1.753120 0.934585 0.040559
1.754140 0.921907 0.040009
1.755160 0.922985 0.040056
1.756180 0.930105 0.040365
1.757200 0.945203 0.041020
1.758220 0.948638 0.041169
1.759240 0.925985 0.040186
1.760260 0.916024 0.039754
1.761280 0.917144 0.039802
1.762300 0.931218 0.040413
1.763320 0.915415 0.039727
1.764340 0.925633 0.040171
1.765360 0.935027 0.040578
1.766380 0.957162 0.041539
1.767400 0.936195 0.040629
1.768420 0.925736 0.040175
1.769440 0.926220 0.040196
1.770460 0.930769 0.040393
1.771480 0.928750 0.040306
1.772500 0.919729 0.039914
1.773520 0.915422 0.039727
1.774540 0.919812 0.039918
1.775560 0.925577 0.040168
1.776580 0.931875 0.040441
1.777600 0.928342 0.040288
1.778620 0.920676 0.039956
1.779640 0.929110 0.040321
1.780660 0.929663 0.040345
1.781680 0.924609 0.040126
1.782700 0.913390 0.039639
1.783720 0.907639 0.039390
1.784740 0.925978 0.040186
1.785760 0.939002 0.040751
1.786780 0.898237 0.038982
1.787800 0.850325 0.036902
1.788820 0.855371 0.037121
1.789840 0.873967 0.037928
1.790860 0.889043 0.038583
1.791880 0.905454 0.039295
1.792900 0.929234 0.040327
1.793920 0.936092 0.040624
1.794940 0.945396 0.041028
1.795950 0.937364 0.040680
1.796970 0.936022 0.040622
1.797990 0.897878 0.038966
1.799010 0.852129 0.036981
1.800030 0.919107 0.039887
1.801050 0.909450 0.039468
1.802070 0.960245 0.041673
1.803090 0.968022 0.042010
1.804110 0.918105 0.039844
1.805130 0.866757 0.037616
1.806150 0.901300 0.039115
1.807170 0.941221 0.040847
1.808190 0.915450 0.039729
1.809210 0.885781 0.038441
1.810230 0.918105 0.039844
1.811250 0.872639 0.037871
1.812270 0.932144 0.040453
1.813290 0.937301 0.040677
1.814310 0.875577 0.037998
1.815330 0.867876 0.037664
1.816350 0.919107 0.039887
1.817370 0.905351 0.039290
1.818390 0.916245 0.039763
1.819410 0.916245 0.039763
1.820430 0.854632 0.037089
1.821450 0.916245 0.039763
1.822470 0.917144 0.039802
1.823490 0.949371 0.041201
1.824510 0.916245 0.039763
1.825530 0.916245 0.039763
1.826550 0.916024 0.039754
1.827570 0.915464 0.039729
1.828590 0.915450 0.039729
1.829610 0.915464 0.039729
1.830630 0.840454 0.036474
1.831650 0.840592 0.036480
1.832670 0.886831 0.038487
1.833690 0.917144 0.039802
1.834710 0.916694 0.039783
1.835730 0.916024 0.039754
1.836750 0.915464 0.039729
1.837770 0.915464 0.039729
1.838790 0.915464 0.039729
1.839810 0.915464 0.039729
1.840830 0.939285 0.040763
1.841850 0.915450 0.039729
1.842870 0.915422 0.039727
1.843890 0.915464 0.039729
1.844910 0.915422 0.039727
1.845930 0.915422 0.039727
1.846950 0.915422 0.039727
1.847970 0.866846 0.037619
1.848990 0.955717 0.041476
1.850010 0.932421 0.040465
1.851030 0.899025 0.039016
1.852050 0.913390 0.039639
1.853070 0.911994 0.039579
1.854090 0.911109 0.039540
1.855110 0.851168 0.036939
1.856130 0.911109 0.039540
1.857150 0.881674 0.038263
1.858170 0.911994 0.039579
1.859190 0.921354 0.039985
1.860210 0.911109 0.039540
1.861230 0.946004 0.041055
1.862250 0.886921 0.038491
1.863270 0.845845 0.036708
1.864290 0.897940 0.038969
1.865310 0.906443 0.039338
1.866330 0.911109 0.039540
1.867350 0.911109 0.039540
1.868370 0.911109 0.039540
1.869390 0.911109 0.039540
1.870410 0.911109 0.039540
1.871430 0.918188 0.039848
1.872450 0.942009 0.040881
1.873470 0.911109 0.039540
1.874490 0.880990 0.038233
1.875510 0.940419 0.040812
1.876530 0.911109 0.039540
1.877550 0.941829 0.040873
1.878570 0.966715 0.041954
1.879590 0.905634 0.039303
1.880610 0.840053 0.036457
1.881620 0.866494 0.037604
1.882640 0.844304 0.036641
1.883660 0.911109 0.039540
1.884680 0.891490 0.038689
1.885700 0.983838 0.042697
1.886720 0.967641 0.041994
1.887740 0.903228 0.039198
1.888760 0.915450 0.039729
1.889780 0.915464 0.039729
1.890800 0.916611 0.039779
1.891820 0.908330 0.039420
1.892840 0.918105 0.039844
1.893860 0.918188 0.039848
1.894880 0.966674 0.041952
1.895900 0.845417 0.036689
1.896920 0.916694 0.039783
1.897940 0.916611 0.039779
1.898960 0.915464 0.039729
1.899980 0.961531 0.041728
1.901000 0.950774 0.041262
1.902020 0.843391 0.036601
1.903040 0.916611 0.039779
1.904060 0.900608 0.039085
1.905080 0.966238 0.041933
1.906100 0.916611 0.039779
1.907120 0.916694 0.039783
1.908140 0.903802 0.039223
1.909160 0.916694 0.039783
1.910180 0.916694 0.039783
1.911200 0.918188 0.039848
1.912220 0.918319 0.039853
1.913240 0.945714 0.041042
1.914260 0.919107 0.039887
1.915280 0.919107 0.039887
1.916300 0.921354 0.039985
1.917320 0.972826 0.042219
1.918340 0.873669 0.037915
1.919360 0.922702 0.040043
1.920380 0.959920 0.041659
1.921400 0.925626 0.040170
1.922420 0.967068 0.041969
1.923440 0.918319 0.039853
1.924460 0.916694 0.039783
1.925480 0.867213 0.037635
1.926500 0.932421 0.040465
1.927520 0.859097 0.037283
1.928540 0.888566 0.038562
1.929560 0.902143 0.039151
1.930580 0.954887 0.041440
1.931600 0.986465 0.042811
1.932620 0.979497 0.042508
1.933640 0.954722 0.041433
1.934660 0.922702 0.040043
1.935680 0.868270 0.037681
1.936700 0.941829 0.040873
1.937720 0.904030 0.039233
1.938740 0.955026 0.041446
1.939760 0.984612 0.042730
1.940780 0.996295 0.043237
1.941800 0.969923 0.042093
1.942820 0.902945 0.039186
1.943840 0.882186 0.038285
1.944860 0.922176 0.040021
1.945880 0.944083 0.040971
1.946900 0.932919 0.040487
1.947920 0.922591 0.040039
1.948940 0.939023 0.040752
1.949960 0.940364 0.040810
1.950980 0.911109 0.039540
1.952000 0.950774 0.041262
1.953020 0.954473 0.041422
1.954040 0.954632 0.041429
1.955060 0.954722 0.041433
1.956080 0.916611 0.039779
1.957100 0.941615 0.040864
1.958120 0.963037 0.041794
1.959140 0.997041 0.043270
1.960160 0.976365 0.042372
1.961180 0.937405 0.040681
1.962200 0.925626 0.040170
1.963220 0.946564 0.041079
1.964240 0.977063 0.042403
1.965260 1.002627 0.043512
1.966280 0.996163 0.043232
1.967290 0.977278 0.042412
1.968310 0.972466 0.042203
1.969330 0.973766 0.042259
1.970350 0.958689 0.041605
1.971370 0.970628 0.042123
1.972390 0.986251 0.042801
1.973410 0.985082 0.042751
1.974430 0.994276 0.043150
1.975450 0.999972 0.043397
1.976470 0.986382 0.042807
1.977490 0.969833 0.042089
1.978510 0.971692 0.042170
1.979530 0.976711 0.042387
1.980550 1.003055 0.043531
1.981570 0.995368 0.043197
1.982590 0.986983 0.042833
1.983610 0.972086 0.042187
1.984630 0.961662 0.041734
1.985650 0.986340 0.042805
1.986670 1.001154 0.043448
1.987690 0.983485 0.042681
1.988710 0.970725 0.042128
1.989730 0.978280 0.042455
1.990750 0.989036 0.042922
1.991770 0.980948 0.042571
1.992790 0.961938 0.041746
1.993810 0.949841 0.041221
1.994830 0.934716 0.040565
1.995850 0.923946 0.040097
1.996870 0.904604 0.039258
1.997890 0.975342 0.042328
1.998910 0.976365 0.042372
1.999930 0.976621 0.042383
2.000950 0.976711 0.042387
2.001970 0.977063 0.042403
2.002990 0.897809 0.038963
2.004010 0.928073 0.040277
2.005030 0.935393 0.040594
2.006050 0.986437 0.042809
2.007070 0.986147 0.042797
2.008090 0.981702 0.042604
2.009110 0.943737 0.040956
2.010130 0.980948 0.042571
2.011150 0.981239 0.042584
2.012170 0.955157 0.041452
2.013190 0.962090 0.041753
2.014210 0.958606 0.041602
2.015230 0.954473 0.041422
2.016250 0.975342 0.042328
2.017270 0.981799 0.042608
2.018290 0.988027 0.042878
2.019310 1.003367 0.043544
2.020330 0.999253 0.043366
2.021350 0.999841 0.043391
2.022370 1.006920 0.043698
2.023390 1.004307 0.043585
2.024410 1.007770 0.043735
2.025430 1.014358 0.044021
2.026450 1.008745 0.043777
2.027470 0.998998 0.043355
2.028490 0.995700 0.043211
2.029510 0.998251 0.043322
2.030530 0.994435 0.043156
2.031550 0.984820 0.042739
2.032570 0.982054 0.042619
2.033590 0.988449 0.042897
2.034610 0.993308 0.043108
2.035630 0.981239 0.042584
2.036650 0.978944 0.042484
2.037670 1.003256 0.043539
2.038690 0.990467 0.042984
2.039710 0.981723 0.042605
2.040730 1.000048 0.043400
2.041750 0.991027 0.043009
2.042770 0.976621 0.042383
2.043790 0.974706 0.042300
2.044810 0.966224 0.041932
2.045830 0.956132 0.041494
2.046850 0.955378 0.041462
2.047870 0.944878 0.041006
2.048890 0.940585 0.040819
2.049910 0.950539 0.041251
2.050920 0.948908 0.020590
2.051940 0.956526 0.020756
2.052960 0.962844 0.020893
2.053980 0.954632 0.020715
2.055000 0.962464 0.020884
2.056020 0.994968 0.021590
2.057040 1.005088 0.021809
2.058060 0.996350 0.021620
2.059080 1.001825 0.021739
2.060100 0.981916 0.021307
2.061120 0.963452 0.020906
2.062140 0.972494 0.021102
2.063160 0.980617 0.021278
2.064180 0.992514 0.021537
2.065200 0.997594 0.021647
2.066220 0.991338 0.021511
2.067240 0.974001 0.021135
2.068260 0.974845 0.021153
2.069280 0.990156 0.021485
2.070300 0.994332 0.021576
2.071320 0.989942 0.021481
2.072340 0.991242 0.021509
2.073360 0.997332 0.021641
2.074380 0.996108 0.021615
2.075400 0.990751 0.021498
2.076420 1.002053 0.021744
2.077440 1.009782 0.021911
2.078460 0.995279 0.021597
2.079480 0.989666 0.021475
2.080500 0.991712 0.021519
2.081520 1.000726 0.021715
2.082540 1.002150 0.021746
2.083560 1.004583 0.021798
2.084580 1.001355 0.021728
2.085600 0.999544 0.021689
2.086620 0.993682 0.021562
2.087640 0.993025 0.021548
2.088660 1.006726 0.021845
2.089680 0.987135 0.021420
2.090700 1.011938 0.021958
2.091720 1.005648 0.021822
2.092740 0.994007 0.021569
2.093760 1.003505 0.021775
2.094780 0.999509 0.021688
2.095800 0.990737 0.021498
2.096820 1.001307 0.021727
2.097840 0.985780 0.021390
2.098860 0.990910 0.021502
2.099880 1.005364 0.021815
2.100900 0.989589 0.021473
2.101920 0.991394 0.021512
2.102940 1.009173 0.021898
2.103960 0.998196 0.021660
2.104980 1.005371 0.021816
2.106000 0.996309 0.021619
2.107020 0.995963 0.021611
2.108040 1.011765 0.021954
2.109060 0.997857 0.021653
2.110080 1.014973 0.022024
2.111100 0.992596 0.021538
2.112120 1.000636 0.021713
2.113140 1.017918 0.022088
2.114160 1.013660 0.021995
2.115180 1.012560 0.021972
2.116200 1.022314 0.022183
2.117220 0.993226 0.021552
2.118240 1.014026 0.022003
2.119260 1.013141 0.021984
2.120280 0.980783 0.021282
2.121300 1.005613 0.021821
2.122320 1.010113 0.021918
2.123340 1.013722 0.021997
2.124360 1.012180 0.021963
2.125380 1.023870 0.022217
2.126400 1.024119 0.022222
2.127420 1.004196 0.021790
2.128440 1.016888 0.022065
2.129460 1.025066 0.022243
2.130480 1.016003 0.022046
2.131500 1.030755 0.022366
2.132520 1.028488 0.022317
2.133540 1.008406 0.021881
2.134560 0.995375 0.021599
2.135580 0.998134 0.021658
2.136590 1.014496 0.022014
2.137610 1.005178 0.021811
2.138630 1.006083 0.021831
2.139650 1.009795 0.021912
2.140670 1.015727 0.022040
2.141690 1.018540 0.022101
2.142710 1.009381 0.021903
2.143730 1.007245 0.021856
2.144750 1.014849 0.022021
2.145770 1.011835 0.021956
2.146790 1.010777 0.021933
2.147810 1.008544 0.021884
2.148830 1.015063 0.022026
2.149850 1.002648 0.021756
2.150870 0.997352 0.021642
2.151890 1.000830 0.021717
2.152910 1.000498 0.021710
2.153930 1.017752 0.022084
2.154950 1.033513 0.022426
2.155970 1.031999 0.022393
2.156990 1.022052 0.022177
2.158010 1.009616 0.021908
2.159030 0.999440 0.021687
2.160050 1.000380 0.021707
2.161070 0.998258 0.021661
2.162090 0.997048 0.021635
2.163110 0.992776 0.021542
2.164130 0.993094 0.021549
2.165150 0.996952 0.021633
2.166170 0.999661 0.021692
2.167190 1.002226 0.021747
2.168210 1.011461 0.021948
2.169230 1.015015 0.022025
2.170250 0.984211 0.021356
2.171270 1.000194 0.021703
2.172290 1.012104 0.021962
2.173310 1.024388 0.022228
2.174330 1.007383 0.021859
2.175350 1.002074 0.021744
2.176370 1.014849 0.022021
2.177390 1.022985 0.022198
2.178410 1.014814 0.022020
2.179430 1.009201 0.021899
2.180450 1.011703 0.021953
2.181470 1.051341 0.022813
2.182490 1.009208 0.021899
2.183510 1.031736 0.022388
2.184530 1.012167 0.021963
2.185550 1.007770 0.021868
2.186570 1.011406 0.021946
2.187590 1.012858 0.021978
2.188610 1.001251 0.021726
2.189630 1.020510 0.022144
2.190650 1.042942 0.022631
2.191670 1.011150 0.021941
2.192690 1.008033 0.021873
2.193710 1.009187 0.021898
2.194730 1.007860 0.021870
2.195750 1.000643 0.021713
2.196770 1.001161 0.021724
2.197790 0.987930 0.021437
2.198810 0.973103 0.021115
2.199830 0.996399 0.021621
2.200850 1.013743 0.021997
2.201870 1.008682 0.021887
2.202890 1.004673 0.021800
2.203910 1.015049 0.022026
2.204930 1.019425 0.022120
2.205950 1.024893 0.022239
2.206970 1.012685 0.021974
2.207990 1.016708 0.022062
2.209010 1.003546 0.021776
2.210030 1.008890 0.021892
2.211050 1.020911 0.022153
2.212070 1.010459 0.021926
2.213090 0.991961 0.021525
2.214110 0.992119 0.021528
2.215130 1.017303 0.022074
2.216150 1.012450 0.021969
2.217170 1.011468 0.021948
2.218190 1.024105 0.022222
2.219210 1.016266 0.022052
2.220220 1.010936 0.021936
2.221240 1.004085 0.021788
2.222260 0.994477 0.021579
2.223280 0.988532 0.021450
2.224300 1.004645 0.021800
2.225320 1.016058 0.022047
2.226340 1.015415 0.022033
2.227360 1.027748 0.022301
2.228380 1.034605 0.022450
2.229400 1.017635 0.022082
2.230420 1.012339 0.021967
2.231440 1.024941 0.022240
2.232460 1.011973 0.021959
2.233480 1.003380 0.021772
2.234500 1.027948 0.022305
2.235520 1.025086 0.022243
2.236540 1.006339 0.021837
2.237560 1.012581 0.021972
2.238580 1.019314 0.022118
2.239600 1.008759 0.021889
2.240620 1.032082 0.022395
2.241640 1.025107 0.022244
2.242660 1.031999 0.022393
2.243680 1.023061 0.022199
2.244700 1.014351 0.022010
2.245720 1.039880 0.022564
2.246740 1.060998 0.023023
2.247760 0.993198 0.021551
2.248780 1.023759 0.022215
2.249800 1.039990 0.022567
2.250820 1.019294 0.022118
2.251840 1.000028 0.021700
2.252860 1.019501 0.022122
2.253880 1.005938 0.021828
2.254900 1.021602 0.022168
2.255920 1.018333 0.022097
2.256940 1.045209 0.022680
2.257960 1.031792 0.022389
2.258980 1.018540 0.022101
2.260000 1.002039 0.021743
2.261020 1.043668 0.022647
2.262040 1.053090 0.022851
2.263060 1.049972 0.022783
2.264080 1.023324 0.022205
2.265100 1.038207 0.022528
2.266120 1.040557 0.022579
2.267140 0.991172 0.021507
2.268160 0.975819 0.021174
2.269180 0.991767 0.021520
2.270200 1.000325 0.021706
2.271220 1.001272 0.021727
2.272240 0.985953 0.021394
2.273260 0.998804 0.021673
2.274280 1.017787 0.022085
2.275300 1.011323 0.021945
2.276320 1.021492 0.022165
2.277340 1.039928 0.022565
2.278360 1.019826 0.022129
2.279380 1.042002 0.022610
2.280400 1.035373 0.022467
2.281420 1.009118 0.021897
2.282440 1.024471 0.022230
2.283460 1.045576 0.022688
2.284480 1.024616 0.022233
2.285500 1.006685 0.021844
2.286520 1.008109 0.021875
2.287540 1.037806 0.022519
2.288560 1.027223 0.022290
2.289580 1.003090 0.021766
2.290600 1.022079 0.022178
2.291620 1.022750 0.022193
2.292640 1.041359 0.022596
2.293660 0.996011 0.021612
2.294680 0.989901 0.021480
2.295700 0.972363 0.021099
2.296720 0.995562 0.021603
2.297740 1.000194 0.021703
2.298760 1.011586 0.021950
2.299780 1.009968 0.021915
2.300800 1.046972 0.022718
2.301820 1.026891 0.022282
2.302840 1.017614 0.022081
2.303860 1.030617 0.022363
2.304880 1.003491 0.021775
2.305890 1.002350 0.021750
2.306910 1.009484 0.021905
2.307930 1.030285 0.022356
2.308950 1.020496 0.022144
2.309970 1.034557 0.022449
2.310990 1.016418 0.022055
2.312010 1.016770 0.022063
2.313030 1.002551 0.021754
2.314050 0.966687 0.020976
2.315070 0.961586 0.020865
2.316090 0.976780 0.021195
2.317110 0.986769 0.021412
2.318130 1.005592 0.021820
2.319150 1.013508 0.021992
2.320170 0.983983 0.021351
2.321190 0.986396 0.021404
2.322210 1.006360 0.021837
2.323230 1.002641 0.021756
2.324250 1.020980 0.022154
2.325270 1.051403 0.022814
2.326290 1.035421 0.022468
2.327310 1.037744 0.022518
2.328330 1.026566 0.022275
2.329350 1.025176 0.022245
2.330370 1.017012 0.022068
2.331390 1.029946 0.022349
2.332410 1.038629 0.022537
2.333430 1.037170 0.022506
2.334450 1.036755 0.022497
2.335470 1.042880 0.022629
2.336490 1.054155 0.022874
2.337510 0.977070 0.021201
2.338530 1.004922 0.021806
2.339550 0.985863 0.021392
2.340570 0.984515 0.021363
2.341590 1.019916 0.022131
2.342610 1.035850 0.022477
2.343630 1.044463 0.022664
2.344650 1.004251 0.021791
2.345670 1.016335 0.022053
2.346690 0.989465 0.021470
2.347710 1.016065 0.022048
2.348730 1.016065 0.022048
2.349750 1.022473 0.022187
2.350770 1.012699 0.021975
2.351790 1.031412 0.022381
2.352810 1.061925 0.023043
2.353830 1.017545 0.022080
2.354850 1.002551 0.021754
2.355870 1.000947 0.021720
2.356890 1.001521 0.021732
2.357910 0.990675 0.021497
2.358930 0.992126 0.021528
2.359950 1.014351 0.022010
2.360970 1.003899 0.021784
2.361990 1.005765 0.021824
2.363010 0.986527 0.021407
2.364030 0.977444 0.021210
2.365050 1.017047 0.022069
2.366070 0.985933 0.021394
2.367090 0.988387 0.021447
2.368110 0.965955 0.020960
2.369130 0.943564 0.020474
2.370150 0.980527 0.021276
2.371170 0.998071 0.021657
2.372190 1.060832 0.023019
2.373210 1.075245 0.023332
2.374230 1.068955 0.023195
2.375250 1.074844 0.023323
2.376270 0.934426 0.020276
2.377290 1.023766 0.022215
2.378310 1.012540 0.021971
2.379330 1.040184 0.022571
2.380350 1.071934 0.023260
2.381370 1.019135 0.022114
2.382390 1.041960 0.022610
2.383410 1.041013 0.022589
2.384430 1.036686 0.022495
2.385450 1.019273 0.022117
2.386470 1.037357 0.022510
2.387490 0.995237 0.021596
2.388510 1.003595 0.021777
2.389530 1.029635 0.022342
2.390540 0.993951 0.021568
2.391560 0.980451 0.021275
2.392580 1.005019 0.021808
2.393600 1.037661 0.022516
2.394620 1.029573 0.022341
2.395640 1.017213 0.022072
2.396660 1.017109 0.022070
2.397680 1.055316 0.022899
2.398700 1.048687 0.022755
2.399720 1.034315 0.022444
2.400740 1.012540 0.021971
2.401760 1.043986 0.022653
2.402780 1.017724 0.022084
2.403800 0.977402 0.021209
2.404820 0.960791 0.020848
2.405840 0.992119 0.021528
2.406860 0.997401 0.021643
2.407880 1.022930 0.022197
2.408900 1.036271 0.022486
2.409920 1.052143 0.022830
2.410940 0.991048 0.021505
2.411960 1.037771 0.022519
2.412980 1.037578 0.022514
2.414000 0.979282 0.021249
2.415020 1.014524 0.022014
2.416040 1.065250 0.023115
2.417060 1.004984 0.021807
2.418080 1.002551 0.021754
2.419100 1.057210 0.022940
2.420120 1.004251 0.021791
2.421140 1.021561 0.022167
2.422160 0.968229 0.021010
2.423180 1.033133 0.022418
2.424200 1.033762 0.022432
2.425220 1.077091 0.023372
2.426240 1.071333 0.023247
2.427260 1.027319 0.022292
2.428280 1.005420 0.021817
2.429300 0.994117 0.021571
2.430320 0.966141 0.020964
2.431340 0.986969 0.021416
2.432360 0.947574 0.020561
2.433380 0.992126 0.021528
2.434400 0.992126 0.021528
2.435420 0.925411 0.020081
2.436440 1.025045 0.022242
2.437460 1.035760 0.022475
2.438480 0.958420 0.020797
2.439500 0.962042 0.020875
2.440520 0.978170 0.021225
2.441540 1.017655 0.022082
2.442560 0.964683 0.020933
2.443580 0.977679 0.021215
2.444600 0.923932 0.020048
2.445620 0.970780 0.021065
2.446640 0.987937 0.021437
2.447660 0.986969 0.021416
2.448680 1.064690 0.023103
2.449700 0.986527 0.021407
2.450720 1.007265 0.021857
2.451740 0.905876 0.019657
2.452760 0.954991 0.020722
2.453780 0.944705 0.020499
2.454800 0.918436 0.019929
2.455820 1.036838 0.022498
2.456840 1.027845 0.022303
2.457860 1.005039 0.021808
2.458880 1.003429 0.021773
2.459900 0.961613 0.020866
2.460920 0.977444 0.021210
2.461940 0.951846 0.020654
2.462960 0.981218 0.021291
2.463980 0.971340 0.021077
2.465000 1.018588 0.022102
2.466020 0.971340 0.021077
2.467040 0.970780 0.021065
2.468060 1.002454 0.021752
2.469080 0.946834 0.020545
2.470100 0.941884 0.020438
2.471120 0.954217 0.020706
2.472140 0.927022 0.020115
2.473160 0.940550 0.020409
2.474180 1.005281 0.021814
2.475200 1.022923 0.022196
2.476210 1.020607 0.022146
2.477230 0.984522 0.021363
2.478250 0.986728 0.021411
2.479270 0.962229 0.020879
2.480290 0.962229 0.020879
2.481310 0.962042 0.020875
2.482330 0.962042 0.020875
2.483350 0.962042 0.020875
2.484370 0.977216 0.021205
2.485390 0.975937 0.021177
2.486410 0.960791 0.020848
2.487430 0.960791 0.020848
2.488450 0.987937 0.021437
2.489470 0.959215 0.020814
2.490490 0.925771 0.020088
2.491510 0.958420 0.020797
2.492530 0.956187 0.020748
2.493550 0.956187 0.020748
2.494570 0.907279 0.019687
2.495590 0.962457 0.020884
2.496610 0.900954 0.019550
2.497630 0.919349 0.019949
2.498650 0.909685 0.019739
2.499670 0.907424 0.019690
2.500690 0.962229 0.020879
2.501710 0.956187 0.020748
2.502730 0.997173 0.021638
2.503750 0.892880 0.019375
2.504770 0.951092 0.020638
2.505790 0.970178 0.021052
2.506810 0.951846 0.020654
2.507830 1.030230 0.022355
2.508850 0.911337 0.019775
2.509870 0.951846 0.020654
2.510890 0.951092 0.020638
2.511910 0.951092 0.020638
2.512930 0.951092 0.020638
2.513950 0.951092 0.020638
2.514970 0.951092 0.020638
2.515990 0.951092 0.020638
2.517010 0.951092 0.020638
2.518030 0.949067 0.020594
2.519050 0.949067 0.020594
2.520070 0.949067 0.020594
2.521090 0.916072 0.019878
2.522110 0.949067 0.020594
2.523130 0.949067 0.020594
2.524150 0.949067 0.020594
2.525170 0.949067 0.020594
2.526190 0.959215 0.020814
2.527210 0.947574 0.020561
2.528230 0.947574 0.020561
2.529250 0.947574 0.020561
2.530270 0.947574 0.020561
2.531290 0.947574 0.020561
2.532310 0.947574 0.020561
2.533330 0.947574 0.020561
2.534350 0.949067 0.020594
2.535370 0.949067 0.020594
2.536390 0.949067 0.020594
