    0.7800    1.0880    0.0101    3.0000
    0.7850    1.0939    0.0102    3.0000
    0.7900    1.1027    0.0105    3.0000
    0.7950    1.0930    0.0104    3.0000
    0.8000    1.0955    0.0097    3.0000
    0.8050    1.0770    0.0094    3.0000
    0.8100    1.0686    0.0094    3.0000
    0.8150    1.0656    0.0093    3.0000
    0.8200    1.0471    0.0093    2.0000
    0.8250    1.0604    0.0094    3.0000
    0.8300    1.0624    0.0089    3.0000
    0.8350    1.0499    0.0093    3.0000
    0.8400    1.0482    0.0088    3.0000
    0.8450    1.0371    0.0088    3.0000
    0.8500    1.0428    0.0090    3.0000
    0.8550    1.0378    0.0090    2.0000
    0.8600    1.0346    0.0087    3.0000
    0.8650    1.0080    0.0098    3.0000
    0.8700    1.0168    0.0090    3.0000
    0.8750    0.9961    0.0084    3.0000
    0.8800    0.9976    0.0086    3.0000
    0.8850    1.0044    0.0082    3.0000
    0.8900    0.9896    0.0085    3.0000
    0.8950    0.9857    0.0080    3.0000
    0.9000    0.9776    0.0085    1.0000
    0.9050    0.9803    0.0083    3.0000
    0.9100    0.9841    0.0084    3.0000
    0.9150    0.9871    0.0078    3.0000
    0.9200    0.9909    0.0077    3.0000
    0.9250    0.9886    0.0077    3.0000
    0.9300    0.9797    0.0077    3.0000
    0.9350    0.9683    0.0081    3.0000
    0.9400    0.9773    0.0081    3.0000
    0.9450    0.9706    0.0083    3.0000
    0.9500    0.9728    0.0080    3.0000
    0.9550    0.9749    0.0078    3.0000
    0.9600    0.9718    0.0079    3.0000
    0.9650    0.9780    0.0074    3.0000
    0.9700    0.9858    0.0070    3.0000
    0.9750    0.9914    0.0068    2.0000
    0.9800    0.9874    0.0070    3.0000
    0.9850    0.9865    0.0067    3.0000
    0.9900    0.9810    0.0069    3.0000
    0.9950    0.9724    0.0070    3.0000
    1.0000    0.9753    0.0068    3.0000
    1.0050    0.9870    0.0067    3.0000
    1.0100    0.9888    0.0068    3.0000
    1.0150    0.9896    0.0069    3.0000
    1.0200    0.9884    0.0065    3.0000
    1.0250    0.9734    0.0065    3.0000
    1.0300    0.9906    0.0066    3.0000
    1.0350    1.0032    0.0066    3.0000
    1.0400    1.0017    0.0067    3.0000
    1.0450    0.9977    0.0067    3.0000
    1.0500    1.0025    0.0065    3.0000
    1.0550    1.0102    0.0063    3.0000
    1.0600    1.0159    0.0063    3.0000
    1.0650    1.0102    0.0062    3.0000
    1.0700    1.0172    0.0062    3.0000
    1.0750    1.0109    0.0062    3.0000
    1.0800    1.0167    0.0063    3.0000
    1.0850    1.0166    0.0067    3.0000
    1.0900    1.0447    0.0072    3.0000
    1.0950    1.0433    0.0065    3.0000
    1.1000    1.0459    0.0063    3.0000
    1.1050    1.0458    0.0064    3.0000
    1.1100    1.0540    0.0065    3.0000
    1.1150    1.0554    0.0071    3.0000
    1.1200    1.0770    0.0065    3.0000
    1.1250    1.0795    0.0068    3.0000
    1.1300    1.0796    0.0070    3.0000
    1.1350    1.0858    0.0074    3.0000
    1.1400    1.0860    0.0072    3.0000
    1.1450    1.0887    0.0072    3.0000
    1.1500    1.1041    0.0077    3.0000
    1.1550    1.1036    0.0073    3.0000
    1.1600    1.1087    0.0067    3.0000
    1.1650    1.1089    0.0066    3.0000
    1.1700    1.1158    0.0062    3.0000
    1.1750    1.1297    0.0065    3.0000
    1.1800    1.1266    0.0064    3.0000
    1.1850    1.1350    0.0064    3.0000
    1.1900    1.1379    0.0061    3.0000
    1.1950    1.1430    0.0063    3.0000
    1.2000    1.1423    0.0064    3.0000
    1.2050    1.1418    0.0061    3.0000
    1.2100    1.1425    0.0063    3.0000
    1.2150    1.1400    0.0066    3.0000
    1.2200    1.1512    0.0063    3.0000
    1.2250    1.1581    0.0061    3.0000
    1.2300    1.1582    0.0070    3.0000
    1.2350    1.1609    0.0065    3.0000
    1.2400    1.1686    0.0061    3.0000
    1.2450    1.1762    0.0062    3.0000
    1.2500    1.1698    0.0065    3.0000
    1.2550    1.1680    0.0065    3.0000
    1.2600    1.1577    0.0074    3.0000
    1.2650    1.1779    0.0074    3.0000
    1.2700    1.1912    0.0069    3.0000
    1.2750    1.1900    0.0072    3.0000
    1.2800    1.1786    0.0070    3.0000
    1.2850    1.1793    0.0066    3.0000
    1.2900    1.1877    0.0064    3.0000
    1.2950    1.1874    0.0067    3.0000
    1.3000    1.2048    0.0063    3.0000
    1.3050    1.2137    0.0063    3.0000
    1.3100    1.2038    0.0064    3.0000
    1.3150    1.2155    0.0066    3.0000
    1.3200    1.2157    0.0068    3.0000
    1.3250    1.2219    0.0066    3.0000
    1.3300    1.2303    0.0066    3.0000
    1.3350    1.2417    0.0065    3.0000
    1.3400    1.2438    0.0067    3.0000
    1.3450    1.2463    0.0069    3.0000
    1.3500    1.2454    0.0078    3.0000
    1.3550    1.2711    0.0099    2.0000
    1.3600   -1.0000   -1.0000    0.0000
    1.3650   -1.0000   -1.0000    0.0000
    1.3700    1.2539    0.0123    2.0000
    1.3750   -1.0000   -1.0000    0.0000
    1.3800   -1.0000   -1.0000    0.0000
    1.3850    1.2587    0.0118    3.0000
    1.3900    1.2689    0.0112    3.0000
    1.3950   -1.0000   -1.0000    0.0000
    1.4000    1.2718    0.0109    3.0000
    1.4050    1.2955    0.0104    3.0000
    1.4100    1.2960    0.0102    3.0000
    1.4150    1.2994    0.0097    3.0000
    1.4200    1.2899    0.0095    3.0000
    1.4250    1.2943    0.0091    3.0000
    1.4300    1.3067    0.0089    3.0000
    1.4350    1.3216    0.0086    3.0000
    1.4400    1.2924    0.0080    1.0000
    1.4450    1.3236    0.0086    3.0000
    1.4500    1.3236    0.0091    3.0000
    1.4550    1.3246    0.0084    3.0000
    1.4600    1.3329    0.0083    3.0000
    1.4650    1.3260    0.0081    3.0000
    1.4700   -1.0000   -1.0000    0.0000
    1.4750    1.3429    0.0083    3.0000
    1.4800    1.3547    0.0087    3.0000
    1.4850    1.3752    0.0080    1.0000
    1.4900    1.3568    0.0082    3.0000
    1.4950    1.3620    0.0077    3.0000
    1.5000    1.3574    0.0084    2.0000
    1.5050    1.3576    0.0077    3.0000
    1.5100    1.3728    0.0077    3.0000
    1.5150    1.3839    0.0088    3.0000
    1.5200    1.3783    0.0089    3.0000
    1.5250    1.3870    0.0081    3.0000
    1.5300    1.3860    0.0080    3.0000
    1.5350    1.3764    0.0078    3.0000
    1.5400    1.3701    0.0075    3.0000
    1.5450    1.3707    0.0081    3.0000
    1.5500    1.3884    0.0082    3.0000
    1.5550    1.3970    0.0085    3.0000
    1.5600    1.3835    0.0079    3.0000
    1.5650    1.3860    0.0081    3.0000
    1.5700    1.3940    0.0081    3.0000
    1.5750    1.3938    0.0080    3.0000
    1.5800    1.3921    0.0081    3.0000
    1.5850    1.3954    0.0084    3.0000
    1.5900    1.3968    0.0084    3.0000
    1.5950    1.3918    0.0088    3.0000
    1.6000    1.3950    0.0093    3.0000
    1.6050    1.4012    0.0083    3.0000
    1.6100    1.3940    0.0087    3.0000
    1.6150    1.4051    0.0091    3.0000
    1.6200    1.3971    0.0096    3.0000
    1.6250    1.4103    0.0087    3.0000
    1.6300    1.4271    0.0087    3.0000
    1.6350    1.4139    0.0091    3.0000
    1.6400    1.4007    0.0082    3.0000
    1.6450    1.4056    0.0085    3.0000
    1.6500    1.4021    0.0085    3.0000
    1.6550    1.4152    0.0090    3.0000
    1.6600    1.4120    0.0086    3.0000
    1.6650    1.4128    0.0093    3.0000
    1.6700    1.4221    0.0090    3.0000
    1.6750    1.4030    0.0086    3.0000
    1.6800    1.4049    0.0090    3.0000
    1.6850    1.4065    0.0093    3.0000
    1.6900    1.3862    0.0101    3.0000
    1.6950   -1.0000   -1.0000    0.0000
    1.7000    1.3948    0.0099    3.0000
    1.7050    1.3964    0.0092    3.0000
    1.7100    1.4032    0.0093    3.0000
    1.7150    1.3883    0.0091    3.0000
    1.7200    1.3910    0.0091    3.0000
    1.7250    1.3926    0.0091    3.0000
    1.7300    1.3909    0.0102    3.0000
    1.7350    1.3852    0.0099    3.0000
    1.7400    1.3983    0.0099    3.0000
    1.7450    1.3978    0.0098    3.0000
    1.7500    1.3893    0.0094    3.0000
    1.7550    1.3988    0.0092    3.0000
    1.7600    1.4039    0.0098    3.0000
    1.7650    1.3949    0.0102    3.0000
    1.7700    1.3803    0.0102    3.0000
    1.7750    1.3744    0.0101    3.0000
    1.7800    1.3828    0.0094    3.0000
    1.7850    1.3930    0.0096    3.0000
    1.7900    1.3917    0.0095    3.0000
    1.7950    1.3850    0.0101    3.0000
    1.8000    1.3867    0.0105    3.0000
    1.8050    1.3767    0.0112    3.0000
    1.8100    1.4091    0.0117    3.0000
    1.8150   -1.0000   -1.0000    0.0000
    1.8200   -1.0000   -1.0000    0.0000
    1.8250    1.3965    0.0151    3.0000
    1.8300    1.3752    0.0150    2.0000
    1.8350    1.3929    0.0166    3.0000
    1.8400    1.3775    0.0182    2.0000
    1.8450    1.3851    0.0208    3.0000
    1.8500    1.3710    0.0212    3.0000
    1.8550    1.3575    0.0200    3.0000
    1.8600    1.3508    0.0199    3.0000
    1.8650    1.3692    0.0190    3.0000
    1.8700   -1.0000   -1.0000    0.0000
    1.8750   -1.0000   -1.0000    0.0000
    1.8800    1.3650    0.0233    2.0000
    1.8850    1.3879    0.0197    3.0000
    1.8900   -1.0000   -1.0000    0.0000
    1.8950    1.3987    0.0155    3.0000
    1.9000    1.3939    0.0165    3.0000
    1.9050    1.3792    0.0188    3.0000
    1.9100    1.3673    0.0188    3.0000
    1.9150    1.3526    0.0180    3.0000
    1.9200    1.3803    0.0171    3.0000
    1.9250   -1.0000   -1.0000    0.0000
    1.9300    1.3675    0.0162    3.0000
    1.9350    1.3613    0.0161    3.0000
    1.9400    1.3535    0.0136    1.0000
    1.9450    1.3507    0.0125    1.0000
    1.9500    1.3961    0.0141    3.0000
    1.9550    1.3764    0.0136    3.0000
    1.9600    1.3661    0.0145    1.0000
    1.9650   -1.0000   -1.0000    0.0000
    1.9700    1.3751    0.0139    3.0000
    1.9750    1.3713    0.0131    3.0000
    1.9800    1.3613    0.0117    3.0000
    1.9850    1.3907    0.0122    3.0000
    1.9900    1.3869    0.0113    3.0000
    1.9950    1.3694    0.0125    3.0000
    2.0000    1.3595    0.0139    3.0000
    2.0050    1.3759    0.0152    3.0000
    2.0100    1.4077    0.0173    1.0000
    2.0150    1.3657    0.0166    2.0000
    2.0200    1.3808    0.0144    3.0000
    2.0250    1.3782    0.0143    3.0000
    2.0300    1.3779    0.0128    3.0000
    2.0350    1.3811    0.0137    3.0000
    2.0400    1.3727    0.0124    3.0000
    2.0450    1.3701    0.0124    3.0000
    2.0500    1.3660    0.0132    3.0000
    2.0550    1.3794    0.0137    3.0000
    2.0600    1.4094    0.0155    1.0000
    2.0650    1.3896    0.0152    3.0000
    2.0700    1.4067    0.0144    3.0000
    2.0750    1.4049    0.0146    3.0000
    2.0800    1.4033    0.0134    3.0000
    2.0850    1.3987    0.0126    3.0000
    2.0900    1.4016    0.0126    3.0000
    2.0950    1.4026    0.0133    3.0000
    2.1000    1.4144    0.0130    3.0000
    2.1050    1.4166    0.0132    3.0000
    2.1100    1.3981    0.0130    3.0000
    2.1150    1.3994    0.0134    3.0000
    2.1200    1.3882    0.0132    3.0000
    2.1250    1.3801    0.0132    3.0000
    2.1300    1.4011    0.0141    3.0000
    2.1350    1.4028    0.0142    3.0000
    2.1400    1.4048    0.0137    3.0000
    2.1450    1.4080    0.0132    3.0000
    2.1500    1.3991    0.0134    3.0000
    2.1550    1.4102    0.0144    3.0000
    2.1600    1.4124    0.0144    3.0000
    2.1650    1.4183    0.0142    3.0000
    2.1700    1.4038    0.0141    3.0000
    2.1750    1.4104    0.0143    3.0000
    2.1800   -1.0000   -1.0000    0.0000
    2.1850    1.4399    0.0157    3.0000
    2.1900    1.4247    0.0144    3.0000
    2.1950    1.4061    0.0147    3.0000
    2.2000    1.4045    0.0142    3.0000
    2.2050    1.4125    0.0142    3.0000
    2.2100    1.4140    0.0153    3.0000
    2.2150    1.4221    0.0148    3.0000
    2.2200    1.4458    0.0143    3.0000
    2.2250    1.4369    0.0163    3.0000
    2.2300    1.4212    0.0159    3.0000
    2.2350    1.4256    0.0157    3.0000
    2.2400    1.4372    0.0156    3.0000
    2.2450    1.4243    0.0154    3.0000
    2.2500    1.4202    0.0158    3.0000
    2.2550    1.4359    0.0154    3.0000
    2.2600    1.4202    0.0159    3.0000
    2.2650    1.4361    0.0168    3.0000
    2.2700    1.4271    0.0170    3.0000
    2.2750    1.4289    0.0160    3.0000
    2.2800    1.4402    0.0166    3.0000
    2.2850    1.4324    0.0163    3.0000
    2.2900    1.4386    0.0166    3.0000
    2.2950    1.4217    0.0173    3.0000
    2.3000    1.4506    0.0173    3.0000
    2.3050    1.4633    0.0171    1.0000
    2.3100    1.4141    0.0164    2.0000
    2.3150    1.4538    0.0169    3.0000
    2.3200    1.4371    0.0170    3.0000
    2.3250    1.4386    0.0168    3.0000
    2.3300    1.4555    0.0184    3.0000
    2.3350    1.4744    0.0188    2.0000
    2.3400    1.4550    0.0187    3.0000
    2.3450    1.4541    0.0185    3.0000
    2.3500    1.4800    0.0183    3.0000
    2.3550    1.4500    0.0185    3.0000
    2.3600    1.4665    0.0175    3.0000
    2.3650    1.4695    0.0191    3.0000
    2.3700   -1.0000   -1.0000    0.0000
    2.3750    1.4446    0.0193    3.0000
    2.3800    1.4488    0.0197    3.0000
    2.3850   -1.0000   -1.0000    0.0000
    2.3900    1.4659    0.0190    3.0000
    2.3950    1.4829    0.0191    3.0000
    2.4000    1.4477    0.0206    3.0000
    2.4050    1.4624    0.0206    3.0000
    2.4100    1.4893    0.0194    3.0000
    2.4150    1.4306    0.0229    1.0000
    2.4200    1.4830    0.0203    3.0000
    2.4250    1.4736    0.0208    3.0000
    2.4300    1.4480    0.0196    3.0000
    2.4350   -1.0000   -1.0000    0.0000
    2.4400    1.4785    0.0206    3.0000
    2.4450    1.4387    0.0205    3.0000
    2.4500    1.4562    0.0222    3.0000
