    0.4350    0.9869    0.0470         1
    0.4375    0.9206    0.0287         1
    0.4400    0.9582    0.0267         1
    0.4425    1.0052    0.0242         1
    0.4450    0.9532    0.0216         1
    0.4475    0.9319    0.0198         1
    0.4500    0.9040    0.0177         1
    0.4525    0.9036    0.0161         1
    0.4550    0.9446    0.0156         1
    0.4575    0.9485    0.0145         1
    0.4600    0.9348    0.0135         1
    0.4625    0.9588    0.0127         1
    0.4650    0.9352    0.0118         1
    0.4675    0.9360    0.0113         1
    0.4700    0.9456    0.0108         1
    0.4725    0.9446    0.0103         1
    0.4750    0.9829    0.0098         1
    0.4775    0.9765    0.0092         1
    0.4800    0.9450    0.0087         1
    0.4825    0.9766    0.0083         1
    0.4850    0.9472    0.0078         1
    0.4875    0.9256    0.0076         1
    0.4900    0.9681    0.0078         1
    0.4925    0.9686    0.0073         1
    0.4950    0.9556    0.0069         1
    0.4975    0.9584    0.0067         1
    0.5000    0.9644    0.0063         1
    0.5025    0.9599    0.0062         1
    0.5050    0.9685    0.0061         1
    0.5075    0.9892    0.0060         1
    0.5100    0.9770    0.0057         1
    0.5125    0.9809    0.0055         1
    0.5150    0.9751    0.0053         1
    0.5175    0.9600    0.0052         1
    0.5200    0.9710    0.0052         1
    0.5225    1.0094    0.0053         1
    0.5250    1.0026    0.0050         1
    0.5275    0.9690    0.0047         1
    0.5450    0.9925    0.0041         1
    0.5475    1.0113    0.0040         1
    0.5500    1.0100    0.0039         1
    0.5525    1.0099    0.0038         1
    0.5550    1.0146    0.0038         1
    0.5575    1.0195    0.0037         1
    0.5600    1.0108    0.0037         1
    0.5625    1.0214    0.0037         1
    0.5650    1.0266    0.0036         1
    0.5675    1.0151    0.0035         1
    0.5700    1.0246    0.0035         1
    0.5725    1.0239    0.0034         1
    0.5750    1.0213    0.0034         1
    0.5775    1.0266    0.0033         1
    0.5800    1.0180    0.0032         1
    0.5825    1.0248    0.0032         1
    0.5850    1.0302    0.0032         1
    0.5875    1.0277    0.0031         1
    0.5900    1.0241    0.0031         1
    0.5925    1.0014    0.0030         1
    0.5950    1.0263    0.0031         1
    0.5975    1.0254    0.0031         1
    0.6000    1.0295    0.0030         1
    0.6025    1.0294    0.0029         1
    0.6050    1.0448    0.0029         1
    0.6075    1.0469    0.0029         1
    0.6100    1.0369    0.0028         1
    0.6125    1.0399    0.0028         1
    0.6150    1.0439    0.0028         1
    0.6175    1.0442    0.0028         1
    0.6200    1.0534    0.0028         1
    0.6225    1.0586    0.0028         1
    0.6250    1.0585    0.0028         1
    0.6275    1.0546    0.0027         1
    0.6300    1.0558    0.0027         1
    0.6325    1.0568    0.0027         1
    0.6350    1.0614    0.0027         1
    0.6375    1.0659    0.0027         1
    0.6400    1.0672    0.0027         1
    0.6425    1.0621    0.0027         1
    0.6450    1.0619    0.0026         1
    0.6475    1.0667    0.0026         1
    0.6500    1.0584    0.0026         1
    0.6525    1.0652    0.0026         1
    0.6550    1.0708    0.0026         1
    0.6575    1.0497    0.0026         1
    0.6600    1.0763    0.0027         1
    0.6625    1.1019    0.0027         1
    0.6650    1.0881    0.0026         1
    0.6675    1.0892    0.0026         1
    0.6700    1.0849    0.0025         1
    0.6725    1.0888    0.0025         1
    0.6750    1.0928    0.0025         1
    0.6775    1.0999    0.0025         1
    0.6800    1.0977    0.0025         1
    0.6825    1.0968    0.0025         1
    0.6850    1.0961    0.0025         1
    0.6875    1.0626    0.0025         1
    0.6900    1.0567    0.0026         1
    0.6925    1.0898    0.0027         1
    0.6950    1.0779    0.0026         1
    0.6975    1.0852    0.0026         1
    0.7000    1.0889    0.0026         1
    0.7025    1.0769    0.0026         1
    0.7050    1.0965    0.0026         1
    0.7075    1.0988    0.0026         1
    0.7100    1.0982    0.0026         1
    0.7125    1.1009    0.0026         1
    0.7150    1.0928    0.0026         1
    0.7325    1.0891    0.0041         1
    0.7350    1.1026    0.0028         1
    0.7375    1.1013    0.0028         1
    0.7400    1.1058    0.0028         1
    0.7425    1.1166    0.0028         1
    0.7450    1.1145    0.0028         1
    0.7475    1.1179    0.0028         1
    0.7500    1.1166    0.0028         1
    0.7525    1.1140    0.0028         1
    0.7550    1.1158    0.0028         1
    0.7725    1.1136    0.0029         1
    0.7750    1.1050    0.0029         1
    0.7775    1.1068    0.0029         1
    0.7800    1.0963    0.0029         1
    0.7825    1.1081    0.0029         1
    0.7850    1.0995    0.0029         1
    0.7875    1.0991    0.0030         1
    0.7900    1.0909    0.0030         1
    0.7925    1.0901    0.0030         1
    0.7950    1.0979    0.0031         1
    0.7975    1.1059    0.0031         1
    0.8000    1.0850    0.0031         1
    0.8025    1.0870    0.0031         1
    0.8050    1.0919    0.0031         1
    0.8075    1.0936    0.0032         1
    0.8300    1.0878    0.0052         1
    0.8325    1.0789    0.0052         1
    0.8350    1.1012    0.0053         1
    0.8375    1.0932    0.0037         1
    0.8400    1.1089    0.0038         1
    0.8425    1.0969    0.0037         1
    0.8450    1.0974    0.0038         1
    0.8475    1.0963    0.0038         1
    0.8500    1.0747    0.0038         1
    0.8525    1.0764    0.0039         1
    0.8550    1.0967    0.0040         1
    0.8575    1.1149    0.0041         1
    0.8600    1.0935    0.0040         1
    0.8625    1.0792    0.0041         1
    0.8650    1.0813    0.0042         1
    0.8675    1.1040    0.0044         1
    0.8700    1.0990    0.0044         1
    0.8725    1.0803    0.0043         1
    0.8750    1.0865    0.0045         1
    0.8775    1.0868    0.0046         1
    0.8800    1.0854    0.0046         1
    0.8825    1.0840    0.0047         1
    0.8850    1.0836    0.0048         1
    0.8875    1.0890    0.0049         1
    0.8900    1.0798    0.0050         1
    0.9000    1.0517    0.0084         1
    0.9025    1.0699    0.0085         1
    0.9175    1.0603    0.0070         1
    0.9200    1.0907    0.0071         1
    0.9225    1.0574    0.0070         1
    0.9250    1.0573    0.0103         1

    0.8200    1.0883    0.0024         2
    0.8250    1.0921    0.0028         3
    0.8300    1.0894    0.0026         3
    0.8350    1.0859    0.0026         3
    0.8400    1.0895    0.0026         3
    0.8450    1.0875    0.0026         3
    0.8500    1.0906    0.0026         3
    0.8550    1.0873    0.0026         3
    0.8600    1.0874    0.0027         3
    0.8650    1.0847    0.0027         3
    0.8700    1.0818    0.0027         3
    0.8750    1.0861    0.0027         3
    0.8800    1.0848    0.0027         3
    0.8850    1.0834    0.0025         3
    0.8900    1.0876    0.0024         3
    0.8950    1.0922    0.0023         3
    0.9000    1.0913    0.0023         3
    0.9050    1.0907    0.0023         3
    0.9100    1.0906    0.0023         3
    0.9150    1.0898    0.0023         3
    0.9200    1.0873    0.0024         3
    0.9250    1.0858    0.0025         3
    0.9300    1.0857    0.0023         3
    0.9350    1.0839    0.0023         3
    0.9400    1.0847    0.0023         3
    0.9450    1.0828    0.0024         3
    0.9500    1.0688    0.0024         2
    0.9550    1.0865    0.0022         3
    0.9600    1.0904    0.0022         3
    0.9650    1.1013    0.0022         2
    0.9700    1.0894    0.0020         3
    0.9750    1.0892    0.0021         3
    0.9800    1.0801    0.0020         3
    0.9850    1.0817    0.0020         3
    0.9900    1.0840    0.0020         3
    0.9950    1.0855    0.0020         3
    1.0000    1.0856    0.0019         3
    1.0050    1.0858    0.0019         3
    1.0100    1.0821    0.0019         3
    1.0150    1.0827    0.0019         3
    1.0200    1.0806    0.0019         3
    1.0250    1.0793    0.0019         3
    1.0300    1.0753    0.0020         3
    1.0350    1.0751    0.0019         3
    1.0400    1.0787    0.0019         3
    1.0450    1.0753    0.0019         3
    1.0500    1.0796    0.0019         3
    1.0550    1.0803    0.0016         2
    1.0600    1.0751    0.0019         3
    1.0650    1.0779    0.0019         3
    1.0700    1.0797    0.0019         3
    1.0750    1.0779    0.0019         3
    1.0800    1.0824    0.0019         3
    1.0850    1.0825    0.0018         3
    1.0900    1.0823    0.0018         3
    1.0950    1.0797    0.0018         3
    1.1000    1.0801    0.0018         3
    1.1050    1.0827    0.0019         3
    1.1100    1.0868    0.0021         3
    1.1150    1.0720    0.0022         1
    1.1200    1.0644    0.0023         1
    1.1250    1.0900    0.0022         3
    1.1300    1.0829    0.0019         3
    1.1350    1.0869    0.0021         3
    1.1400    1.0914    0.0020         3
    1.1450    1.0893    0.0019         3
    1.1500    1.0904    0.0019         3
    1.1550    1.0920    0.0019         3
    1.1600    1.0991    0.0019         3
    1.1650    1.0985    0.0018         3
    1.1700    1.1024    0.0017         3
    1.1750    1.1014    0.0017         3
    1.1800    1.1012    0.0017         3
    1.1850    1.1022    0.0017         3
    1.1900    1.1028    0.0017         3
    1.1950    1.1035    0.0017         3
    1.2000    1.1027    0.0017         3
    1.2050    1.1060    0.0017         3
    1.2100    1.1025    0.0017         3
    1.2150    1.1048    0.0017         3
    1.2200    1.1042    0.0017         3
    1.2250    1.1055    0.0016         3
    1.2300    1.1071    0.0017         3
    1.2350    1.1045    0.0017         3
    1.2400    1.1101    0.0017         3
    1.2450    1.1072    0.0017         3
    1.2500    1.1062    0.0017         3
    1.2550    1.1032    0.0017         3
    1.2600    1.1046    0.0017         3
    1.2650    1.1071    0.0017         3
    1.2700    1.1054    0.0018         3
    1.2750    1.1080    0.0018         3
    1.2800    1.1077    0.0017         3
    1.2850    1.1084    0.0017         3
    1.2900    1.1108    0.0017         3
    1.2950    1.1104    0.0017         3
    1.3000    1.1126    0.0017         3
    1.3050    1.1125    0.0017         3
    1.3100    1.1116    0.0017         3
    1.3150    1.1093    0.0018         3
    1.3200    1.1138    0.0018         3
    1.3250    1.1091    0.0018         3
    1.3300    1.1156    0.0019         3
    1.3350    1.0968    0.0022         2
    1.3400    1.1022    0.0028         2
    1.3450    1.1295    0.0037         2
    1.3500   -1.0000   -1.0000         0
    1.3550   -1.0000   -1.0000         0
    1.3600    1.0972    0.0038         1
    1.3650    1.1069    0.0041         1
    1.3700    1.1122    0.0030         2
    1.3750    1.1127    0.0033         3
    1.3800    1.1195    0.0025         1
    1.3850    1.1132    0.0028         2
    1.3900    1.1078    0.0032         2
    1.3950    1.1164    0.0030         3
    1.4000    1.1217    0.0026         2
    1.4050    1.1042    0.0032         1
    1.4100    1.1077    0.0031         2
    1.4150    1.1120    0.0027         1
    1.4200    1.1180    0.0025         3
    1.4250    1.1209    0.0022         3
    1.4300    1.1235    0.0021         3
    1.4350    1.1264    0.0021         3
    1.4400    1.1245    0.0021         3
    1.4450    1.1244    0.0024         3
    1.4500    1.1136    0.0023         2
    1.4550    1.1235    0.0021         3
    1.4600    1.1223    0.0022         3
    1.4650    1.1247    0.0021         3
    1.4700    1.1239    0.0021         3
    1.4750    1.1270    0.0021         3
    1.4800    1.1275    0.0021         3
    1.4850    1.1252    0.0021         3
    1.4900    1.1239    0.0020         3
    1.4950    1.1225    0.0021         3
    1.5000    1.1256    0.0020         3
    1.5050    1.1260    0.0020         3
    1.5100    1.1251    0.0020         3
    1.5150    1.1239    0.0019         3
    1.5200    1.1248    0.0020         3
    1.5250    1.1285    0.0020         3
    1.5300    1.1282    0.0020         3
    1.5350    1.1274    0.0020         3
    1.5400    1.1265    0.0020         3
    1.5450    1.1322    0.0021         3
    1.5500    1.1300    0.0021         3
    1.5550    1.1312    0.0021         3
    1.5600    1.1301    0.0021         3
    1.5650    1.1288    0.0021         3
    1.5700    1.1288    0.0021         3
    1.5750    1.1285    0.0021         3
    1.5800    1.1264    0.0021         3
    1.5850    1.1276    0.0022         3
    1.5900    1.1312    0.0021         3
    1.5950    1.1258    0.0021         3
    1.6000    1.1276    0.0021         3
    1.6050    1.1255    0.0021         3
    1.6100    1.1263    0.0021         3
    1.6150    1.1205    0.0021         3
    1.6200    1.1262    0.0021         3
    1.6250    1.1247    0.0021         3
    1.6300    1.1223    0.0021         3
    1.6350    1.1188    0.0022         3
    1.6400    1.1244    0.0022         3
    1.6450    1.1251    0.0026         3
    1.6500    1.1283    0.0022         2
    1.6550    1.1220    0.0023         3
    1.6600    1.1203    0.0022         3
    1.6650    1.1237    0.0022         3
    1.6700    1.1217    0.0022         3
    1.6750    1.1184    0.0022         3
    1.6800    1.1195    0.0022         3
    1.6850    1.1208    0.0023         3
    1.6900    1.1168    0.0023         3
    1.6950    1.1140    0.0023         3
    1.7000    1.1109    0.0023         3
    1.7050    1.1140    0.0023         3
    1.7100    1.1107    0.0023         3
    1.7150    1.1162    0.0024         3
    1.7200    1.1152    0.0020         2
    1.7250    1.1183    0.0023         3
    1.7300    1.1174    0.0023         3
    1.7350    1.1193    0.0027         3
    1.7400    1.1172    0.0025         3
    1.7450    1.1212    0.0025         3
    1.7500    1.1154    0.0024         3
    1.7550    1.1141    0.0024         3
    1.7600    1.1112    0.0025         3
    1.7650    1.1165    0.0025         3
    1.7700    1.1070    0.0026         3
    1.7750    1.1121    0.0025         3
    1.7800    1.1100    0.0026         3
    1.7850    1.1075    0.0026         3
    1.7900    1.1076    0.0027         3
    1.7950    1.1129    0.0030         3
    1.8000    1.1112    0.0033         3
    1.8050    1.1153    0.0032         3
    1.8100    1.1069    0.0036         1
    1.8150    1.1171    0.0039         1
    1.8200    1.1134    0.0036         1
    1.8250    1.1200    0.0048         2
    1.8300    1.1116    0.0057         2
    1.8350   -1.0000   -1.0000         0
    1.8400    1.1083    0.0050         3
    1.8450    1.0968    0.0049         2
    1.8500    1.1112    0.0049         3
    1.8550    1.1007    0.0048         2
    1.8600    1.1053    0.0048         2
    1.8650    1.1067    0.0073         2
    1.8700    1.1135    0.0062         1
    1.8750    1.1251    0.0077         1
    1.8800    1.0997    0.0085         1
    1.8850   -1.0000   -1.0000         0
    1.8900    1.0913    0.0044         1
    1.8950    1.1094    0.0060         2
    1.9000    1.0996    0.0051         3
    1.9050    1.0997    0.0050         3
    1.9100    1.1167    0.0053         1
    1.9150    1.1010    0.0051         3
    1.9200    1.1003    0.0042         2
    1.9250    1.1138    0.0046         2
    1.9300    1.1080    0.0040         3
    1.9350    1.1040    0.0037         3
    1.9400    1.1002    0.0037         2
    1.9450    1.0917    0.0039         2
    1.9500    1.0974    0.0040         3
    1.9550    1.0932    0.0038         3
    1.9600    1.0977    0.0042         2
    1.9650    1.0999    0.0042         3
    1.9700    1.1069    0.0045         3
    1.9750    1.0943    0.0032         2
    1.9800    1.1026    0.0033         3
    1.9850    1.0959    0.0033         3
    1.9900    1.0999    0.0037         2
    1.9950    1.1035    0.0046         1
    2.0000    1.0909    0.0052         1
    2.0050    1.1053    0.0058         1
    2.0100    1.0913    0.0039         1
    2.0150    1.1039    0.0040         1
    2.0200    1.1056    0.0050         2
    2.0250    1.0985    0.0043         2
    2.0300    1.0969    0.0034         3
    2.0350    1.0993    0.0033         3
    2.0400    1.0950    0.0035         2
    2.0450    1.0926    0.0040         2
    2.0500    1.0869    0.0040         1
    2.0550    1.0920    0.0037         3
    2.0600    1.0907    0.0036         3
    2.0650    1.0957    0.0036         3
    2.0700    1.0951    0.0036         3
    2.0750    1.0977    0.0035         3
    2.0800    1.0969    0.0034         3
    2.0850    1.1018    0.0034         3
    2.0900    1.0995    0.0033         3
    2.0950    1.0971    0.0033         3
    2.1000    1.0944    0.0033         3
    2.1050    1.0965    0.0034         3
    2.1100    1.1004    0.0034         3
    2.1150    1.1015    0.0035         3
    2.1200    1.0956    0.0034         3
    2.1250    1.0956    0.0035         3
    2.1300    1.0967    0.0034         3
    2.1350    1.0957    0.0035         3
    2.1400    1.0908    0.0035         3
    2.1450    1.0966    0.0035         3
    2.1500    1.0960    0.0035         3
    2.1550    1.0899    0.0036         3
    2.1600    1.0914    0.0036         3
    2.1650    1.1002    0.0037         3
    2.1700    1.0963    0.0037         3
    2.1750    1.0953    0.0037         3
    2.1800    1.0955    0.0037         3
    2.1850    1.0932    0.0037         3
    2.1900    1.0946    0.0037         3
    2.1950    1.0874    0.0038         3
    2.2000    1.0938    0.0038         3
    2.2050    1.0950    0.0039         3
    2.2100    1.0965    0.0039         3
    2.2150    1.0947    0.0039         3
    2.2200    1.0957    0.0040         3
    2.2250    1.0930    0.0040         3
    2.2300    1.0911    0.0040         3
    2.2350    1.0991    0.0041         3
    2.2400    1.0935    0.0040         3
    2.2450    1.0874    0.0041         3
    2.2500    1.0942    0.0041         3
    2.2550    1.0914    0.0042         3
    2.2600    1.0904    0.0042         3
    2.2650    1.0840    0.0042         3
    2.2700    1.0916    0.0038         2
    2.2750    1.0947    0.0046         3
    2.2800    1.0858    0.0043         3
    2.2850    1.0906    0.0045         3
    2.2900    1.0861    0.0045         3
    2.2950    1.0755    0.0038         2
    2.3000    1.0852    0.0045         3
    2.3050    1.0936    0.0045         3
    2.3100    1.0835    0.0045         3
    2.3150    1.0874    0.0046         3
    2.3200    1.0896    0.0046         3
    2.3250    1.0867    0.0046         3
    2.3300    1.0957    0.0049         3
    2.3350    1.0871    0.0046         3
    2.3400    1.0875    0.0046         3
    2.3450    1.0856    0.0047         3
    2.3500    1.0858    0.0050         3
    2.3550    1.1090    0.0054         2
    2.3600    1.0904    0.0050         3
    2.3650    1.0779    0.0049         3
    2.3700    1.0840    0.0049         3
    2.3750    1.0877    0.0050         3
    2.3800    1.0949    0.0053         3
    2.3850    1.0917    0.0050         3
    2.3900    1.0900    0.0054         2
    2.3950    1.0901    0.0050         3
    2.4000    1.0927    0.0051         3
    2.4050    1.1092    0.0056         2
    2.4100    1.0798    0.0043         2
    2.4150    1.0838    0.0052         3
    2.4200    1.0748    0.0050         2
    2.4250    1.0886    0.0051         3
    2.4300    1.0924    0.0053         3
    2.4350    1.0847    0.0046         2
    2.4400    1.1243    0.0067         1
    2.4450    1.0895    0.0055         3
    2.4500    1.0935    0.0058         2
    2.4550    1.0956    0.0055         3
    2.4600    1.0946    0.0055         3
    2.4650    1.0947    0.0054         3
    2.4700    1.1000    0.0056         3
    2.4750    1.0857    0.0050         1
    2.4800    1.1449    0.0072         1
    2.4850    1.1131    0.0062         1
    2.4900   -1.0000   -1.0000         0
