    0.5000    0.9390    0.0223         1
    0.5025    0.9546    0.0267         1
    0.5050    0.9472    0.0217         1
    0.5075    0.9425    0.0116         1
    0.5100    0.9557    0.0082         1
    0.5125    0.9538    0.0029         1
    0.5150    0.9327    0.0136         1
    0.5175    0.9691    0.0258         1
    0.5200    0.9739    0.0132         1
    0.5225    0.9805    0.0171         1
    0.5250    0.9645    0.0063         1
    0.5275    0.9825    0.0144         1
    0.5300    0.9675    0.0083         1
    0.5325    0.9846    0.0141         1
    0.5350    0.9838    0.0060         1
    0.5375    0.9787    0.0075         1
    0.5400    0.9984    0.0156         1
    0.5425    0.9967    0.0154         1
    0.5450    0.9878    0.0018         1
    0.5475    1.0079    0.0096         1
    0.5500    1.0073    0.0091         1
    0.5525    1.0039    0.0127         1
    0.5550    0.9879    0.0006         1
    0.5575    1.0046    0.0138         1
    0.5600    1.0096    0.0067         1
    0.5625    1.0105    0.0030         1
    0.5650    1.0220    0.0090         1
    0.5675    1.0163    0.0003         1
    0.5700    1.0238    0.0109         1
    0.5725    1.0239    0.0013         1
    0.5750    1.0193    0.0014         1
    0.5775    1.0328    0.0068         1
    0.5800    1.0392    0.0053         1
    0.5825    1.0317    0.0044         1
    0.5850    1.0278    0.0022         1
    0.5875    1.0157    0.0102         1
    0.5900    1.0418    0.0043         1
    0.5925    1.0349    0.0022         1
    0.5950    1.0384    0.0026         1
    0.5975    1.0453    0.0010         1
    0.6000    1.0410    0.0040         1
    0.6025    1.0537    0.0048         1
    0.6050    1.0479    0.0008         1
    0.6075    1.0502    0.0055         1
    0.6100    1.0463    0.0021         1
    0.6125    1.0562    0.0035         1
    0.6150    1.0627    0.0063         1
    0.6175    1.0713    0.0095         1
    0.6200    1.0617    0.0078         1
    0.6225    1.0557    0.0024         1
    0.6250    1.0632    0.0017         1
    0.6275    1.0769    0.0065         1
    0.6300    1.0537    0.0023         1
    0.6325    1.0668    0.0036         1
    0.6350    1.0781    0.0030         1
    0.6375    1.0661    0.0019         1
    0.6400    1.0808    0.0001         1
    0.6425    1.0801    0.0033         1
    0.6450    1.0855    0.0044         1
    0.6475    1.0788    0.0022         1
    0.6500    1.0945    0.0039         1
    0.6525    1.0897    0.0022         1
    0.6550    1.0739    0.0324         1
    0.6575    1.1195    0.0371         1
    0.6600    1.1093    0.0064         1
    0.6625    1.0928    0.0019         1
    0.6650    1.0991    0.0011         1
    0.6675    1.0934    0.0013         1
    0.6700    1.1152    0.0104         1
    0.6725    1.1106    0.0035         1
    0.6750    1.0967    0.0013         1
    0.6775    1.1308    0.0160         1
    0.6800    1.1103    0.0053         1
    0.6825    1.1105    0.0053         1
    0.6850    1.0895    0.0276         1
    0.6875    1.1157    0.0018         1
    0.6900    1.1306    0.0095         1
    0.6925    1.1255    0.0062         1
    0.6950    1.1425    0.0084         1
    0.6975    1.1263    0.0028         1
    0.7000    1.1225    0.0023         1
    0.7025    1.1349    0.0130         1
    0.7050    1.1401    0.0025         1
    0.7075    1.1378    0.0030         1
    0.7100    1.1304    0.0007         1
    0.7125    1.1257    0.0029         1
    0.7150    1.1198    0.0148         1
    0.7225    1.1419    0.0081         1
    0.7250    1.1650    0.0135         1
    0.7275    1.1502    0.0024         1
    0.7300    1.1684    0.0056         1
    0.7325    1.1714    0.0179         1
    0.7350    1.1507    0.0014         1
    0.7375    1.1387    0.0041         1
    0.7400    1.1454    0.0033         1
    0.7425    1.1611    0.0101         1
    0.7450    1.1518    0.0016         1
    0.7475    1.1455    0.0095         1
    0.7500    1.1493    0.0073         1
    0.7525    1.1385    0.0100         1
    0.7550    1.1385    0.0094         1
    0.7675    1.1773    0.0207         1
    0.7700    1.1526    0.0055         1
    0.7725    1.1565    0.0132         1
    0.7750    1.1514    0.0051         1
    0.7775    1.1244    0.0146         1
    0.7800    1.1480    0.0091         1
    0.7825    1.1218    0.0141         1
    0.7850    1.1338    0.0040         1
    0.7875    1.1189    0.0186         1
    0.7900    1.1307    0.0057         1
    0.7925    1.1139    0.0154         1
    0.7950    1.1250    0.0072         1
    0.7975    1.0992    0.0096         1
    0.8000    1.1165    0.0040         1
    0.8025    1.0996    0.0064         1
    0.8050    1.0985    0.0058         1
    0.8075    1.0928    0.0013         1
    0.8100    1.0860    0.0039         1
    0.8125    1.0487    0.0234         1
    0.8150    1.0668    0.0169         1
    0.8175    1.0766    0.0042         1
    0.8200    1.0655    0.0017         1
    0.8225    1.0965    0.0111         1
    0.8250    1.0504    0.0115         1
    0.8275    1.0543    0.0077         1
    0.8300    1.0549    0.0011         1
    0.8325    1.0684    0.0127         1
    0.8350    1.0550    0.0052         1
    0.8375    1.0321    0.0113         1
    0.8400    1.0331    0.0169         1
    0.8425    1.0454    0.0025         1
    0.8450    1.0409    0.0114         1
    0.8475    1.0123    0.0118         1
    0.8500    1.0158    0.0130         1
    0.8525    0.9777    0.0303         1
    0.8550    1.0315    0.0339         1
    0.8575    0.9774    0.0069         1
    0.8600    0.9975    0.0056         1
    0.8625    0.9822    0.0056         1
    0.8650    0.9735    0.0073         1
    0.8675    1.0159    0.0281         1
    0.8700    0.9679    0.0106         1
    0.8725    0.9575    0.0148         1
    0.8750    0.9713    0.0033         1
    0.8775    0.9552    0.0204         1
    0.8800    0.9634    0.0020         1
    0.8825    0.9793    0.0028         1
    0.8850    0.9619    0.0156         1
    0.8875    0.9700    0.0066         1
    0.8900    0.9538    0.0083         1
    0.8925    0.9408    0.0177         1
    0.8950    0.9474    0.0448         1
    0.8975    0.9440    0.0082         1
    0.9000    0.9336    0.0081         1
    0.9025    0.9507    0.0305         1
    0.9050    0.9049    0.0101         1
    0.9075    0.9150    0.0201         1
    0.9100    0.9452    0.0312         1
    0.9125    0.9304    0.0043         1
    0.9150    0.9046    0.0138         1
    0.9200    0.9028    0.0220         1
    0.9225    0.9112    0.0203         1

    0.8200   -1.0000   -1.0000         0
    0.8250   -1.0000   -1.0000         0
    0.8300    1.0512    0.0058         2
    0.8350    1.0398    0.0055         2
    0.8400    1.0317    0.0054         2
    0.8450    1.0234    0.0055         2
    0.8500    1.0022    0.0052         2
    0.8550    0.9967    0.0052         2
    0.8600    0.9945    0.0054         2
    0.8650    0.9737    0.0055         2
    0.8700    0.9653    0.0056         2
    0.8750    0.9636    0.0051         2
    0.8800    0.9647    0.0051         2
    0.8850    0.9616    0.0052         2
    0.8900    0.9574    0.0046         2
    0.8950    0.9572    0.0045         2
    0.9000    0.9659    0.0044         2
    0.9050    0.9687    0.0044         2
    0.9100    0.9690    0.0044         2
    0.9150    0.9515    0.0043         2
    0.9200    0.9507    0.0044         2
    0.9250   -1.0000   -1.0000         0
    0.9300    0.9550    0.0044         2
    0.9350    0.9682    0.0045         2
    0.9400    0.9757    0.0045         2
    0.9450    0.9745    0.0045         2
    0.9500    0.9858    0.0045         2
    0.9550    0.9793    0.0043         2
    0.9600    0.9857    0.0043         2
    0.9650    0.9883    0.0042         2
    0.9700    0.9953    0.0043         2
    0.9750    0.9935    0.0041         2
    0.9800    1.0038    0.0040         2
    0.9850    1.0070    0.0039         2
    0.9900    1.0180    0.0040         2
    0.9950    1.0233    0.0039         2
    1.0000    1.0366    0.0040         2
    1.0050    1.0442    0.0039         2
    1.0100    1.0550    0.0039         2
    1.0150    1.0591    0.0040         2
    1.0200    1.0729    0.0039         2
    1.0250   -1.0000   -1.0000         0
    1.0300   -1.0000   -1.0000         0
    1.0350    1.0833    0.0038         2
    1.0400    1.0938    0.0040         2
    1.0450    1.1031    0.0041         2
    1.0500    1.0998    0.0039         2
    1.0550    1.1140    0.0039         2
    1.0600    1.1180    0.0039         2
    1.0650    1.1213    0.0039         2
    1.0700    1.1263    0.0040         2
    1.0750    1.1342    0.0041         2
    1.0800    1.1313    0.0040         2
    1.0850    1.1520    0.0040         2
    1.0900    1.1546    0.0042         2
    1.0950    1.1627    0.0039         2
    1.1000    1.1738    0.0039         2
    1.1050    1.1800    0.0039         2
    1.1100    1.1987    0.0039         2
    1.1150    1.2360    0.0043         1
    1.1200    1.2404    0.0044         1
    1.1250    1.2392    0.0045         1
    1.1300    1.2284    0.0043         2
    1.1350    1.2263    0.0044         2
    1.1400    1.2288    0.0043         2
    1.1450    1.2344    0.0043         2
    1.1500    1.2430    0.0042         2
    1.1550    1.2466    0.0041         2
    1.1600    1.2525    0.0041         2
    1.1650    1.2632    0.0044         2
    1.1700    1.2629    0.0042         2
    1.1750    1.2748    0.0038         2
    1.1800    1.2715    0.0038         2
    1.1850    1.2778    0.0038         2
    1.1900    1.2926    0.0039         2
    1.1950    1.2933    0.0039         2
    1.2000    1.3009    0.0039         2
    1.2050    1.2982    0.0039         2
    1.2100    1.3026    0.0039         2
    1.2150    1.2930    0.0038         2
    1.2200    1.3002    0.0039         2
    1.2250    1.2949    0.0039         2
    1.2300    1.2976    0.0039         2
    1.2350    1.3051    0.0039         2
    1.2400    1.3041    0.0039         2
    1.2450    1.3127    0.0039         2
    1.2500    1.3094    0.0039         2
    1.2550    1.3105    0.0040         2
    1.2600    1.3108    0.0042         2
    1.2650    1.3005    0.0041         2
    1.2700    1.2948    0.0041         2
    1.2750    1.3078    0.0043         1
    1.2800    1.3076    0.0054         2
    1.2850    1.2956    0.0039         1
    1.2900    1.3017    0.0042         2
    1.2950    1.3227    0.0041         2
    1.3000    1.3303    0.0042         2
    1.3050    1.3370    0.0046         2
    1.3100    1.3436    0.0041         2
    1.3150    1.3448    0.0042         2
    1.3200    1.3344    0.0043         2
    1.3250    1.3445    0.0042         2
    1.3300    1.3457    0.0043         2
    1.3350    1.3552    0.0043         2
    1.3400    1.3422    0.0045         2
    1.3450    1.3518    0.0052         2
    1.3500    1.3608    0.0050         1
    1.3550    1.3446    0.0060         1
    1.3600    1.3362    0.0123         1
    1.3650    1.3384    0.0090         1
    1.3700    1.3535    0.0086         2
    1.3750    1.3737    0.0095         2
    1.3800    1.3813    0.0092         2
    1.3850    1.3494    0.0067         1
    1.3900    1.3693    0.0100         1
    1.3950    1.3565    0.0081         2
    1.4000    1.3683    0.0079         2
    1.4050    1.3710    0.0079         2
    1.4100    1.3754    0.0072         2
    1.4150    1.3755    0.0081         1
    1.4200    1.3738    0.0064         2
    1.4250    1.3722    0.0059         2
    1.4300    1.3677    0.0057         2
    1.4350    1.3679    0.0055         2
    1.4400    1.3803    0.0055         2
    1.4450    1.3753    0.0055         2
    1.4500    1.3665    0.0054         2
    1.4550    1.3797    0.0049         1
    1.4600    1.3624    0.0050         2
    1.4650    1.3539    0.0058         1
    1.4700    1.3560    0.0055         2
    1.4750    1.3650    0.0052         2
    1.4800    1.3836    0.0054         2
    1.4850    1.3727    0.0054         2
    1.4900    1.3760    0.0051         2
    1.4950    1.3802    0.0051         2
    1.5000    1.3689    0.0051         2
    1.5050    1.3684    0.0048         2
    1.5100    1.3752    0.0049         2
    1.5150    1.3754    0.0050         1
    1.5200    1.3670    0.0051         1
    1.5250    1.3600    0.0049         2
    1.5300    1.3639    0.0050         2
    1.5350    1.3607    0.0049         2
    1.5400    1.3666    0.0049         2
    1.5450    1.3651    0.0050         2
    1.5500    1.3661    0.0049         2
    1.5550    1.3608    0.0048         2
    1.5600    1.3593    0.0048         2
    1.5650    1.3533    0.0054         2
    1.5700    1.3566    0.0054         2
    1.5750    1.3430    0.0051         2
    1.5800    1.3418    0.0053         1
    1.5850    1.3478    0.0049         1
    1.5900    1.3395    0.0050         2
    1.5950    1.3391    0.0053         1
    1.6000    1.3488    0.0052         2
    1.6050    1.3413    0.0051         2
    1.6100    1.3233    0.0052         2
    1.6150    1.3310    0.0058         2
    1.6200    1.3220    0.0051         2
    1.6250    1.3311    0.0055         2
    1.6300    1.3268    0.0053         2
    1.6350    1.3347    0.0053         2
    1.6400    1.3331    0.0052         2
    1.6450    1.3190    0.0053         2
    1.6500    1.2966    0.0055         2
    1.6550    1.3082    0.0055         2
    1.6600    1.3060    0.0051         2
    1.6650    1.2876    0.0053         2
    1.6700    1.2995    0.0052         2
    1.6750    1.2859    0.0054         2
    1.6800    1.2789    0.0056         2
    1.6850    1.2788    0.0053         2
    1.6900    1.2749    0.0053         2
    1.6950    1.2724    0.0055         2
    1.7000    1.2813    0.0054         2
    1.7050    1.2436    0.0057         2
    1.7100    1.2376    0.0059         2
    1.7150    1.2456    0.0059         2
    1.7200    1.2425    0.0063         2
    1.7250    1.2455    0.0058         2
    1.7300    1.2525    0.0057         2
    1.7350    1.2378    0.0056         2
    1.7400    1.2375    0.0057         2
    1.7450    1.2485    0.0058         2
    1.7500    1.2548    0.0062         2
    1.7550    1.2378    0.0056         2
    1.7600    1.2296    0.0060         2
    1.7650    1.2282    0.0060         2
    1.7700    1.2454    0.0068         2
    1.7750    1.2247    0.0059         2
    1.7800    1.2115    0.0063         2
    1.7850    1.2249    0.0058         2
    1.7900    1.2183    0.0061         2
    1.7950    1.1897    0.0064         2
    1.8000    1.1971    0.0074         2
    1.8050    1.2069    0.0070         2
    1.8100    1.2003    0.0077         2
    1.8150    1.1985    0.0080         2
    1.8200    1.1909    0.0088         2
    1.8250    1.2185    0.0090         2
    1.8300    1.2212    0.0106         2
    1.8350    1.2037    0.0120         2
    1.8400    1.2117    0.0132         2
    1.8450    1.1915    0.0160         1
    1.8500    1.2120    0.0157         2
    1.8550    1.1919    0.0143         2
    1.8600    1.1959    0.0153         1
    1.8650    1.2112    0.0146         1
    1.8700    1.2059    0.0164         1
    1.8750   -1.0000   -1.0000         0
    1.8800   -1.0000   -1.0000         0
    1.8850    1.1840    0.0100         1
    1.8900    1.1980    0.0109         2
    1.8950    1.2174    0.0117         2
    1.9000    1.2265    0.0127         2
    1.9050    1.2112    0.0131         2
    1.9100    1.2014    0.0138         2
    1.9150    1.1972    0.0136         2
    1.9200    1.1960    0.0131         2
    1.9250    1.1914    0.0119         2
    1.9300    1.1602    0.0114         1
    1.9350    1.1816    0.0090         1
    1.9400    1.1936    0.0097         2
    1.9450    1.2028    0.0092         2
    1.9500    1.2180    0.0101         2
    1.9550    1.2029    0.0100         2
    1.9600    1.1871    0.0097         2
    1.9650    1.1955    0.0093         2
    1.9700    1.1988    0.0097         2
    1.9750    1.1966    0.0085         2
    1.9800    1.1889    0.0079         2
    1.9850    1.1773    0.0078         2
    1.9900    1.2019    0.0079         2
    1.9950    1.1972    0.0080         1
    2.0000    1.2030    0.0094         1
    2.0050    1.1805    0.0104         1
    2.0100    1.2130    0.0132         1
    2.0150    1.1698    0.0131         1
    2.0200    1.1883    0.0126         1
    2.0250    1.2196    0.0097         2
    2.0300    1.2063    0.0088         2
    2.0350    1.2086    0.0081         2
    2.0400    1.2150    0.0082         2
    2.0450    1.2129    0.0086         2
    2.0500    1.2077    0.0090         2
    2.0550    1.2174    0.0091         2
    2.0600    1.2237    0.0095         2
    2.0650    1.2025    0.0100         2
    2.0700    1.1920    0.0090         2
    2.0750    1.2084    0.0086         2
    2.0800    1.2239    0.0084         2
    2.0850    1.2298    0.0084         2
    2.0900    1.2273    0.0080         2
    2.0950    1.2236    0.0084         2
    2.1000    1.1979    0.0083         2
    2.1050    1.2071    0.0087         2
    2.1100    1.2214    0.0087         2
    2.1150    1.2275    0.0088         2
    2.1200    1.2347    0.0083         2
    2.1250    1.2385    0.0085         2
    2.1300    1.2462    0.0087         2
    2.1350    1.2409    0.0088         2
    2.1400    1.2352    0.0085         2
    2.1450    1.2532    0.0085         2
    2.1500    1.2386    0.0087         2
    2.1550    1.2325    0.0090         2
    2.1600    1.2435    0.0094         2
    2.1650    1.2355    0.0091         2
    2.1700    1.2419    0.0095         2
    2.1750    1.2493    0.0095         2
    2.1800    1.2370    0.0095         2
    2.1850    1.2320    0.0103         2
    2.1900    1.2514    0.0097         2
    2.1950    1.2498    0.0096         2
    2.2000    1.2603    0.0100         2
    2.2050    1.2625    0.0103         2
    2.2100    1.2447    0.0104         2
    2.2150    1.2418    0.0100         1
    2.2200    1.2569    0.0108         2
    2.2250    1.2954    0.0109         2
    2.2300    1.2886    0.0104         1
    2.2350    1.2644    0.0104         2
    2.2400    1.2741    0.0104         2
    2.2450    1.2810    0.0117         2
    2.2500    1.2719    0.0106         2
    2.2550    1.2899    0.0107         2
    2.2600    1.2943    0.0110         2
    2.2650    1.2810    0.0114         2
    2.2700    1.2878    0.0115         2
    2.2750    1.2953    0.0121         2
    2.2800    1.2937    0.0120         2
    2.2850    1.2981    0.0120         2
    2.2900    1.2974    0.0119         2
    2.2950    1.3062    0.0127         2
    2.3000    1.2947    0.0122         2
    2.3050    1.2686    0.0125         1
    2.3100    1.3022    0.0118         1
    2.3150    1.3074    0.0128         2
    2.3200    1.3130    0.0133         2
    2.3250    1.3005    0.0127         2
    2.3300    1.2879    0.0161         1
    2.3350    1.2877    0.0142         2
    2.3400    1.2635    0.0130         1
    2.3450    1.3208    0.0128         1
    2.3500    1.3294    0.0136         2
    2.3550    1.3263    0.0140         2
    2.3600    1.2953    0.0132         2
    2.3650    1.2891    0.0135         2
    2.3700    1.3131    0.0140         2
    2.3750    1.3358    0.0155         2
    2.3800    1.3259    0.0150         2
    2.3850    1.3272    0.0141         2
    2.3900    1.3132    0.0164         1
    2.3950    1.3189    0.0170         1
    2.4000   -1.0000   -1.0000         0
    2.4050    1.2971    0.0140         1
    2.4100   -1.0000   -1.0000         0
    2.4150   -1.0000   -1.0000         0
    2.4200    1.2956    0.0147         2
    2.4250    1.3241    0.0157         2
    2.4300    1.3210    0.0144         1
    2.4350   -1.0000   -1.0000         0
    2.4400   -1.0000   -1.0000         0
    2.4450   -1.0000   -1.0000         0
    2.4500   -1.0000   -1.0000         0
    2.4550   -1.0000   -1.0000         0
    2.4600   -1.0000   -1.0000         0
    2.4650   -1.0000   -1.0000         0
    2.4700   -1.0000   -1.0000         0
    2.4750   -1.0000   -1.0000         0
    2.4800   -1.0000   -1.0000         0
    2.4850   -1.0000   -1.0000         0
    2.4900   -1.0000   -1.0000         0
