    0.6500   -1.0000   -1.0000         0
    0.6550   -1.0000   -1.0000         0
    0.6600   -1.0000   -1.0000         0
    0.6650   -1.0000   -1.0000         0
    0.6700   -1.0000   -1.0000         0
    0.6750   -1.0000   -1.0000         0
    0.6800   -1.0000   -1.0000         0
    0.6850   -1.0000   -1.0000         0
    0.6900   -1.0000   -1.0000         0
    0.6950   -1.0000   -1.0000         0
    0.7000   -1.0000   -1.0000         0
    0.7050   -1.0000   -1.0000         0
    0.7100   -1.0000   -1.0000         0
    0.7150   -1.0000   -1.0000         0
    0.7200   -1.0000   -1.0000         0
    0.7250   -1.0000   -1.0000         0
    0.7300   -1.0000   -1.0000         0
    0.7350   -1.0000   -1.0000         0
    0.7400   -1.0000   -1.0000         0
    0.7450   -1.0000   -1.0000         0
    0.7500   -1.0000   -1.0000         0
    0.7550   -1.0000   -1.0000         0
    0.7600    1.1444    0.0214         3
    0.7650    1.1223    0.0197         3
    0.7700    1.1428    0.0185         3
    0.7750    1.1377    0.0203         3
    0.7800    1.1159    0.0185         3
    0.7850    1.1057    0.0191         3
    0.7900    1.1100    0.0185         3
    0.7950    1.0943    0.0180         3
    0.8000    1.1046    0.0185         3
    0.8050    1.0641    0.0184         3
    0.8100    1.0514    0.0159         3
    0.8150    1.0648    0.0161         3
    0.8200    1.0511    0.0174         3
    0.8250    1.0297    0.0163         3
    0.8300    1.0260    0.0159         3
    0.8350    1.0234    0.0154         3
    0.8400    1.0064    0.0158         3
    0.8450    0.9933    0.0156         3
    0.8500    0.9912    0.0160         3
    0.8550    0.9795    0.0154         3
    0.8600    0.9801    0.0152         3
    0.8650    0.9782    0.0164         3
    0.8700    0.9612    0.0158         3
    0.8750    0.9604    0.0155         3
    0.8800    0.9489    0.0149         3
    0.8850    0.9528    0.0154         3
    0.8900    0.9539    0.0144         3
    0.8950    0.9405    0.0139         3
    0.9000    0.9316    0.0148         3
    0.9050    0.9277    0.0139         3
    0.9100    0.9315    0.0136         3
    0.9150    0.9503    0.0157         3
    0.9200    0.9363    0.0152         3
    0.9250    0.9185    0.0129         3
    0.9300    0.9159    0.0136         3
    0.9350    0.9249    0.0141         3
    0.9400    0.9298    0.0152         3
    0.9450    0.9269    0.0140         3
    0.9500    0.9359    0.0139         3
    0.9550    0.9172    0.0137         3
    0.9600   -1.0000   -1.0000         0
    0.9650    0.9238    0.0125         3
    0.9700    0.9305    0.0123         3
    0.9750    0.9364    0.0131         3
    0.9800    0.9455    0.0126         3
    0.9850    0.9469    0.0133         3
    0.9900    0.9517    0.0129         3
    0.9950    0.9424    0.0134         3
    1.0000    0.9457    0.0127         3
    1.0050    0.9349    0.0123         3
    1.0100    0.9331    0.0125         2
    1.0150   -1.0000   -1.0000         0
    1.0200    0.9413    0.0116         3
    1.0250    0.9710    0.0129         3
    1.0300    0.9804    0.0136         3
    1.0350    0.9900    0.0128         3
    1.0400    0.9972    0.0121         3
    1.0450    0.9791    0.0128         3
    1.0500    0.9936    0.0142         3
    1.0550    1.0199    0.0137         3
    1.0600    1.0462    0.0140         2
    1.0650   -1.0000   -1.0000         0
    1.0700   -1.0000   -1.0000         0
    1.0750    1.0664    0.0142         3
    1.0800    1.0702    0.0136         2
    1.0850    1.0849    0.0158         1
    1.0900    1.0784    0.0136         3
    1.0950    1.0596    0.0142         3
    1.1000    1.0438    0.0137         3
    1.1050    1.0579    0.0137         3
    1.1100    1.0622    0.0140         3
    1.1150    1.0769    0.0142         3
    1.1200    1.0945    0.0153         3
    1.1250    1.0874    0.0146         3
    1.1300    1.0820    0.0159         3
    1.1350    1.0868    0.0163         2
    1.1400    1.1075    0.0155         3
    1.1450    1.1374    0.0176         3
    1.1500    1.1180    0.0156         3
    1.1550    1.1223    0.0167         3
    1.1600    1.1214    0.0163         3
    1.1650    1.1413    0.0157         3
    1.1700    1.1442    0.0150         3
    1.1750    1.1523    0.0140         3
    1.1800    1.1466    0.0151         3
    1.1850    1.1591    0.0155         3
    1.1900    1.1649    0.0164         3
    1.1950    1.1544    0.0149         3
    1.2000    1.1609    0.0155         3
    1.2050    1.1889    0.0174         3
    1.2100    1.2176    0.0163         1
    1.2150    1.1958    0.0163         3
    1.2200    1.1991    0.0166         3
    1.2250    1.1861    0.0156         3
    1.2300    1.1878    0.0163         3
    1.2350    1.1804    0.0173         3
    1.2400    1.1918    0.0161         3
    1.2450    1.2162    0.0153         3
    1.2500    1.2129    0.0162         3
    1.2550    1.1998    0.0157         3
    1.2600    1.2275    0.0172         3
    1.2650    1.2346    0.0170         3
    1.2700    1.2481    0.0181         3
    1.2750    1.2362    0.0177         3
    1.2800    1.2061    0.0166         3
    1.2850    1.1990    0.0199         2
    1.2900    1.2267    0.0165         3
    1.2950    1.2276    0.0168         3
    1.3000    1.2305    0.0171         3
    1.3050    1.2449    0.0170         3
    1.3100    1.2579    0.0165         3
    1.3150    1.2630    0.0170         3
    1.3200    1.2627    0.0172         3
    1.3250    1.2483    0.0176         3
    1.3300    1.2571    0.0167         3
    1.3350    1.2698    0.0167         3
    1.3400    1.2504    0.0197         3
    1.3450    1.2437    0.0213         2
    1.3500    1.2550    0.0259         2
    1.3550    1.2971    0.0306         2
    1.3600    1.2851    0.0313         1
    1.3650    1.2841    0.0336         3
    1.3700    1.3017    0.0396         2
    1.3750    1.2574    0.0319         3
    1.3800    1.2876    0.0261         2
    1.3850    1.3313    0.0339         2
    1.3900    1.3166    0.0272         3
    1.3950    1.2842    0.0264         3
    1.4000    1.3208    0.0301         3
    1.4050    1.3426    0.0294         3
    1.4100    1.3177    0.0261         3
    1.4150    1.3376    0.0251         3
    1.4200    1.3656    0.0272         1
    1.4250    1.3326    0.0230         3
    1.4300    1.2941    0.0263         2
    1.4350    1.3087    0.0239         3
    1.4400    1.3384    0.0255         3
    1.4450    1.3573    0.0226         3
    1.4500    1.3663    0.0209         3
    1.4550    1.3657    0.0224         3
    1.4600    1.3909    0.0224         2
    1.4650    1.3660    0.0198         3
    1.4700    1.3551    0.0201         3
    1.4750    1.3742    0.0214         3
    1.4800    1.3663    0.0192         3
    1.4850    1.3382    0.0192         3
    1.4900    1.3458    0.0202         3
    1.4950    1.3449    0.0194         3
    1.5000    1.3329    0.0233         1
    1.5050   -1.0000   -1.0000         0
    1.5100    1.3382    0.0202         1
    1.5150    1.3817    0.0205         3
    1.5200    1.4137    0.0202         3
    1.5250    1.3147    0.0202         3
    1.5300   -1.0000   -1.0000         0
    1.5350    1.2975    0.0186         3
    1.5400    1.3485    0.0192         3
    1.5450    1.3647    0.0187         3
    1.5500    1.3631    0.0205         3
    1.5550    1.3855    0.0193         3
    1.5600    1.3970    0.0227         3
    1.5650    1.3970    0.0210         3
    1.5700    1.4205    0.0213         3
    1.5750    1.4419    0.0204         3
    1.5800    1.4284    0.0198         3
    1.5850    1.4355    0.0206         3
    1.5900    1.3853    0.0206         3
    1.5950    1.3208    0.0212         3
    1.6000    1.3135    0.0206         3
    1.6050    1.4167    0.0209         3
    1.6100    1.4551    0.0215         3
    1.6150    1.4129    0.0217         3
    1.6200    1.3337    0.0214         3
    1.6250    1.3514    0.0201         3
    1.6300    1.3325    0.0200         3
    1.6350    1.3382    0.0212         3
    1.6400    1.3862    0.0208         3
    1.6450    1.3763    0.0213         3
    1.6500    1.3570    0.0241         3
    1.6550    1.3645    0.0200         3
    1.6600    1.3807    0.0220         3
    1.6650    1.3705    0.0215         3
    1.6700    1.3522    0.0214         3
    1.6750    1.3815    0.0236         3
    1.6800    1.4089    0.0217         3
    1.6850    1.3495    0.0219         3
    1.6900    1.3219    0.0222         3
    1.6950    1.3434    0.0212         3
    1.7000    1.3417    0.0214         3
    1.7050    1.3340    0.0219         3
    1.7100    1.3111    0.0224         3
    1.7150    1.3089    0.0214         3
    1.7200    1.2980    0.0222         3
    1.7250    1.2977    0.0220         3
    1.7300    1.3027    0.0241         3
    1.7350    1.3524    0.0244         3
    1.7400    1.3489    0.0239         3
    1.7450    1.2973    0.0226         3
    1.7500    1.2879    0.0217         3
    1.7550    1.3375    0.0242         3
    1.7600    1.3103    0.0222         3
    1.7650    1.2771    0.0223         3
    1.7700    1.3213    0.0225         3
    1.7750    1.3016    0.0240         3
    1.7800    1.3084    0.0268         3
    1.7850    1.3789    0.0258         3
    1.7900    1.3166    0.0270         3
    1.7950    1.2156    0.0237         3
    1.8000    1.1594    0.0248         2
    1.8050    1.2011    0.0266         3
    1.8100    1.3573    0.0301         3
    1.8150    1.3471    0.0287         3
    1.8200    1.3557    0.0352         2
    1.8250    1.2855    0.0325         3
    1.8300    1.1554    0.0436         1
    1.8350    1.1927    0.0468         3
    1.8400    1.3187    0.0523         3
    1.8450    1.3422    0.0462         2
    1.8500    1.2497    0.0471         3
    1.8550    1.2487    0.0524         3
    1.8600    1.3333    0.0499         3
    1.8650    1.2919    0.0460         3
    1.8700    1.1931    0.0518         3
    1.8750    1.3213    0.0561         2
    1.8800    1.2716    0.0533         2
    1.8850    1.1510    0.0476         1
    1.8900    1.2843    0.0373         3
    1.8950    1.3450    0.0461         1
    1.9000    1.3050    0.0453         3
    1.9050    1.2849    0.0477         3
    1.9100    1.2374    0.0457         3
    1.9150    1.1640    0.0471         3
    1.9200    1.1830    0.0401         3
    1.9250    1.2403    0.0388         3
    1.9300    1.2337    0.0386         3
    1.9350    1.1927    0.0355         3
    1.9400    1.2265    0.0378         3
    1.9450    1.2539    0.0329         3
    1.9500    1.2076    0.0349         3
    1.9550    1.2560    0.0379         3
    1.9600    1.3151    0.0368         2
    1.9650    1.3036    0.0370         3
    1.9700    1.2069    0.0342         3
    1.9750    1.2037    0.0342         3
    1.9800    1.2054    0.0344         3
    1.9850    1.2400    0.0293         3
    1.9900    1.2918    0.0293         3
    1.9950    1.2188    0.0335         3
    2.0000    1.2190    0.0395         3
    2.0050    1.3025    0.0490         3
    2.0100    1.2785    0.0518         3
    2.0150    1.1992    0.0463         3
    2.0200    1.1571    0.0423         2
    2.0250    1.1705    0.0437         3
    2.0300    1.2440    0.0319         3
    2.0350    1.2519    0.0317         3
    2.0400    1.3095    0.0353         3
    2.0450    1.2337    0.0315         3
    2.0500    1.2053    0.0371         3
    2.0550    1.3211    0.0383         3
    2.0600    1.3133    0.0370         3
    2.0650    1.2521    0.0354         3
    2.0700    1.1957    0.0348         3
    2.0750    1.2226    0.0332         3
    2.0800    1.2726    0.0318         3
    2.0850    1.2639    0.0320         3
    2.0900    1.3275    0.0328         3
    2.0950    1.3624    0.0335         3
    2.1000    1.3097    0.0304         3
    2.1050    1.2934    0.0333         3
    2.1100    1.3404    0.0334         3
    2.1150    1.3730    0.0388         3
    2.1200    1.3578    0.0326         3
    2.1250    1.3393    0.0317         3
    2.1300    1.2980    0.0321         3
    2.1350    1.3516    0.0328         3
    2.1400    1.3645    0.0329         3
    2.1450    1.2482    0.0348         3
    2.1500    1.2617    0.0315         3
    2.1550    1.4248    0.0402         3
    2.1600    1.3676    0.0331         3
    2.1650    1.3463    0.0340         3
    2.1700    1.4368    0.0361         3
    2.1750    1.4452    0.0355         3
    2.1800    1.4369    0.0368         3
    2.1850    1.3943    0.0382         3
    2.1900    1.3582    0.0347         3
    2.1950    1.3320    0.0342         3
    2.2000    1.2954    0.0350         3
    2.2050    1.3496    0.0367         3
    2.2100    1.4178    0.0376         3
    2.2150    1.3668    0.0380         3
    2.2200    1.3285    0.0354         3
    2.2250    1.3733    0.0359         3
    2.2300    1.3854    0.0369         3
    2.2350    1.4419    0.0402         3
    2.2400    1.4451    0.0375         3
    2.2450    1.4002    0.0428         3
    2.2500    1.3641    0.0374         3
    2.2550    1.3892    0.0418         3
    2.2600    1.4235    0.0408         3
    2.2650    1.3776    0.0418         3
    2.2700   -1.0000   -1.0000         0
    2.2750    1.3310    0.0421         1
    2.2800    1.4292    0.0453         3
    2.2850   -1.0000   -1.0000         0
    2.2900    1.3996    0.0394         3
    2.2950    1.3429    0.0424         3
    2.3000    1.3299    0.0434         3
    2.3050    1.3955    0.0431         3
    2.3100    1.3499    0.0426         2
    2.3150    1.3531    0.0469         3
    2.3200    1.4719    0.0464         3
    2.3250    1.4384    0.0463         3
    2.3300    1.4396    0.0427         3
    2.3350    1.4349    0.0443         3
    2.3400    1.4645    0.0443         3
    2.3450    1.5020    0.0446         3
    2.3500    1.4995    0.0492         3
    2.3550    1.5414    0.0506         3
    2.3600   -1.0000   -1.0000         0
    2.3650   -1.0000   -1.0000         0
    2.3700   -1.0000   -1.0000         0
    2.3750   -1.0000   -1.0000         0
    2.3800   -1.0000   -1.0000         0
    2.3850   -1.0000   -1.0000         0
    2.3900    1.4542    0.0577         3
    2.3950   -1.0000   -1.0000         0
    2.4000    1.5489    0.0645         2
    2.4050   -1.0000   -1.0000         0
    2.4100    1.5242    0.0503         3
    2.4150    1.5420    0.0539         3
    2.4200   -1.0000   -1.0000         0
    2.4250    1.5396    0.0503         3
    2.4300   -1.0000   -1.0000         0
    2.4350    1.4501    0.0572         3
    2.4400   -1.0000   -1.0000         0
    2.4450    1.5178    0.0513         3
    2.4500    1.4461    0.0612         3
    2.4550    1.4867    0.0558         3
    2.4600    1.4282    0.0533         3
    2.4650    1.3974    0.0563         3
    2.4700   -1.0000   -1.0000         0
    2.4750    1.4740    0.0613         3
    2.4800    1.5022    0.0596         3
    2.4850   -1.0000   -1.0000         0
    2.4900   -1.0000   -1.0000         0
