    0.8000   -1.0000   -1.0000         0
    0.8050   -1.0000   -1.0000         0
    0.8100   -1.0000   -1.0000         0
    0.8150   -1.0000   -1.0000         0
    0.8200    0.7864    0.0020         0
    0.8250    0.8303    0.0019         0
    0.8300    0.8244    0.0019         0
    0.8350    0.8039    0.0018         0
    0.8400    0.8234    0.0017         0
    0.8450    0.7657    0.0016         0
    0.8500    0.7885    0.0016         0
    0.8550    0.7571    0.0016         0
    0.8600    0.8279    0.0015         0
    0.8650    0.7895    0.0016         0
    0.8700    0.7706    0.0014         0
    0.8750    0.7821    0.0014         0
    0.8800    0.7566    0.0014         0
    0.8850    0.7862    0.0014         0
    0.8900    0.7870    0.0014         0
    0.8950    0.7777    0.0014         0
    0.9000    0.7382    0.0015         0
    0.9050    0.8074    0.0013         0
    0.9100    0.7500    0.0014         0
    0.9150    0.7853    0.0013         0
    0.9200    0.7725    0.0012         0
    0.9250    0.7788    0.0012         0
    0.9300    0.7215    0.0014         0
    0.9350   -1.0000   -1.0000         0
    0.9400    0.8634    0.0018         0
    0.9450    0.7611    0.0019         0
    0.9500    0.8026    0.0017         0
    0.9550    0.7718    0.0016         0
    0.9600    0.7898    0.0014         0
    0.9650    0.8326    0.0012         0
    0.9700    0.8438    0.0011         0
    0.9750    0.7648    0.0010         0
    0.9800    0.8338    0.0010         0
    0.9850    0.7975    0.0010         0
    0.9900    0.7925    0.0010         0
    0.9950    0.8059    0.0011         0
    1.0000    0.8173    0.0010         0
    1.0050    0.8109    0.0010         0
    1.0100    0.8198    0.0011         0
    1.0150    0.7894    0.0010         0
    1.0200    0.7691    0.0010         0
    1.0250    0.7975    0.0009         0
    1.0300    0.8222    0.0011         0
    1.0350    0.8045    0.0009         0
    1.0400    0.8020    0.0010         0
    1.0450    0.8389    0.0009         0
    1.0500    0.8123    0.0008         0
    1.0550    0.7853    0.0008         0
    1.0600    0.8120    0.0007         0
    1.0650    0.8220    0.0007         0
    1.0700    0.7927    0.0008         0
    1.0750    0.8357    0.0010         0
    1.0800    0.8176    0.0008         0
    1.0850    0.8578    0.0011         0
    1.0900    0.8442    0.0009         0
    1.0950    0.8621    0.0010         0
    1.1000    0.8329    0.0010         0
    1.1050    0.8385    0.0009         0
    1.1100    0.8467    0.0009         0
    1.1150   -1.0000   -1.0000         0
    1.1200   -1.0000   -1.0000         0
    1.1250    0.8296    0.0014         0
    1.1300    0.9493    0.0016         0
    1.1350    0.9149    0.0017         0
    1.1400    1.0067    0.0011         0
    1.1450    0.8623    0.0016         0
    1.1500    0.8784    0.0013         0
    1.1550    0.9790    0.0013         0
    1.1600    0.9928    0.0011         0
    1.1650    0.9870    0.0010         0
    1.1700    0.9508    0.0009         0
    1.1750    0.9750    0.0008         0
    1.1800    0.9835    0.0007         0
    1.1850    0.9481    0.0007         0
    1.1900    0.9723    0.0007         0
    1.1950    0.9696    0.0007         0
    1.2000    0.9695    0.0010         0
    1.2050    1.0000    0.0010         0
    1.2100    0.9964    0.0009         0
    1.2150    0.9678    0.0011         0
    1.2200    1.0156    0.0008         0
    1.2250    1.0066    0.0010         0
    1.2300    1.0147    0.0010         0
    1.2350    0.9953    0.0009         0
    1.2400    1.0358    0.0008         0
    1.2450    1.0262    0.0007         0
    1.2500    1.0058    0.0007         0
    1.2550    1.0132    0.0007         0
    1.2600    1.0169    0.0008         0
    1.2650    0.9899    0.0010         0
    1.2700    0.9944    0.0013         0
    1.2750    1.0696    0.0013         0
    1.2800    1.0453    0.0014         0
    1.2850    1.0785    0.0010         0
    1.2900    1.0592    0.0011         0
    1.2950    1.0504    0.0010         0
    1.3000    1.0275    0.0009         0
    1.3050    1.0280    0.0011         0
    1.3100    1.0531    0.0011         0
    1.3150    1.0295    0.0009         0
    1.3200    1.0295    0.0009         0
    1.3250   -1.0000   -1.0000         0
    1.3300   -1.0000   -1.0000         0
    1.3350   -1.0000   -1.0000         0
    1.3400   -1.0000   -1.0000         0
    1.3450   -1.0000   -1.0000         0
    1.3500   -1.0000   -1.0000         0
    1.3550   -1.0000   -1.0000         0
    1.3600   -1.0000   -1.0000         0
    1.3650   -1.0000   -1.0000         0
    1.3700   -1.0000   -1.0000         0
    1.3750   -1.0000   -1.0000         0
    1.3800   -1.0000   -1.0000         0
    1.3850   -1.0000   -1.0000         0
    1.3900   -1.0000   -1.0000         0
    1.3950   -1.0000   -1.0000         0
    1.4000   -1.0000   -1.0000         0
    1.4050   -1.0000   -1.0000         0
    1.4100   -1.0000   -1.0000         0
    1.4150   -1.0000   -1.0000         0
    1.4200   -1.0000   -1.0000         0
    1.4250   -1.0000   -1.0000         0
    1.4300   -1.0000   -1.0000         0
    1.4350   -1.0000   -1.0000         0
    1.4400   -1.0000   -1.0000         0
    1.4450   -1.0000   -1.0000         0
    1.4500   -1.0000   -1.0000         0
    1.4550    1.1268    0.0016         0
    1.4600    1.2267    0.0012         0
    1.4650    1.1239    0.0012         0
    1.4700    1.1308    0.0014         0
    1.4750    1.1322    0.0015         0
    1.4800    1.1473    0.0017         0
    1.4850    1.1302    0.0017         0
    1.4900    1.2051    0.0015         0
    1.4950    1.2796    0.0010         0
    1.5000    1.2264    0.0010         0
    1.5050    1.2453    0.0018         0
    1.5100    1.2754    0.0016         0
    1.5150    1.3032    0.0009         0
    1.5200    1.3005    0.0011         0
    1.5250    1.3136    0.0013         0
    1.5300    1.3020    0.0014         0
    1.5350    1.2711    0.0013         0
    1.5400    1.2825    0.0012         0
    1.5450    1.3194    0.0011         0
    1.5500    1.2757    0.0010         0
    1.5550    1.3040    0.0011         0
    1.5600    1.2535    0.0012         0
    1.5650    1.2907    0.0012         0
    1.5700    1.2481    0.0011         0
    1.5750    1.2794    0.0008         0
    1.5800    1.3252    0.0014         0
    1.5850    1.2511    0.0017         0
    1.5900    1.2681    0.0013         0
    1.5950    1.2954    0.0009         0
    1.6000    1.3080    0.0012         0
    1.6050    1.2841    0.0014         0
    1.6100    1.2672    0.0015         0
    1.6150    1.2953    0.0014         0
    1.6200    1.3243    0.0013         0
    1.6250    1.3153    0.0013         0
    1.6300    1.3273    0.0011         0
    1.6350    1.3000    0.0011         0
    1.6400    1.3095    0.0012         0
    1.6450    1.2711    0.0013         0
    1.6500    1.2460    0.0013         0
    1.6550    1.2171    0.0011         0
    1.6600    1.2457    0.0008         0
    1.6650    1.2423    0.0011         0
    1.6700    1.2966    0.0017         0
    1.6750    1.2946    0.0015         0
    1.6800    1.3199    0.0009         0
    1.6850    1.3010    0.0010         0
    1.6900    1.3010    0.0014         0
    1.6950    1.2087    0.0015         0
    1.7000    1.2364    0.0014         0
    1.7050    1.2622    0.0014         0
    1.7100    1.2378    0.0013         0
    1.7150    1.2037    0.0013         0
    1.7200    1.1624    0.0012         0
    1.7250    1.2265    0.0012         0
    1.7300    1.2165    0.0012         0
    1.7350    1.3079    0.0013         0
    1.7400    1.3115    0.0015         0
    1.7450    1.2794    0.0014         0
    1.7500    1.2726    0.0012         0
    1.7550    1.2767    0.0009         0
    1.7600    1.2721    0.0011         0
    1.7650    1.2811    0.0018         0
    1.7700    1.2021    0.0018         0
    1.7750    1.2175    0.0011         0
    1.7800    1.2161    0.0010         0
    1.7850    1.2450    0.0016         0
    1.7900    1.1945    0.0019         0
    1.7950   -1.0000   -1.0000         0
    1.8000   -1.0000   -1.0000         0
    1.8050   -1.0000   -1.0000         0
    1.8100   -1.0000   -1.0000         0
    1.8150   -1.0000   -1.0000         0
    1.8200   -1.0000   -1.0000         0
    1.8250   -1.0000   -1.0000         0
    1.8300   -1.0000   -1.0000         0
    1.8350   -1.0000   -1.0000         0
    1.8400   -1.0000   -1.0000         0
    1.8450   -1.0000   -1.0000         0
    1.8500   -1.0000   -1.0000         0
    1.8550   -1.0000   -1.0000         0
    1.8600   -1.0000   -1.0000         0
    1.8650   -1.0000   -1.0000         0
    1.8700   -1.0000   -1.0000         0
    1.8750   -1.0000   -1.0000         0
    1.8800   -1.0000   -1.0000         0
    1.8850   -1.0000   -1.0000         0
    1.8900   -1.0000   -1.0000         0
    1.8950   -1.0000   -1.0000         0
    1.9000   -1.0000   -1.0000         0
    1.9050   -1.0000   -1.0000         0
    1.9100   -1.0000   -1.0000         0
    1.9150   -1.0000   -1.0000         0
    1.9200   -1.0000   -1.0000         0
    1.9250   -1.0000   -1.0000         0
    1.9300   -1.0000   -1.0000         0
    1.9350   -1.0000   -1.0000         0
    1.9400   -1.0000   -1.0000         0
    1.9450   -1.0000   -1.0000         0
    1.9500   -1.0000   -1.0000         0
    1.9550   -1.0000   -1.0000         0
    1.9600   -1.0000   -1.0000         0
    1.9650   -1.0000   -1.0000         0
    1.9700   -1.0000   -1.0000         0
    1.9750   -1.0000   -1.0000         0
    1.9800   -1.0000   -1.0000         0
    1.9850    1.3341    0.0016         0
    1.9900    1.2954    0.0014         0
    1.9950    1.2327    0.0018         0
    2.0000   -1.0000   -1.0000         0
    2.0050    1.1414    0.0048         0
    2.0100    1.1382    0.0036         0
    2.0150    1.3108    0.0030         0
    2.0200    1.3244    0.0027         0
    2.0250   -1.0000   -1.0000         0
    2.0300    1.3814    0.0021         0
    2.0350    1.2919    0.0020         0
    2.0400    1.3116    0.0020         0
    2.0450    1.2845    0.0020         0
    2.0500    1.2730    0.0019         0
    2.0550    1.2748    0.0025         0
    2.0600    1.2769    0.0024         0
    2.0650    1.1956    0.0019         0
    2.0700   -1.0000   -1.0000         0
    2.0750    1.3519    0.0019         0
    2.0800    1.2594    0.0017         0
    2.0850    1.3221    0.0016         0
    2.0900    1.3143    0.0017         0
    2.0950    1.2854    0.0015         0
    2.1000    1.2755    0.0015         0
    2.1050    1.3254    0.0017         0
    2.1100    1.2396    0.0020         0
    2.1150    1.2796    0.0019         0
    2.1200    1.2296    0.0019         0
    2.1250    1.2857    0.0019         0
    2.1300    1.2501    0.0018         0
    2.1350    1.2620    0.0017         0
    2.1400    1.2776    0.0016         0
    2.1450    1.2948    0.0016         0
    2.1500    1.2804    0.0022         0
    2.1550    1.3044    0.0025         0
    2.1600    1.2867    0.0023         0
    2.1650    1.2407    0.0020         0
    2.1700    1.2977    0.0020         0
    2.1750    1.2597    0.0020         0
    2.1800    1.3072    0.0023         0
    2.1850    1.3840    0.0024         0
    2.1900    1.2358    0.0025         0
    2.1950    1.3500    0.0025         0
    2.2000    1.3498    0.0026         0
    2.2050    1.4697    0.0027         0
    2.2100    1.4349    0.0026         0
    2.2150    1.4340    0.0027         0
    2.2200    1.4006    0.0026         0
    2.2250    1.3967    0.0026         0
    2.2300    1.3261    0.0025         0
    2.2350    1.3172    0.0027         0
    2.2400    1.3671    0.0028         0
    2.2450    1.3137    0.0027         0
    2.2500    1.3120    0.0026         0
    2.2550    1.3070    0.0028         0
    2.2600    1.3733    0.0029         0
    2.2650    1.3174    0.0030         0
    2.2700    1.3205    0.0030         0
    2.2750    1.3879    0.0031         0
    2.2800    1.3546    0.0032         0
    2.2850    1.3289    0.0033         0
    2.2900    1.3145    0.0032         0
    2.2950    1.3378    0.0033         0
    2.3000    1.2734    0.0035         0
    2.3050    1.3177    0.0035         0
    2.3100    1.4096    0.0037         0
    2.3150   -1.0000   -1.0000         0
    2.3200   -1.0000   -1.0000         0
    2.3250   -1.0000   -1.0000         0
    2.3300   -1.0000   -1.0000         0
    2.3350   -1.0000   -1.0000         0
    2.3400   -1.0000   -1.0000         0
    2.3450   -1.0000   -1.0000         0
    2.3500   -1.0000   -1.0000         0
    2.3550   -1.0000   -1.0000         0
    2.3600   -1.0000   -1.0000         0
    2.3650   -1.0000   -1.0000         0
    2.3700   -1.0000   -1.0000         0
    2.3750   -1.0000   -1.0000         0
    2.3800   -1.0000   -1.0000         0
    2.3850   -1.0000   -1.0000         0
    2.3900   -1.0000   -1.0000         0
    2.3950   -1.0000   -1.0000         0
    2.4000   -1.0000   -1.0000         0
    2.4050   -1.0000   -1.0000         0
    2.4100   -1.0000   -1.0000         0
    2.4150   -1.0000   -1.0000         0
    2.4200   -1.0000   -1.0000         0
    2.4250   -1.0000   -1.0000         0
    2.4300   -1.0000   -1.0000         0
    2.4350   -1.0000   -1.0000         0
    2.4400   -1.0000   -1.0000         0
    2.4450   -1.0000   -1.0000         0
    2.4500   -1.0000   -1.0000         0
    2.4550   -1.0000   -1.0000         0
    2.4600   -1.0000   -1.0000         0
    2.4650   -1.0000   -1.0000         0
    2.4700   -1.0000   -1.0000         0
    2.4750   -1.0000   -1.0000         0
    2.4800   -1.0000   -1.0000         0
    2.4850   -1.0000   -1.0000         0
    2.4900   -1.0000   -1.0000         0
