    0.6500   -1.0000   -1.0000         0
    0.6550   -1.0000   -1.0000         0
    0.6600   -1.0000   -1.0000         0
    0.6650   -1.0000   -1.0000         0
    0.6700   -1.0000   -1.0000         0
    0.6750   -1.0000   -1.0000         0
    0.6800   -1.0000   -1.0000         0
    0.6850   -1.0000   -1.0000         0
    0.6900   -1.0000   -1.0000         0
    0.6950   -1.0000   -1.0000         0
    0.7000   -1.0000   -1.0000         0
    0.7050   -1.0000   -1.0000         0
    0.7100   -1.0000   -1.0000         0
    0.7150   -1.0000   -1.0000         0
    0.7200   -1.0000   -1.0000         0
    0.7250   -1.0000   -1.0000         0
    0.7300   -1.0000   -1.0000         0
    0.7350   -1.0000   -1.0000         0
    0.7400   -1.0000   -1.0000         0
    0.7450    1.1186    0.0263         4
    0.7500    1.0952    0.0291         4
    0.7550    1.1144    0.0277         4
    0.7600    1.1009    0.0294         4
    0.7650    1.0972    0.0232         4
    0.7700    1.0891    0.0226         4
    0.7750    1.0808    0.0220         4
    0.7800    1.0708    0.0217         4
    0.7850    1.0917    0.0242         4
    0.7900    1.0724    0.0205         4
    0.7950    1.0815    0.0215         4
    0.8000    1.0745    0.0211         4
    0.8050   -1.0000   -1.0000         0
    0.8100    1.0407    0.0195         4
    0.8150    1.0698    0.0198         4
    0.8200   -1.0000   -1.0000         0
    0.8250    1.0328    0.0211         4
    0.8300    1.0661    0.0215         4
    0.8350    1.0478    0.0194         4
    0.8400    1.0284    0.0194         4
    0.8450    1.0272    0.0195         4
    0.8500    1.0112    0.0188         4
    0.8550    0.9946    0.0174         4
    0.8600    0.9864    0.0189         4
    0.8650   -1.0000   -1.0000         0
    0.8700    0.9784    0.0205         4
    0.8750    1.0106    0.0183         4
    0.8800    1.0305    0.0190         4
    0.8850    1.0173    0.0171         4
    0.8900    0.9903    0.0176         4
    0.8950    0.9770    0.0165         4
    0.9000    0.9828    0.0171         4
    0.9050    1.0014    0.0175         4
    0.9100    0.9938    0.0178         4
    0.9150    0.9973    0.0163         4
    0.9200    1.0082    0.0153         4
    0.9250    1.0084    0.0168         4
    0.9300    0.9986    0.0169         4
    0.9350    0.9711    0.0172         4
    0.9400    0.9874    0.0187         4
    0.9450    0.9601    0.0173         4
    0.9500   -1.0000   -1.0000         0
    0.9550    0.9715    0.0178         4
    0.9600    0.9944    0.0166         4
    0.9650    1.0004    0.0163         4
    0.9700    0.9855    0.0160         4
    0.9750   -1.0000   -1.0000         0
    0.9800    0.9691    0.0170         4
    0.9850    0.9854    0.0161         4
    0.9900   -1.0000   -1.0000         0
    0.9950    1.0057    0.0149         4
    1.0000    0.9871    0.0153         4
    1.0050    1.0005    0.0147         4
    1.0100    0.9971    0.0144         4
    1.0150    0.9820    0.0145         4
    1.0200    1.0037    0.0146         4
    1.0250    1.0026    0.0146         4
    1.0300    0.9813    0.0145         4
    1.0350    1.0098    0.0147         4
    1.0400    1.0240    0.0148         4
    1.0450    0.9947    0.0136         4
    1.0500    0.9776    0.0160         4
    1.0550    0.9892    0.0136         4
    1.0600    1.0163    0.0143         4
    1.0650    1.0293    0.0156         4
    1.0700    1.0261    0.0181         4
    1.0750    1.0121    0.0162         4
    1.0800    1.0355    0.0164         4
    1.0850    1.0682    0.0163         4
    1.0900    1.0720    0.0163         4
    1.0950    1.0514    0.0161         4
    1.1000    1.0474    0.0163         4
    1.1050    1.0718    0.0182         4
    1.1100    1.0877    0.0176         4
    1.1150    1.0872    0.0173         4
    1.1200    1.0951    0.0175         4
    1.1250    1.0902    0.0197         4
    1.1300    1.0822    0.0194         4
    1.1350    1.0964    0.0216         4
    1.1400    1.1041    0.0215         4
    1.1450    1.1367    0.0203         4
    1.1500    1.1413    0.0207         4
    1.1550    1.1381    0.0198         4
    1.1600    1.1551    0.0197         4
    1.1650    1.1620    0.0184         4
    1.1700    1.1489    0.0183         4
    1.1750    1.1442    0.0206         4
    1.1800    1.1452    0.0172         4
    1.1850    1.1295    0.0169         4
    1.1900    1.1426    0.0164         4
    1.1950    1.1372    0.0180         4
    1.2000    1.1448    0.0193         4
    1.2050    1.1655    0.0196         4
    1.2100    1.1845    0.0200         4
    1.2150    1.1919    0.0182         4
    1.2200    1.1352    0.0188         4
    1.2250    1.1295    0.0183         4
    1.2300    1.1538    0.0186         4
    1.2350    1.1498    0.0181         4
    1.2400    1.1747    0.0190         4
    1.2450    1.1898    0.0209         4
    1.2500    1.2237    0.0197         4
    1.2550    1.2255    0.0214         4
    1.2600    1.2349    0.0205         4
    1.2650    1.1955    0.0219         4
    1.2700    1.2276    0.0209         4
    1.2750    1.2180    0.0198         4
    1.2800    1.2147    0.0215         4
    1.2850   -1.0000   -1.0000         0
    1.2900    1.2057    0.0218         4
    1.2950    1.2247    0.0213         4
    1.3000    1.2448    0.0202         4
    1.3050    1.2121    0.0204         4
    1.3100    1.2035    0.0203         4
    1.3150    1.1968    0.0198         4
    1.3200    1.2230    0.0189         4
    1.3250    1.1909    0.0201         4
    1.3300    1.1865    0.0211         4
    1.3350    1.2770    0.0214         4
    1.3400    1.2768    0.0211         4
    1.3450    1.2427    0.0288         4
    1.3500    1.2136    0.0311         3
    1.3550    1.2575    0.0272         2
    1.3600    1.2523    0.0308         2
    1.3650    1.2210    0.1318         1
    1.3700    1.2424    0.0630         3
    1.3750   -1.0000   -1.0000         0
    1.3800    1.2097    0.0510         2
    1.3850   -1.0000   -1.0000         0
    1.3900    1.3263    0.0678         4
    1.3950    1.2955    0.0608         4
    1.4000    1.2700    0.0569         4
    1.4050    1.3088    0.0579         4
    1.4100    1.2353    0.0344         2
    1.4150    1.2597    0.0449         4
    1.4200    1.3037    0.0406         4
    1.4250    1.2594    0.0339         4
    1.4300    1.3396    0.0367         4
    1.4350    1.3287    0.0326         4
    1.4400    1.2584    0.0313         4
    1.4450    1.3012    0.0309         4
    1.4500    1.3519    0.0302         4
    1.4550    1.3748    0.0275         4
    1.4600    1.3783    0.0266         4
    1.4650    1.2961    0.0265         4
    1.4700    1.2993    0.0280         4
    1.4750   -1.0000   -1.0000         0
    1.4800   -1.0000   -1.0000         0
    1.4850    1.3345    0.0260         4
    1.4900    1.3299    0.0272         4
    1.4950    1.3354    0.0246         4
    1.5000    1.3903    0.0234         4
    1.5050    1.3683    0.0225         4
    1.5100    1.3607    0.0255         4
    1.5150    1.3439    0.0231         4
    1.5200    1.2644    0.0217         4
    1.5250    1.2935    0.0231         4
    1.5300    1.3321    0.0236         4
    1.5350    1.3379    0.0257         4
    1.5400    1.2906    0.0218         4
    1.5450    1.2700    0.0224         4
    1.5500    1.3258    0.0230         4
    1.5550    1.3276    0.0227         4
    1.5600    1.3064    0.0211         4
    1.5650    1.3740    0.0256         4
    1.5700    1.4023    0.0232         4
    1.5750    1.3704    0.0265         4
    1.5800    1.3207    0.0228         4
    1.5850    1.2764    0.0245         4
    1.5900    1.3611    0.0247         4
    1.5950   -1.0000   -1.0000         0
    1.6000    1.4405    0.0248         4
    1.6050    1.3804    0.0275         4
    1.6100    1.4472    0.0238         4
    1.6150    1.3979    0.0234         4
    1.6200    1.3554    0.0235         4
    1.6250   -1.0000   -1.0000         0
    1.6300    1.3430    0.0242         4
    1.6350    1.4460    0.0277         4
    1.6400    1.3335    0.0244         4
    1.6450    1.3372    0.0247         4
    1.6500    1.3444    0.0254         4
    1.6550    1.3626    0.0259         4
    1.6600    1.3855    0.0271         4
    1.6650    1.4167    0.0242         4
    1.6700    1.4243    0.0265         4
    1.6750   -1.0000   -1.0000         0
    1.6800    1.4046    0.0268         4
    1.6850   -1.0000   -1.0000         0
    1.6900    1.3352    0.0277         4
    1.6950    1.3782    0.0280         4
    1.7000    1.4229    0.0283         4
    1.7050    1.3907    0.0253         4
    1.7100    1.3140    0.0259         4
    1.7150    1.3842    0.0298         4
    1.7200    1.4264    0.0272         4
    1.7250    1.3337    0.0266         4
    1.7300    1.3034    0.0262         4
    1.7350   -1.0000   -1.0000         0
    1.7400    1.2855    0.0314         4
    1.7450    1.2895    0.0281         4
    1.7500    1.2845    0.0271         4
    1.7550    1.3213    0.0302         4
    1.7600    1.4152    0.0314         4
    1.7650   -1.0000   -1.0000         0
    1.7700    1.3657    0.0290         4
    1.7750    1.3197    0.0325         4
    1.7800    1.4025    0.0357         4
    1.7850    1.3304    0.0330         4
    1.7900    1.2729    0.0298         4
    1.7950    1.3426    0.0353         4
    1.8000    1.3268    0.0336         4
    1.8050   -1.0000   -1.0000         0
    1.8100    1.3570    0.0421         4
    1.8150   -1.0000   -1.0000         0
    1.8200    1.2997    0.0534         4
    1.8250    1.3626    0.0657         4
    1.8300    1.4184    0.0776         4
    1.8350   -1.0000   -1.0000         0
    1.8400    1.3385    0.1589         4
    1.8450   -1.0000   -1.0000         0
    1.8500   -1.0000   -1.0000         0
    1.8550    1.2975    0.1824         4
    1.8600    1.4420    0.1741         4
    1.8650    1.2200    0.1521         4
    1.8700   -1.0000   -1.0000         0
    1.8750    1.2104    0.2165         4
    1.8800   -1.0000   -1.0000         0
    1.8850    1.3850    0.1120         4
    1.8900    1.2307    0.0882         4
    1.8950    1.2953    0.1009         4
    1.9000    1.3894    0.1158         4
    1.9050    1.3630    0.1503         4
    1.9100    1.4094    0.1041         3
    1.9150    1.3160    0.1208         4
    1.9200    1.3075    0.1049         4
    1.9250    1.4312    0.0825         4
    1.9300    1.3050    0.0708         4
    1.9350    1.2961    0.0672         4
    1.9400    1.3185    0.0669         4
    1.9450    1.3987    0.0621         4
    1.9500   -1.0000   -1.0000         0
    1.9550   -1.0000   -1.0000         0
    1.9600    1.4833    0.0591         3
    1.9650    1.4029    0.0513         4
    1.9700   -1.0000   -1.0000         0
    1.9750    1.2727    0.0449         4
    1.9800    1.4117    0.0416         4
    1.9850    1.2454    0.0366         4
    1.9900    1.3044    0.0409         4
    1.9950   -1.0000   -1.0000         0
    2.0000    1.3102    0.0460         4
    2.0050    1.2981    0.0556         4
    2.0100   -1.0000   -1.0000         0
    2.0150    1.4541    0.0606         4
    2.0200    1.3099    0.0590         4
    2.0250    1.4722    0.0542         4
    2.0300    1.2491    0.0457         4
    2.0350   -1.0000   -1.0000         0
    2.0400    1.1712    0.0374         4
    2.0450    1.2136    0.0429         4
    2.0500    1.2070    0.0406         4
    2.0550    1.1896    0.0454         4
    2.0600    1.4007    0.0533         4
    2.0650    1.4362    0.0483         4
    2.0700    1.2995    0.0484         4
    2.0750    1.2313    0.0464         4
    2.0800    1.2933    0.0433         4
    2.0850    1.3051    0.0450         4
    2.0900    1.2797    0.0397         4
    2.0950    1.3005    0.0499         4
    2.1000    1.3159    0.0386         4
    2.1050    1.3987    0.0453         4
    2.1100    1.3688    0.0412         4
    2.1150    1.3210    0.0413         4
    2.1200    1.4257    0.0470         4
    2.1250    1.3337    0.0416         4
    2.1300    1.2318    0.0421         4
    2.1350    1.2942    0.0409         4
    2.1400    1.2604    0.0411         4
    2.1450    1.1986    0.0406         4
    2.1500    1.2965    0.0408         4
    2.1550    1.3281    0.0413         4
    2.1600    1.2546    0.0413         4
    2.1650    1.4279    0.0491         4
    2.1700    1.4191    0.0438         4
    2.1750    1.1727    0.0478         4
    2.1800    1.2517    0.0434         4
    2.1850    1.2290    0.0433         4
    2.1900   -1.0000   -1.0000         0
    2.1950   -1.0000   -1.0000         0
    2.2000    1.3352    0.0538         4
    2.2050    1.3620    0.0543         4
    2.2100    1.3146    0.0452         4
    2.2150    1.2018    0.0462         4
    2.2200    1.2327    0.0477         4
    2.2250    1.2568    0.0453         4
    2.2300    1.2872    0.0445         4
    2.2350    1.2517    0.0444         4
    2.2400    1.3530    0.0499         4
    2.2450    1.3672    0.0532         4
    2.2500    1.4751    0.0525         4
    2.2550    1.4851    0.0459         4
    2.2600    1.3105    0.0511         4
    2.2650    1.3102    0.0492         4
    2.2700   -1.0000   -1.0000         0
    2.2750   -1.0000   -1.0000         0
    2.2800    1.2505    0.0524         4
    2.2850    1.2485    0.0551         4
    2.2900    1.2860    0.0570         4
    2.2950    1.5413    0.0590         1
    2.3000    1.4473    0.0533         4
    2.3050    1.2221    0.0531         4
    2.3100    1.3324    0.0544         4
    2.3150    1.3638    0.0583         4
    2.3200    1.4748    0.0605         4
    2.3250    1.4973    0.0541         4
    2.3300   -1.0000   -1.0000         0
    2.3350    1.3472    0.0507         4
    2.3400   -1.0000   -1.0000         0
    2.3450   -1.0000   -1.0000         0
    2.3500    1.2709    0.0670         4
    2.3550    1.5434    0.0654         4
    2.3600    1.3592    0.0578         4
    2.3650    1.4915    0.0659         4
    2.3700   -1.0000   -1.0000         0
    2.3750    1.4670    0.0608         4
    2.3800    1.2670    0.0644         4
    2.3850    1.3617    0.0672         4
    2.3900   -1.0000   -1.0000         0
    2.3950   -1.0000   -1.0000         0
    2.4000    1.4414    0.0699         4
    2.4050   -1.0000   -1.0000         0
    2.4100    1.2515    0.0603         4
    2.4150    1.3212    0.0830         4
    2.4200   -1.0000   -1.0000         0
    2.4250    1.3185    0.0695         4
    2.4300    1.2680    0.0734         4
    2.4350   -1.0000   -1.0000         0
    2.4400   -1.0000   -1.0000         0
    2.4450   -1.0000   -1.0000         0
    2.4500   -1.0000   -1.0000         0
    2.4550   -1.0000   -1.0000         0
    2.4600   -1.0000   -1.0000         0
    2.4650    1.2835    0.0827         4
    2.4700    1.4211    0.0741         4
    2.4750   -1.0000   -1.0000         0
    2.4800    1.4716    0.0943         4
    2.4850   -1.0000   -1.0000         0
    2.4900   -1.0000   -1.0000         0
