    0.4350    0.7984    0.0896    1.0000
    0.4375    0.7485    0.0791    1.0000
    0.4400    0.7298    0.0700    1.0000
    0.4425    0.8304    0.0806    1.0000
    0.4450    0.8762    0.0729    1.0000
    0.4475    0.8123    0.0503    1.0000
    0.4500    0.8623    0.0454    1.0000
    0.4525    0.7707    0.0404    1.0000
    0.4550    0.7876    0.0373    1.0000
    0.4575    0.7814    0.0345    1.0000
    0.4600    0.8396    0.0319    1.0000
    0.4625    0.8351    0.0292    1.0000
    0.4650    0.8548    0.0272    1.0000
    0.4675    0.8770    0.0253    1.0000
    0.4700    0.8616    0.0237    1.0000
    0.4725    0.8899    0.0222    1.0000
    0.4750    0.9281    0.0209    1.0000
    0.4775    0.8604    0.0194    1.0000
    0.4800    0.8887    0.0184    1.0000
    0.4825    0.9099    0.0175    1.0000
    0.4850    0.8935    0.0164    1.0000
    0.4875    0.8897    0.0156    1.0000
    0.4900    0.8826    0.0154    1.0000
    0.4925    0.9093    0.0153    1.0000
    0.4950    0.9050    0.0142    1.0000
    0.4975    0.8983    0.0132    1.0000
    0.5000    0.9343    0.0126    1.0000
    0.5025    0.9219    0.0120    1.0000
    0.5050    0.9441    0.0117    1.0000
    0.5075    0.9768    0.0115    1.0000
    0.5100    0.9144    0.0109    1.0000
    0.5125    0.9223    0.0103    1.0000
    0.5150    0.9407    0.0100    1.0000
    0.5175    0.9577    0.0098    1.0000
    0.5200    0.9300    0.0094    1.0000
    0.5225    0.9276    0.0093    1.0000
    0.5250    0.9540    0.0093    1.0000
    0.5275    0.9522    0.0090    1.0000
    0.5300    0.9536    0.0086    1.0000
    0.5325    0.9457    0.0083    1.0000
    0.5350    0.9602    0.0082    1.0000
    0.5375    0.9439    0.0078    1.0000
    0.5400    0.9649    0.0077    1.0000
    0.5425    0.9735    0.0075    1.0000
    0.5450    0.9808    0.0073    1.0000
    0.5475    1.0025    0.0077    1.0000
    0.5500    1.0089    0.0076    1.0000
    0.5525    0.9963    0.0069    1.0000
    0.5550    1.0223    0.0068    1.0000
    0.5575    1.0199    0.0067    1.0000
    0.5600    1.0181    0.0066    1.0000
    0.5625    1.0230    0.0073    1.0000
    0.5650    1.0266    0.0080    1.0000
    0.5675    1.0282    0.0077    1.0000
    0.5700    1.0413    0.0066    1.0000
    0.5725    1.0390    0.0061    1.0000
    0.5750    1.0614    0.0061    1.0000
    0.5775    1.0457    0.0060    1.0000
    0.5800    1.0587    0.0059    1.0000
    0.5825    1.0488    0.0058    1.0000
    0.5850    1.0714    0.0058    1.0000
    0.5875    1.0617    0.0057    1.0000
    0.5900    1.0654    0.0056    1.0000
    0.5925    1.0696    0.0057    1.0000
    0.5950    1.0621    0.0060    1.0000
    0.5975    1.0787    0.0060    1.0000
    0.6000    1.0856    0.0057    1.0000
    0.6025    1.0826    0.0054    1.0000
    0.6050    1.0898    0.0054    1.0000
    0.6075    1.0995    0.0053    1.0000
    0.6100    1.0904    0.0052    1.0000
    0.6125    1.0962    0.0051    1.0000
    0.6150    1.1151    0.0051    1.0000
    0.6175    1.1045    0.0050    1.0000
    0.6200    1.1176    0.0050    1.0000
    0.6225    1.1121    0.0050    1.0000
    0.6250    1.1150    0.0049    1.0000
    0.6275    1.1197    0.0049    1.0000
    0.6300    1.1176    0.0050    1.0000
    0.6325    1.1348    0.0051    1.0000
    0.6350    1.1307    0.0051    1.0000
    0.6375    1.1402    0.0050    1.0000
    0.6400    1.1447    0.0049    1.0000
    0.6425    1.1384    0.0048    1.0000
    0.6450    1.1513    0.0047    1.0000
    0.6475    1.1610    0.0047    1.0000
    0.6500    1.1651    0.0047    1.0000
    0.6525    1.1522    0.0047    1.0000
    0.6550    1.1697    0.0047    1.0000
    0.6575    1.1573    0.0047    1.0000
    0.6600    1.1817    0.0050    1.0000
    0.6625    1.1912    0.0048    1.0000
    0.6650    1.1796    0.0046    1.0000
    0.6675    1.1760    0.0045    1.0000
    0.6700    1.1873    0.0045    1.0000
    0.6725    1.1861    0.0045    1.0000
    0.6750    1.1918    0.0045    1.0000
    0.6775    1.1910    0.0044    1.0000
    0.6800    1.1991    0.0044    1.0000
    0.6825    1.2179    0.0045    1.0000
    0.6850    1.1980    0.0046    1.0000
    0.6875    1.1841    0.0047    1.0000
    0.6900    1.1904    0.0049    1.0000
    0.6925    1.2153    0.0049    1.0000
    0.6950    1.2117    0.0048    1.0000
    0.6975    1.2088    0.0047    1.0000
    0.7000    1.2097    0.0046    1.0000
    0.7025    1.2077    0.0046    1.0000
    0.7050    1.2137    0.0046    1.0000
    0.7075    1.2140    0.0046    1.0000
    0.7100    1.2009    0.0046    1.0000
    0.7125    1.2166    0.0046    1.0000
    0.7150    1.2239    0.0046    1.0000
    0.7175    1.2149    0.0047    1.0000
    0.7200    1.2097    0.0048    1.0000
    0.7225    1.2148    0.0050    1.0000
    0.7250    1.2188    0.0052    1.0000
    0.7275    1.2076    0.0055    1.0000
    0.7300    1.2088    0.0055    1.0000
    0.7325    1.2143    0.0054    1.0000
    0.7350    1.2128    0.0054    1.0000
    0.7375    1.2038    0.0054    1.0000
    0.7400    1.2115    0.0053    1.0000
    0.7425    1.2156    0.0051    1.0000
    0.7450    1.2127    0.0051    1.0000
    0.7475    1.2136    0.0051    1.0000
    0.7500    1.2042    0.0052    1.0000
    0.7525    1.2137    0.0052    1.0000
    0.7575    1.1932    0.0088    1.0000
    0.7700    1.1981    0.0061    1.0000
    0.7725    1.1861    0.0060    1.0000
    0.7750    1.1924    0.0063    1.0000
    0.7775    1.1877    0.0060    1.0000
    0.7800    1.1961    0.0060    1.0000
    0.7825    1.1817    0.0062    1.0000
    0.7850    1.1662    0.0063    1.0000
    0.7875    1.1984    0.0065    1.0000
    0.7900    1.1722    0.0064    1.0000
    0.7925    1.2001    0.0065    1.0000
    0.7950    1.1799    0.0064    1.0000
    0.7975    1.1648    0.0063    1.0000
    0.8000    1.1708    0.0064    1.0000
    0.8025    1.1573    0.0063    1.0000
    0.8050    1.1642    0.0061    1.0000
    0.8075    1.1595    0.0060    1.0000
    0.8100    1.1690    0.0060    1.0000
    0.8125    1.1538    0.0059    1.0000
    0.8150    1.1575    0.0060    1.0000
    0.8175    1.1333    0.0061    1.0000
    0.8200    1.1497    0.0062    1.0000
    0.8225    1.1446    0.0063    1.0000
    0.8250    1.1469    0.0066    1.0000
    0.8275    1.1315    0.0072    1.0000
    0.8300    1.1311    0.0077    1.0000
    0.8325    1.1119    0.0079    1.0000
    0.8350    1.1402    0.0080    1.0000
    0.8375    1.1675    0.0082    1.0000
    0.8400    1.1231    0.0081    1.0000
    0.8425    1.1453    0.0082    1.0000
    0.8450    1.1367    0.0082    1.0000
    0.8475    1.1202    0.0080    1.0000
    0.8500    1.0964    0.0077    1.0000
    0.8525    1.0905    0.0076    1.0000
    0.8550    1.1047    0.0077    1.0000
    0.8575    1.1091    0.0077    1.0000
    0.8600    1.0882    0.0083    1.0000
    0.8625    1.0848    0.0093    1.0000
    0.8650    1.1264    0.0101    1.0000
    0.8675    1.0991    0.0099    1.0000
    0.8700    1.0868    0.0091    1.0000
    0.8725    1.0842    0.0088    1.0000
    0.8750    1.0859    0.0096    1.0000
    0.8775    1.0750    0.0104    1.0000
    0.8800    1.0737    0.0107    1.0000
    0.8825    1.0614    0.0108    1.0000
    0.8850    1.0589    0.0110    1.0000
    0.8875    1.0752    0.0112    1.0000
    0.8900    1.0685    0.0114    1.0000
    0.8925    1.0601    0.0117    1.0000
    0.8950    1.0571    0.0117    1.0000
    0.8975    1.0331    0.0115    1.0000
    0.9000    1.0520    0.0161    1.0000
    0.9025    1.0828    0.0155    1.0000
    0.9050    1.0468    0.0107    1.0000
    0.9075    1.0248    0.0108    1.0000
    0.9100    1.0300    0.0110    1.0000
    0.9125    1.0369    0.0111    1.0000
    0.9150    1.0576    0.0113    1.0000
    0.9175    1.0649    0.0114    1.0000
    0.9200    1.0531    0.0116    1.0000
    0.9225    1.0710    0.0120    1.0000
    0.9250    1.0713    0.0126    1.0000

    0.7800    1.1542    0.0166    3.0000
    0.7850    1.1553    0.0183    3.0000
    0.7900    1.1787    0.0176    3.0000
    0.7950    1.1599    0.0165    3.0000
    0.8000    1.1577    0.0167    3.0000
    0.8050    1.1433    0.0170    3.0000
    0.8100    1.1569    0.0179    3.0000
    0.8150    1.1497    0.0162    3.0000
    0.8200   -1.0000   -1.0000    0.0000
    0.8250    1.1366    0.0158    2.0000
    0.8300    1.1522    0.0181    3.0000
    0.8350    1.1332    0.0161    3.0000
    0.8400    1.1165    0.0159    3.0000
    0.8450    1.1033    0.0182    3.0000
    0.8500    1.1105    0.0153    3.0000
    0.8550    1.1041    0.0151    3.0000
    0.8600    1.1122    0.0168    1.0000
    0.8650    1.1019    0.0151    3.0000
    0.8700    1.0833    0.0155    3.0000
    0.8750    1.0915    0.0150    3.0000
    0.8800    1.0809    0.0137    3.0000
    0.8850    1.0746    0.0136    3.0000
    0.8900    1.0778    0.0137    3.0000
    0.8950    1.0616    0.0154    3.0000
    0.9000    1.0716    0.0141    3.0000
    0.9050    1.0726    0.0138    3.0000
    0.9100    1.0801    0.0146    3.0000
    0.9150    1.0613    0.0148    3.0000
    0.9200    1.0807    0.0140    3.0000
    0.9250    1.0759    0.0131    3.0000
    0.9300    1.0721    0.0133    3.0000
    0.9350    1.0678    0.0147    3.0000
    0.9400    1.0639    0.0133    3.0000
    0.9450   -1.0000   -1.0000    0.0000
    0.9500    1.0651    0.0132    3.0000
    0.9550    1.0688    0.0137    3.0000
    0.9600    1.0831    0.0138    3.0000
    0.9650    1.0936    0.0144    3.0000
    0.9700    1.1141    0.0145    3.0000
    0.9750    1.1110    0.0125    3.0000
    0.9800    1.1117    0.0126    3.0000
    0.9850    1.0987    0.0125    3.0000
    0.9900    1.1065    0.0126    3.0000
    0.9950    1.1123    0.0127    3.0000
    1.0000    1.1310    0.0127    3.0000
    1.0050    1.1392    0.0126    3.0000
    1.0100    1.1323    0.0129    3.0000
    1.0150    1.1435    0.0125    3.0000
    1.0200    1.1469    0.0127    3.0000
    1.0250    1.1351    0.0117    3.0000
    1.0300    1.1545    0.0120    3.0000
    1.0350    1.1622    0.0122    3.0000
    1.0400    1.1491    0.0128    3.0000
    1.0450    1.1497    0.0123    3.0000
    1.0500    1.1587    0.0128    3.0000
    1.0550    1.1742    0.0120    3.0000
    1.0600    1.1704    0.0115    3.0000
    1.0650    1.1768    0.0121    3.0000
    1.0700    1.1869    0.0121    3.0000
    1.0750    1.1834    0.0120    3.0000
    1.0800    1.1822    0.0122    3.0000
    1.0850    1.1952    0.0124    3.0000
    1.0900    1.1999    0.0120    3.0000
    1.0950    1.2045    0.0119    3.0000
    1.1000    1.1953    0.0121    3.0000
    1.1050    1.1926    0.0123    3.0000
    1.1100    1.2101    0.0119    3.0000
    1.1150    1.2226    0.0119    3.0000
    1.1200    1.2205    0.0120    3.0000
    1.1250    1.2196    0.0118    3.0000
    1.1300    1.2158    0.0122    3.0000
    1.1350    1.2236    0.0120    3.0000
    1.1400    1.2421    0.0123    3.0000
    1.1450    1.2370    0.0122    3.0000
    1.1500    1.2377    0.0118    3.0000
    1.1550    1.2472    0.0127    3.0000
    1.1600    1.2508    0.0116    3.0000
    1.1650    1.2538    0.0110    3.0000
    1.1700    1.2654    0.0108    3.0000
    1.1750    1.2745    0.0110    3.0000
    1.1800    1.2762    0.0107    3.0000
    1.1850    1.2690    0.0106    3.0000
    1.1900    1.2700    0.0111    3.0000
    1.1950    1.2724    0.0118    3.0000
    1.2000    1.2725    0.0115    3.0000
    1.2050    1.2856    0.0105    3.0000
    1.2100    1.2826    0.0116    3.0000
    1.2150    1.2932    0.0119    3.0000
    1.2200    1.2954    0.0119    3.0000
    1.2250    1.2879    0.0118    3.0000
    1.2300    1.2862    0.0114    3.0000
    1.2350    1.3036    0.0114    3.0000
    1.2400    1.2963    0.0123    3.0000
    1.2450    1.3014    0.0110    3.0000
    1.2500    1.3114    0.0108    3.0000
    1.2550    1.3176    0.0123    3.0000
    1.2600    1.3141    0.0121    3.0000
    1.2650    1.2891    0.0128    3.0000
    1.2700    1.3101    0.0121    3.0000
    1.2750    1.3040    0.0135    3.0000
    1.2800    1.3040    0.0119    3.0000
    1.2850    1.3266    0.0114    3.0000
    1.2900    1.3325    0.0114    3.0000
    1.2950    1.3255    0.0108    3.0000
    1.3000    1.3268    0.0116    3.0000
    1.3050    1.3184    0.0132    3.0000
    1.3100    1.3209    0.0117    3.0000
    1.3150    1.3499    0.0116    3.0000
    1.3200    1.3507    0.0110    3.0000
    1.3250    1.3584    0.0115    3.0000
    1.3300    1.3541    0.0123    3.0000
    1.3350    1.3606    0.0122    3.0000
    1.3400    1.3631    0.0125    3.0000
    1.3450    1.3592    0.0145    3.0000
    1.3500    1.3698    0.0176    3.0000
    1.3550    1.3623    0.0188    3.0000
    1.3600    1.3781    0.0154    1.0000
    1.3650   -1.0000   -1.0000    0.0000
    1.3700    1.3588    0.0184    3.0000
    1.3750    1.3658    0.0175    3.0000
    1.3800    1.3436    0.0178    2.0000
    1.3850   -1.0000   -1.0000    0.0000
    1.3900    1.3520    0.0178    2.0000
    1.3950    1.3810    0.0166    3.0000
    1.4000    1.3896    0.0163    3.0000
    1.4050    1.3851    0.0156    3.0000
    1.4100    1.3883    0.0156    3.0000
    1.4150    1.3657    0.0146    3.0000
    1.4200    1.3855    0.0137    3.0000
    1.4250    1.3964    0.0145    3.0000
    1.4300    1.3928    0.0144    3.0000
    1.4350    1.3817    0.0143    3.0000
    1.4400    1.4197    0.0139    1.0000
    1.4450    1.4018    0.0135    3.0000
    1.4500    1.3739    0.0136    3.0000
    1.4550    1.3510    0.0136    1.0000
    1.4600    1.3768    0.0128    3.0000
    1.4650    1.3525    0.0129    1.0000
    1.4700    1.3597    0.0138    2.0000
    1.4750    1.3967    0.0133    3.0000
    1.4800    1.3964    0.0142    3.0000
    1.4850    1.4105    0.0141    3.0000
    1.4900    1.4030    0.0131    3.0000
    1.4950    1.3966    0.0128    3.0000
    1.5000    1.3849    0.0127    3.0000
    1.5050    1.3906    0.0122    3.0000
    1.5100    1.4363    0.0129    1.0000
    1.5150   -1.0000   -1.0000    0.0000
    1.5200    1.3897    0.0122    3.0000
    1.5250    1.3947    0.0120    3.0000
    1.5300    1.3857    0.0129    3.0000
    1.5350    1.3850    0.0138    3.0000
    1.5400    1.3777    0.0134    3.0000
    1.5450    1.3987    0.0123    3.0000
    1.5500    1.3783    0.0125    3.0000
    1.5550    1.3956    0.0123    3.0000
    1.5600    1.3890    0.0134    3.0000
    1.5650    1.3780    0.0131    3.0000
    1.5700    1.3851    0.0136    3.0000
    1.5750    1.3947    0.0137    3.0000
    1.5800    1.3824    0.0137    3.0000
    1.5850    1.3606    0.0132    3.0000
    1.5900    1.3724    0.0135    3.0000
    1.5950    1.3546    0.0128    3.0000
    1.6000    1.3736    0.0131    3.0000
    1.6050    1.3626    0.0135    3.0000
    1.6100    1.3961    0.0155    3.0000
    1.6150    1.3723    0.0131    3.0000
    1.6200    1.3632    0.0129    3.0000
    1.6250    1.3838    0.0136    3.0000
    1.6300    1.3609    0.0128    3.0000
    1.6350    1.3590    0.0129    3.0000
    1.6400    1.3588    0.0126    3.0000
    1.6450    1.3402    0.0130    3.0000
    1.6500    1.3488    0.0138    3.0000
    1.6550    1.3512    0.0136    3.0000
    1.6600    1.3454    0.0136    3.0000
    1.6650    1.3477    0.0134    3.0000
    1.6700    1.3559    0.0135    3.0000
    1.6750    1.3680    0.0136    3.0000
    1.6800    1.3529    0.0134    3.0000
    1.6850    1.3464    0.0137    3.0000
    1.6900    1.3327    0.0137    3.0000
    1.6950    1.3390    0.0132    3.0000
    1.7000    1.3457    0.0140    3.0000
    1.7050    1.3341    0.0140    3.0000
    1.7100    1.3450    0.0146    3.0000
    1.7150    1.3626    0.0145    3.0000
    1.7200    1.3747    0.0149    3.0000
    1.7250    1.3516    0.0136    3.0000
    1.7300    1.3480    0.0144    3.0000
    1.7350    1.3338    0.0146    3.0000
    1.7400    1.3334    0.0140    3.0000
    1.7450    1.3429    0.0143    3.0000
    1.7500    1.3380    0.0147    3.0000
    1.7550    1.3498    0.0139    3.0000
    1.7600    1.3363    0.0140    3.0000
    1.7650    1.3346    0.0142    3.0000
    1.7700    1.3223    0.0148    3.0000
    1.7750    1.3068    0.0150    3.0000
    1.7800    1.2988    0.0156    3.0000
    1.7850    1.3410    0.0150    3.0000
    1.7900    1.3404    0.0166    3.0000
    1.7950    1.3219    0.0155    3.0000
    1.8000    1.3174    0.0164    3.0000
    1.8050    1.3301    0.0166    3.0000
    1.8100    1.2949    0.0171    2.0000
    1.8150    1.2985    0.0179    3.0000
    1.8200    1.3453    0.0191    3.0000
    1.8250    1.3396    0.0199    3.0000
    1.8300    1.3153    0.0226    3.0000
    1.8350    1.3527    0.0252    3.0000
    1.8400    1.2819    0.0227    3.0000
    1.8450    1.3129    0.0251    3.0000
    1.8500    1.3209    0.0271    3.0000
    1.8550    1.3488    0.0277    3.0000
    1.8600    1.2934    0.0252    3.0000
    1.8650    1.3194    0.0270    3.0000
    1.8700   -1.0000   -1.0000    0.0000
    1.8750    1.2980    0.0277    3.0000
    1.8800    1.2627    0.0270    2.0000
    1.8850    1.3130    0.0245    3.0000
    1.8900    1.3214    0.0216    3.0000
    1.8950    1.3170    0.0224    3.0000
    1.9000    1.3314    0.0234    3.0000
    1.9050    1.3199    0.0250    3.0000
    1.9100    1.3160    0.0258    3.0000
    1.9150    1.3041    0.0260    3.0000
    1.9200    1.3228    0.0239    3.0000
    1.9250    1.3104    0.0219    3.0000
    1.9300    1.3003    0.0209    3.0000
    1.9350    1.3330    0.0232    3.0000
    1.9400    1.2927    0.0227    3.0000
    1.9450    1.2730    0.0224    3.0000
    1.9500    1.2983    0.0219    3.0000
    1.9550    1.3295    0.0229    3.0000
    1.9600    1.3208    0.0218    3.0000
    1.9650    1.2946    0.0206    3.0000
    1.9700    1.3267    0.0232    3.0000
    1.9750    1.3172    0.0191    3.0000
    1.9800    1.3086    0.0182    3.0000
    1.9850    1.3094    0.0185    3.0000
    1.9900    1.3293    0.0187    3.0000
    1.9950    1.2910    0.0193    3.0000
    2.0000    1.3204    0.0238    3.0000
    2.0050    1.3051    0.0241    3.0000
    2.0100    1.2742    0.0257    2.0000
    2.0150    1.2621    0.0283    2.0000
    2.0200    1.2540    0.0257    2.0000
    2.0250    1.2814    0.0231    3.0000
    2.0300    1.3018    0.0201    3.0000
    2.0350    1.3522    0.0238    3.0000
    2.0400    1.3316    0.0209    3.0000
    2.0450    1.3437    0.0207    3.0000
    2.0500    1.2821    0.0203    3.0000
    2.0550    1.3157    0.0213    3.0000
    2.0600    1.2767    0.0210    3.0000
    2.0650    1.3040    0.0204    3.0000
    2.0700    1.3157    0.0209    3.0000
    2.0750    1.3361    0.0211    3.0000
    2.0800    1.3122    0.0208    3.0000
    2.0850    1.3368    0.0207    3.0000
    2.0900    1.3289    0.0212    3.0000
    2.0950    1.3345    0.0200    3.0000
    2.1000    1.3303    0.0201    3.0000
    2.1050    1.3249    0.0207    3.0000
    2.1100    1.3285    0.0204    3.0000
    2.1150    1.3329    0.0215    3.0000
    2.1200    1.3373    0.0212    3.0000
    2.1250    1.3521    0.0211    3.0000
    2.1300    1.3369    0.0209    3.0000
    2.1350    1.3079    0.0208    3.0000
    2.1400    1.3247    0.0200    3.0000
    2.1450    1.3363    0.0210    3.0000
    2.1500    1.3445    0.0213    3.0000
    2.1550    1.3728    0.0208    3.0000
    2.1600    1.3867    0.0232    3.0000
    2.1650    1.3402    0.0213    3.0000
    2.1700    1.3683    0.0225    3.0000
    2.1750    1.3514    0.0240    3.0000
    2.1800    1.3466    0.0222    3.0000
    2.1850    1.4009    0.0224    3.0000
    2.1900    1.3479    0.0223    3.0000
    2.1950    1.3315    0.0221    3.0000
    2.2000    1.3175    0.0226    2.0000
    2.2050    1.3454    0.0229    3.0000
    2.2100   -1.0000   -1.0000    0.0000
    2.2150    1.4076    0.0263    3.0000
    2.2200    1.3406    0.0231    3.0000
    2.2250    1.3187    0.0262    3.0000
    2.2300    1.3614    0.0233    3.0000
    2.2350    1.3651    0.0265    3.0000
    2.2400    1.3669    0.0257    3.0000
    2.2450    1.3460    0.0247    3.0000
    2.2500    1.3826    0.0241    3.0000
    2.2550    1.3784    0.0256    3.0000
    2.2600    1.3596    0.0248    3.0000
    2.2650    1.3772    0.0269    3.0000
    2.2700    1.3391    0.0249    3.0000
    2.2750    1.3724    0.0262    3.0000
    2.2800    1.3670    0.0253    3.0000
    2.2850    1.3228    0.0249    3.0000
    2.2900    1.3242    0.0262    3.0000
    2.2950    1.3445    0.0252    3.0000
    2.3000    1.3971    0.0253    3.0000
    2.3050    1.3652    0.0263    3.0000
    2.3100    1.3822    0.0283    3.0000
    2.3150    1.3439    0.0261    3.0000
    2.3200    1.3097    0.0269    3.0000
    2.3250   -1.0000   -1.0000    0.0000
    2.3300    1.3743    0.0266    3.0000
    2.3350    1.3212    0.0265    3.0000
    2.3400    1.3312    0.0258    3.0000
    2.3450   -1.0000   -1.0000    0.0000
    2.3500    1.3012    0.0278    3.0000
    2.3550    1.3303    0.0289    3.0000
    2.3600    1.3074    0.0281    3.0000
    2.3650    1.3502    0.0284    3.0000
    2.3700   -1.0000   -1.0000    0.0000
    2.3750    1.4057    0.0315    3.0000
    2.3800    1.3625    0.0295    3.0000
    2.3850   -1.0000   -1.0000    0.0000
    2.3900    1.4108    0.0336    3.0000
    2.3950    1.3652    0.0299    3.0000
    2.4000    1.3708    0.0300    3.0000
    2.4050    1.3761    0.0312    3.0000
    2.4100   -1.0000   -1.0000    0.0000
    2.4150   -1.0000   -1.0000    0.0000
    2.4200   -1.0000   -1.0000    0.0000
    2.4250   -1.0000   -1.0000    0.0000
    2.4300   -1.0000   -1.0000    0.0000
    2.4350   -1.0000   -1.0000    0.0000
    2.4400   -1.0000   -1.0000    0.0000
    2.4450   -1.0000   -1.0000    0.0000
    2.4500    1.3921    0.1000    1.0000
    2.4550   -1.0000   -1.0000    0.0000
    2.4600   -1.0000   -1.0000    0.0000
    2.4650   -1.0000   -1.0000    0.0000
    2.4700   -1.0000   -1.0000    0.0000
    2.4750   -1.0000   -1.0000    0.0000
    2.4800   -1.0000   -1.0000    0.0000
    2.4850   -1.0000   -1.0000    0.0000
    2.4900   -1.0000   -1.0000    0.0000
