    0.7800    1.4428    0.0315    3.0000
    0.7850    1.3958    0.0288    3.0000
    0.7900    1.4046    0.0286    3.0000
    0.7950    1.3673    0.0282    3.0000
    0.8000    1.3950    0.0296    3.0000
    0.8050    1.3301    0.0271    3.0000
    0.8100    1.2754    0.0277    3.0000
    0.8150    1.2844    0.0263    3.0000
    0.8200    1.2980    0.0286    3.0000
    0.8250    1.2689    0.0259    3.0000
    0.8300    1.2418    0.0258    3.0000
    0.8350    1.2395    0.0259    3.0000
    0.8400    1.2272    0.0250    3.0000
    0.8450    1.2166    0.0239    3.0000
    0.8500    1.1876    0.0233    3.0000
    0.8550    1.1685    0.0242    3.0000
    0.8600    1.1676    0.0256    3.0000
    0.8650    1.1633    0.0241    3.0000
    0.8700    1.1545    0.0237    3.0000
    0.8750    1.1237    0.0219    3.0000
    0.8800    1.1134    0.0212    3.0000
    0.8850    1.1172    0.0212    3.0000
    0.8900    1.1103    0.0226    3.0000
    0.8950    1.0913    0.0211    3.0000
    0.9000    1.1064    0.0203    3.0000
    0.9050    1.1060    0.0211    3.0000
    0.9100    1.0855    0.0196    3.0000
    0.9150    1.0736    0.0213    3.0000
    0.9200    1.0556    0.0202    3.0000
    0.9250    1.0498    0.0195    3.0000
    0.9300    1.0448    0.0192    3.0000
    0.9350    1.0551    0.0195    3.0000
    0.9400    1.0396    0.0219    3.0000
    0.9450    1.0281    0.0201    3.0000
    0.9500    1.0169    0.0198    3.0000
    0.9550    1.0229    0.0194    3.0000
    0.9600    1.0221    0.0212    3.0000
    0.9650   -1.0000   -1.0000    0.0000
    0.9700    1.0101    0.0193    3.0000
    0.9750    1.0088    0.0185    3.0000
    0.9800    0.9851    0.0174    3.0000
    0.9850    0.9787    0.0177    3.0000
    0.9900    0.9738    0.0166    3.0000
    0.9950    0.9959    0.0191    3.0000
    1.0000    1.0187    0.0185    3.0000
    1.0050    1.0148    0.0195    3.0000
    1.0100    0.9779    0.0178    3.0000
    1.0150    1.0039    0.0174    3.0000
    1.0200    0.9939    0.0165    3.0000
    1.0250    0.9871    0.0166    3.0000
    1.0300    1.0005    0.0167    3.0000
    1.0350    1.0009    0.0162    3.0000
    1.0400    1.0050    0.0165    3.0000
    1.0450    1.0085    0.0184    3.0000
    1.0500    1.0236    0.0205    3.0000
    1.0550    1.0054    0.0149    3.0000
    1.0600    1.0172    0.0159    3.0000
    1.0650    0.9968    0.0152    3.0000
    1.0700    0.9971    0.0159    3.0000
    1.0750    0.9935    0.0152    3.0000
    1.0800    0.9727    0.0160    2.0000
    1.0850    0.9905    0.0152    3.0000
    1.0900    1.0191    0.0163    3.0000
    1.0950    1.0381    0.0153    3.0000
    1.1000    0.9958    0.0159    3.0000
    1.1050    0.9753    0.0160    1.0000
    1.1100    0.9991    0.0160    3.0000
    1.1150    1.0153    0.0158    3.0000
    1.1200    1.0374    0.0158    3.0000
    1.1250    1.0303    0.0156    3.0000
    1.1300    1.0332    0.0161    3.0000
    1.1350    1.0546    0.0160    3.0000
    1.1400    1.0487    0.0160    3.0000
    1.1450    1.0484    0.0160    3.0000
    1.1500    1.0653    0.0162    3.0000
    1.1550    1.0553    0.0160    3.0000
    1.1600    1.0661    0.0173    3.0000
    1.1650    1.0925    0.0175    3.0000
    1.1700    1.0894    0.0155    3.0000
    1.1750    1.1006    0.0152    3.0000
    1.1800    1.0819    0.0144    3.0000
    1.1850    1.0897    0.0144    3.0000
    1.1900    1.0996    0.0145    3.0000
    1.1950    1.1005    0.0146    3.0000
    1.2000    1.1031    0.0157    3.0000
    1.2050    1.1085    0.0150    3.0000
    1.2100    1.1286    0.0156    3.0000
    1.2150    1.1175    0.0150    3.0000
    1.2200    1.0900    0.0146    3.0000
    1.2250    1.0824    0.0140    3.0000
    1.2300    1.0637    0.0149    2.0000
    1.2350    1.0915    0.0151    3.0000
    1.2400    1.1113    0.0155    3.0000
    1.2450    1.1030    0.0137    3.0000
    1.2500    1.1153    0.0143    3.0000
    1.2550    1.1303    0.0151    3.0000
    1.2600    1.1304    0.0149    3.0000
    1.2650    1.1080    0.0156    3.0000
    1.2700    1.1055    0.0153    3.0000
    1.2750    1.0973    0.0150    3.0000
    1.2800    1.1319    0.0165    3.0000
    1.2850    1.1419    0.0159    3.0000
    1.2900    1.1599    0.0161    3.0000
    1.2950    1.1488    0.0145    3.0000
    1.3000    1.1532    0.0143    3.0000
    1.3050    1.1548    0.0142    3.0000
    1.3100    1.1167    0.0146    3.0000
    1.3150    1.1119    0.0156    3.0000
    1.3200    1.1288    0.0152    3.0000
    1.3250    1.1569    0.0151    3.0000
    1.3300    1.1816    0.0164    3.0000
    1.3350    1.1674    0.0166    3.0000
    1.3400    1.1740    0.0177    3.0000
    1.3450    1.2005    0.0199    3.0000
    1.3500    1.2109    0.0237    3.0000
    1.3550    1.1825    0.0237    3.0000
    1.3600    1.1746    0.0270    3.0000
    1.3650    1.1719    0.0250    1.0000
    1.3700    1.2127    0.0260    3.0000
    1.3750    1.2548    0.0258    1.0000
    1.3800    1.2044    0.0255    3.0000
    1.3850    1.1828    0.0258    3.0000
    1.3900    1.2349    0.0275    3.0000
    1.3950    1.2526    0.0237    3.0000
    1.4000    1.2363    0.0231    3.0000
    1.4050    1.2019    0.0207    3.0000
    1.4100    1.2565    0.0215    3.0000
    1.4150   -1.0000   -1.0000    0.0000
    1.4200    1.2623    0.0212    3.0000
    1.4250    1.2767    0.0206    3.0000
    1.4300    1.2655    0.0198    3.0000
    1.4350    1.2435    0.0189    3.0000
    1.4400    1.2390    0.0196    2.0000
    1.4450    1.2966    0.0194    3.0000
    1.4500    1.2936    0.0196    3.0000
    1.4550    1.2660    0.0199    3.0000
    1.4600    1.2930    0.0188    3.0000
    1.4650    1.3176    0.0208    3.0000
    1.4700    1.3380    0.0209    3.0000
    1.4750    1.3302    0.0184    3.0000
    1.4800    1.3107    0.0193    3.0000
    1.4850    1.3021    0.0199    3.0000
    1.4900    1.3065    0.0177    3.0000
    1.4950    1.3253    0.0179    3.0000
    1.5000    1.3536    0.0182    3.0000
    1.5050    1.3445    0.0183    3.0000
    1.5100    1.3171    0.0173    3.0000
    1.5150    1.3912    0.0188    1.0000
    1.5200    1.3643    0.0188    3.0000
    1.5250    1.3546    0.0206    3.0000
    1.5300    1.3505    0.0182    3.0000
    1.5350    1.3385    0.0200    3.0000
    1.5400    1.3172    0.0198    3.0000
    1.5450    1.3469    0.0193    3.0000
    1.5500    1.3438    0.0194    3.0000
    1.5550    1.3559    0.0190    3.0000
    1.5600    1.3163    0.0175    3.0000
    1.5650    1.3285    0.0186    3.0000
    1.5700    1.3576    0.0200    3.0000
    1.5750    1.3076    0.0200    3.0000
    1.5800    1.3309    0.0195    3.0000
    1.5850    1.3227    0.0197    3.0000
    1.5900    1.3160    0.0189    3.0000
    1.5950    1.3318    0.0190    3.0000
    1.6000    1.3275    0.0209    3.0000
    1.6050    1.3389    0.0195    3.0000
    1.6100    1.3128    0.0192    3.0000
    1.6150   -1.0000   -1.0000    0.0000
    1.6200   -1.0000   -1.0000    0.0000
    1.6250    1.3320    0.0196    3.0000
    1.6300    1.3607    0.0189    3.0000
    1.6350   -1.0000   -1.0000    0.0000
    1.6400    1.3954    0.0201    3.0000
    1.6450    1.3429    0.0210    3.0000
    1.6500    1.3407    0.0193    3.0000
    1.6550    1.3574    0.0204    3.0000
    1.6600    1.3506    0.0211    3.0000
    1.6650    1.3432    0.0192    3.0000
    1.6700    1.3528    0.0209    3.0000
    1.6750    1.3478    0.0215    3.0000
    1.6800    1.3618    0.0200    3.0000
    1.6850    1.3468    0.0200    3.0000
    1.6900    1.3310    0.0198    3.0000
    1.6950    1.3362    0.0218    3.0000
    1.7000    1.3685    0.0212    3.0000
    1.7050    1.3772    0.0209    3.0000
    1.7100    1.3432    0.0201    3.0000
    1.7150    1.3101    0.0204    3.0000
    1.7200    1.3393    0.0207    3.0000
    1.7250    1.3784    0.0212    3.0000
    1.7300    1.3463    0.0211    3.0000
    1.7350    1.3324    0.0213    3.0000
    1.7400    1.3472    0.0228    3.0000
    1.7450    1.3574    0.0253    3.0000
    1.7500    1.3382    0.0221    3.0000
    1.7550    1.3611    0.0219    3.0000
    1.7600    1.3528    0.0227    3.0000
    1.7650    1.3206    0.0212    3.0000
    1.7700    1.2920    0.0226    3.0000
    1.7750    1.2753    0.0258    3.0000
    1.7800    1.2511    0.0225    3.0000
    1.7850    1.3013    0.0242    3.0000
    1.7900    1.3219    0.0275    3.0000
    1.7950    1.3562    0.0283    3.0000
    1.8000    1.2797    0.0280    3.0000
    1.8050    1.3366    0.0258    3.0000
    1.8100    1.3205    0.0267    3.0000
    1.8150    1.2929    0.0291    3.0000
    1.8200    1.3055    0.0281    3.0000
    1.8250    1.3621    0.0334    3.0000
    1.8300    1.3236    0.0368    3.0000
    1.8350    1.2489    0.0378    3.0000
    1.8400    1.3237    0.0394    3.0000
    1.8450    1.3305    0.0396    3.0000
    1.8500    1.2857    0.0409    3.0000
    1.8550    1.2539    0.0392    3.0000
    1.8600    1.2619    0.0381    3.0000
    1.8650   -1.0000   -1.0000    0.0000
    1.8700    1.3532    0.0432    1.0000
    1.8750    1.2457    0.0414    3.0000
    1.8800    1.2690    0.0432    2.0000
    1.8850    1.2738    0.0366    3.0000
    1.8900    1.2915    0.0361    3.0000
    1.8950    1.3250    0.0369    3.0000
    1.9000    1.3539    0.0354    3.0000
    1.9050   -1.0000   -1.0000    0.0000
    1.9100   -1.0000   -1.0000    0.0000
    1.9150    1.3368    0.0400    3.0000
    1.9200    1.2386    0.0337    3.0000
    1.9250    1.2379    0.0327    3.0000
    1.9300    1.2449    0.0328    3.0000
    1.9350    1.2741    0.0309    3.0000
    1.9400    1.2593    0.0294    3.0000
    1.9450    1.2618    0.0348    3.0000
    1.9500    1.2950    0.0307    3.0000
    1.9550    1.2542    0.0309    3.0000
    1.9600    1.1920    0.0296    3.0000
    1.9650    1.2362    0.0309    3.0000
    1.9700    1.3402    0.0334    2.0000
    1.9750    1.2797    0.0279    3.0000
    1.9800    1.2174    0.0261    2.0000
    1.9850    1.2902    0.0262    3.0000
    1.9900    1.2845    0.0272    3.0000
    1.9950    1.2856    0.0296    3.0000
    2.0000   -1.0000   -1.0000    0.0000
    2.0050    1.2299    0.0370    2.0000
    2.0100    1.2158    0.0368    1.0000
    2.0150    1.3223    0.0418    3.0000
    2.0200    1.2504    0.0348    3.0000
    2.0250    1.2523    0.0332    3.0000
    2.0300    1.2871    0.0318    3.0000
    2.0350    1.2114    0.0289    3.0000
    2.0400    1.2829    0.0281    3.0000
    2.0450    1.3026    0.0294    3.0000
    2.0500    1.2749    0.0306    3.0000
    2.0550    1.3259    0.0317    3.0000
    2.0600   -1.0000   -1.0000    0.0000
    2.0650   -1.0000   -1.0000    0.0000
    2.0700    1.3259    0.0315    3.0000
    2.0750    1.2733    0.0289    3.0000
    2.0800    1.3014    0.0294    3.0000
    2.0850    1.3219    0.0308    3.0000
    2.0900   -1.0000   -1.0000    0.0000
    2.0950    1.3250    0.0311    3.0000
    2.1000    1.2813    0.0287    3.0000
    2.1050    1.2459    0.0286    3.0000
    2.1100    1.3042    0.0308    3.0000
    2.1150    1.3024    0.0334    3.0000
    2.1200    1.2170    0.0308    3.0000
    2.1250    1.2855    0.0320    3.0000
    2.1300    1.2835    0.0312    3.0000
    2.1350    1.3193    0.0329    3.0000
    2.1400    1.3125    0.0305    3.0000
    2.1450    1.2671    0.0292    3.0000
    2.1500    1.2263    0.0286    3.0000
    2.1550    1.2934    0.0318    3.0000
    2.1600    1.2863    0.0297    3.0000
    2.1650    1.2717    0.0298    3.0000
    2.1700    1.2247    0.0298    3.0000
    2.1750    1.2522    0.0307    3.0000
    2.1800    1.2589    0.0324    3.0000
    2.1850    1.2232    0.0324    3.0000
    2.1900   -1.0000   -1.0000    0.0000
    2.1950    1.2665    0.0311    3.0000
    2.2000    1.2501    0.0356    3.0000
    2.2050    1.2958    0.0332    3.0000
    2.2100    1.2238    0.0328    3.0000
    2.2150    1.3491    0.0338    3.0000
    2.2200    1.3040    0.0331    3.0000
    2.2250    1.2919    0.0323    3.0000
    2.2300    1.3148    0.0333    3.0000
    2.2350    1.2800    0.0360    3.0000
    2.2400    1.2648    0.0337    3.0000
    2.2450    1.3156    0.0321    3.0000
    2.2500    1.2927    0.0339    3.0000
    2.2550    1.2567    0.0358    3.0000
    2.2600    1.3253    0.0355    3.0000
    2.2650    1.2883    0.0345    3.0000
    2.2700    1.3684    0.0365    3.0000
    2.2750    1.3600    0.0393    3.0000
    2.2800    1.2837    0.0372    3.0000
    2.2850    1.2778    0.0360    3.0000
    2.2900    1.2919    0.0380    3.0000
    2.2950    1.2756    0.0360    3.0000
    2.3000   -1.0000   -1.0000    0.0000
    2.3050    1.2822    0.0375    3.0000
    2.3100    1.2963    0.0381    3.0000
    2.3150    1.3150    0.0372    3.0000
    2.3200    1.3733    0.0379    3.0000
    2.3250    1.2998    0.0371    3.0000
    2.3300    1.3431    0.0420    3.0000
    2.3350    1.3477    0.0389    1.0000
    2.3400    1.3022    0.0378    2.0000
    2.3450   -1.0000   -1.0000    0.0000
    2.3500    1.2761    0.0392    3.0000
    2.3550    1.3104    0.0398    3.0000
    2.3600    1.3356    0.0424    3.0000
    2.3650    1.4178    0.0452    3.0000
    2.3700    1.3734    0.0454    1.0000
    2.3750    1.3135    0.0429    3.0000
    2.3800    1.3954    0.0465    3.0000
    2.3850   -1.0000   -1.0000    0.0000
    2.3900    1.3761    0.0433    3.0000
    2.3950    1.2942    0.0445    2.0000
    2.4000   -1.0000   -1.0000    0.0000
    2.4050    1.3166    0.0421    3.0000
    2.4100    1.3682    0.0442    3.0000
    2.4150    1.3256    0.0434    3.0000
    2.4200    1.3368    0.0442    3.0000
    2.4250   -1.0000   -1.0000    0.0000
    2.4300    1.3457    0.0460    3.0000
    2.4350    1.3946    0.0442    3.0000
    2.4400    1.3733    0.0448    3.0000
    2.4450    1.3677    0.0485    3.0000
    2.4500    1.4000    0.1000    1.0000
    2.4550   -1.0000   -1.0000    0.0000
    2.4600   -1.0000   -1.0000    0.0000
    2.4650   -1.0000   -1.0000    0.0000
    2.4700   -1.0000   -1.0000    0.0000
    2.4750   -1.0000   -1.0000    0.0000
    2.4800   -1.0000   -1.0000    0.0000
    2.4850   -1.0000   -1.0000    0.0000
    2.4900   -1.0000   -1.0000    0.0000
