0.8200 0.83210 0.00711
0.8250 0.82291 0.00719
0.8300 0.83477 0.00700
0.8350 0.83262 0.00589
0.8400 0.83094 0.00630
0.8450 0.83294 0.00664
0.8500 0.83084 0.00641
0.8550 0.83699 0.00668
0.8600 0.84095 0.00631
0.8650 0.84200 0.00678
0.8700 0.84732 0.00641
0.8750 0.83633 0.00630
0.8800 0.83751 0.00643
0.8850 0.83965 0.00603
0.8900 0.83552 0.00639
0.8950 0.82561 0.00523
0.9000 0.84705 0.00642
0.9050 0.85077 0.00624
0.9100 0.85324 0.00586
0.9150 0.85604 0.00619
0.9200 0.86028 0.00629
0.9250 0.86015 0.00680
0.9300 0.86157 0.00609
0.9350 0.86685 0.00642
0.9400 0.86818 0.00659
0.9450 0.87285 0.00672
0.9500 0.88142 0.00699
0.9550 0.87633 0.00660
0.9600 0.87732 0.00581
0.9650 0.88357 0.00615
0.9700 0.88789 0.00576
0.9750 0.88888 0.00570
0.9800 0.89473 0.00571
0.9850 0.89233 0.00558
0.9900 0.90034 0.00557
0.9950 0.90526 0.00551
1.0000 0.90347 0.00551
1.0050 0.90065 0.00545
1.0100 0.91688 0.00506
1.0150 0.91791 0.00502
1.0200 0.91205 0.00533
1.0250 0.92202 0.00510
1.0300 0.92637 0.00511
1.0350 0.92854 0.00536
1.0400 0.93329 0.00548
1.0450 0.93291 0.00521
1.0500 0.93161 0.00497
1.0550 0.94097 0.00497
1.0600 0.93995 0.00536
1.0650 0.94574 0.00504
1.0700 0.94342 0.00515
1.0750 0.94345 0.00509
1.0800 0.94578 0.00557
1.0850 0.94959 0.00521
1.0900 0.94184 0.00536
1.0950 0.95151 0.00572
1.1000 0.95007 0.00480
1.1050 0.96431 0.00512
1.1100 0.96744 0.00524
1.1150 0.96374 0.00512
1.1200 0.96171 0.00531
1.1250 0.97403 0.00610
1.1300 0.96893 0.00599
1.1350 0.97874 0.00601
1.1400 0.97627 0.00616
1.1450 0.97677 0.00637
1.1500 0.98147 0.00613
1.1550 0.97888 0.00590
1.1600 0.97837 0.00572
1.1650 0.98173 0.00511
1.1700 0.99056 0.00499
1.1750 0.98541 0.00468
1.1800 0.98837 0.00490
1.1850 0.99027 0.00490
1.1900 0.99749 0.00516
1.1950 0.99715 0.00571
1.2000 0.99182 0.00520
1.2050 0.99635 0.00505
1.2100 1.00012 0.00510
1.2150 0.99920 0.00505
1.2200 1.00671 0.00496
1.2250 1.00693 0.00470
1.2300 1.01027 0.00481
1.2350 1.00487 0.00495
1.2400 0.99624 0.00500
1.2450 1.00292 0.00489
1.2500 1.00734 0.00517
1.2550 1.03557 0.00700
1.2600 1.03078 0.00563
1.2650 1.01816 0.00527
1.2700 1.00699 0.00524
1.2750 1.02059 0.00553
1.2800 1.02617 0.00543
1.2850 1.01679 0.00522
1.2900 1.03000 0.00502
1.2950 1.03536 0.00528
1.3000 1.03607 0.00512
1.3050 1.03276 0.00484
1.3100 1.03934 0.00522
1.3150 1.03747 0.00544
1.3200 1.03948 0.00538
1.3250 1.05825 0.00508
1.3300 1.04904 0.00562
1.3350 1.05660 0.00570
1.3400 1.05038 0.00616
1.3450 1.06139 0.00613
1.3500 1.05992 0.00598
1.3550 1.05994 0.00672
1.3600 1.06333 0.01237
1.3650 1.08399 0.00822
1.3700 1.05088 0.02001
1.3750 1.07446 0.00892
1.3800 1.06040 0.02036
1.3850 1.06899 0.01825
1.3900 1.07910 0.01575
1.3950 1.07970 0.01751
1.4000 1.08028 0.01452
1.4050 1.07729 0.01138
1.4100 1.07248 0.01029
1.4150 1.08004 0.00963
1.4200 1.07624 0.01037
1.4250 1.08339 0.00893
1.4300 1.08693 0.00850
1.4350 1.07523 0.00812
1.4400 1.08096 0.00844
1.4450 1.08681 0.00766
1.4500 1.08390 0.00716
1.4550 1.08202 0.00740
1.4600 1.09198 0.00660
1.4650 1.08723 0.00664
1.4700 1.08924 0.00669
1.4750 1.08825 0.00679
1.4800 1.09620 0.00736
1.4850 1.08969 0.00720
1.4900 1.10012 0.00657
1.4950 1.09439 0.00658
1.5000 1.08557 0.00607
1.5050 1.08483 0.00612
1.5100 1.09445 0.00690
1.5150 1.10101 0.00620
1.5200 1.08741 0.00621
1.5250 1.08858 0.00649
1.5300 1.09507 0.00594
1.5350 1.09676 0.00595
1.5400 1.11195 0.00633
1.5450 1.10589 0.00597
1.5500 1.10641 0.00644
1.5550 1.10985 0.00621
1.5600 1.11740 0.00620
1.5650 1.11494 0.00677
1.5700 1.11351 0.00675
1.5750 1.09822 0.00652
1.5800 1.11429 0.00675
1.5850 1.10631 0.00697
1.5900 1.09847 0.00684
1.5950 1.10510 0.00654
1.6000 1.11652 0.00702
1.6050 1.11324 0.00691
1.6100 1.11033 0.00666
1.6150 1.11069 0.00692
1.6200 1.11876 0.00716
1.6250 1.12258 0.00717
1.6300 1.10943 0.00733
1.6350 1.10329 0.00665
1.6400 1.11816 0.00711
1.6450 1.12711 0.00719
1.6500 1.12305 0.00761
1.6550 1.12766 0.00727
1.6600 1.12952 0.00723
1.6650 1.13521 0.00751
1.6700 1.12602 0.00719
1.6750 1.11324 0.00699
1.6800 1.11648 0.00700
1.6850 1.12780 0.00728
1.6900 1.13345 0.00723
1.6950 1.12706 0.00753
1.7000 1.12783 0.00707
1.7050 1.12996 0.00720
1.7100 1.13466 0.00788
1.7150 1.11574 0.00756
1.7200 1.13157 0.00733
1.7250 1.14678 0.00809
1.7300 1.14220 0.00740
1.7350 1.13305 0.00778
1.7400 1.14396 0.00825
1.7450 1.12972 0.00866
1.7500 1.13878 0.00856
1.7550 1.13336 0.00788
1.7600 1.13580 0.00812
1.7650 1.15079 0.00840
1.7700 1.15277 0.00833
1.7750 1.13354 0.00840
1.7800 1.15227 0.00893
1.7850 1.15205 0.00910
1.7900 1.14378 0.00939
1.7950 1.14792 0.00999
1.8000 1.13625 0.01068
1.8050 1.12435 0.01206
1.8100 1.14963 0.01379
1.8150 1.16517 0.01878
1.8200 1.15550 0.01796
1.8250 1.14474 0.02268
1.8300 1.16052 0.02362
1.8350 1.13501 0.03207
1.8400 1.12633 0.01428
1.8450 1.13046 0.01518
1.8500 1.17745 0.07513
1.8550 1.17110 0.05459
1.8600 1.15391 0.01346
1.8650 1.14922 0.04104
1.8700 1.14937 0.04787
1.8750 1.16091 0.05712
1.8800 1.15528 0.01528
1.8850 1.16844 0.04667
1.8900 1.17877 0.03173
1.8950 1.21523 0.04498
1.9000 1.17319 0.03364
1.9100 1.14832 0.02895
1.9150 1.15603 0.03671
1.9200 1.16586 0.02799
1.9250 1.16628 0.02908
1.9300 1.17192 0.02172
1.9350 1.16101 0.01815
1.9400 1.17573 0.01924
1.9450 1.17355 0.01550
1.9500 1.17578 0.01801
1.9550 1.15434 0.01660
1.9600 1.16423 0.01656
1.9650 1.18620 0.01548
1.9700 1.18554 0.01342
1.9750 1.20065 0.01271
1.9800 1.19744 0.01177
1.9850 1.19204 0.01166
1.9900 1.18594 0.01269
1.9950 1.18390 0.01243
2.0000 1.16457 0.01392
2.0050 1.18884 0.02096
2.0100 1.17880 0.02043
2.0150 1.18082 0.01715
2.0200 1.18923 0.01534
2.0250 1.19250 0.01381
2.0300 1.18070 0.01214
2.0350 1.19977 0.01214
2.0400 1.19278 0.01241
2.0450 1.21063 0.01322
2.0500 1.19782 0.01311
2.0550 1.18531 0.01335
2.0600 1.20252 0.01438
2.0650 1.19017 0.01413
2.0700 1.20360 0.01403
2.0750 1.19749 0.01317
2.0800 1.21447 0.01305
2.0850 1.21878 0.01280
2.0900 1.20954 0.01247
2.0950 1.20750 0.01273
2.1000 1.22692 0.01340
2.1050 1.21376 0.01263
2.1100 1.21228 0.01304
2.1150 1.21668 0.01322
2.1200 1.20868 0.01334
2.1250 1.20861 0.01330
2.1300 1.22442 0.01434
2.1350 1.22963 0.01354
2.1400 1.22382 0.01383
2.1450 1.21892 0.01367
2.1500 1.22747 0.01383
2.1550 1.23002 0.01407
2.1600 1.23332 0.01436
2.1650 1.23356 0.01425
2.1700 1.23126 0.01448
2.1750 1.22600 0.01308
2.1800 1.22430 0.01457
2.1850 1.22688 0.01521
2.1900 1.22371 0.01465
2.1950 1.24148 0.01549
2.2000 1.22740 0.01525
2.2050 1.22728 0.01515
2.2100 1.24065 0.01581
2.2150 1.24344 0.01369
2.2200 1.24838 0.01559
2.2250 1.22661 0.01535
2.2300 1.24638 0.01657
2.2350 1.24919 0.01588
2.2400 1.24417 0.01393
2.2450 1.24747 0.01671
2.2500 1.24203 0.01651
2.2550 1.24983 0.01675
2.2600 1.25072 0.01711
2.2650 1.24378 0.01738
2.2700 1.24059 0.01749
2.2750 1.24202 0.01479
2.2800 1.24907 0.01691
2.2850 1.24619 0.01754
2.2900 1.24159 0.01755
2.2950 1.24979 0.01900
2.3000 1.24830 0.01823
2.3050 1.24945 0.01818
2.3100 1.26688 0.01898
2.3150 1.24792 0.01863
2.3200 1.24028 0.01858
2.3250 1.24806 0.01911
2.3300 1.24883 0.01920
2.3350 1.25999 0.01942
2.3400 1.25774 0.01992
2.3450 1.25545 0.02008
2.3500 1.24962 0.01756
2.3550 1.24793 0.02035
2.3600 1.24666 0.02101
2.3650 1.24821 0.02182
2.3700 1.25401 0.02145
2.3750 1.24796 0.02184
2.3800 1.25654 0.01977
2.3850 1.25172 0.01932
2.3900 1.25357 0.02377
2.3950 1.26812 0.02330
2.4000 1.26843 0.02248
2.4050 1.25689 0.02278
2.4100 1.25731 0.02004
2.4150 1.28117 0.02097
2.4250 1.26018 0.02621
2.4300 1.26804 0.02494
2.4350 1.26663 0.02570
2.4400 1.26623 0.02652
2.4450 1.27659 0.02760
2.4500 1.25056 0.03813
2.4550 1.31606 0.03023
2.4600 1.25985 0.02331
2.4650 1.27470 0.02686
2.4700 1.28784 0.02783
2.4800 1.26782 0.03158
2.4900 1.30335 0.05468
