     0.6500    -1.0000    -1.0000         0
     0.6550    -1.0000    -1.0000         0
     0.6600    -1.0000    -1.0000         0
     0.6650    -1.0000    -1.0000         0
     0.6700    -1.0000    -1.0000         0
     0.6750    -1.0000    -1.0000         0
     0.6800    -1.0000    -1.0000         0
     0.6850    -1.0000    -1.0000         0
     0.6900    -1.0000    -1.0000         0
     0.6950    -1.0000    -1.0000         0
     0.7000    -1.0000    -1.0000         0
     0.7050    -1.0000    -1.0000         0
     0.7100    -1.0000    -1.0000         0
     0.7150    -1.0000    -1.0000         0
     0.7200    -1.0000    -1.0000         0
     0.7250    -1.0000    -1.0000         0
     0.7300    -1.0000    -1.0000         0
     0.7350    -1.0000    -1.0000         0
     0.7400    -1.0000    -1.0000         0
     0.7450    -1.0000    -1.0000         0
     0.7500    -1.0000    -1.0000         0
     0.7550    -1.0000    -1.0000         0
     0.7600    -1.0000    -1.0000         0
     0.7650    -1.0000    -1.0000         0
     0.7700     0.7241     0.0562         3
     0.7750     0.7289     0.0434         3
     0.7800     0.7530     0.0349         3
     0.7850     0.7369     0.0273         3
     0.7900     0.7263     0.0234         3
     0.7950     0.7226     0.0209         3
     0.8000     0.7205     0.0195         3
     0.8050     0.7161     0.0188         3
     0.8100     0.7044     0.0187         3
     0.8150     0.6787     0.0159         3
     0.8200     0.6735     0.0145         2
     0.8250     0.6600     0.0141         3
     0.8300     0.6567     0.0137         3
     0.8350     0.6387     0.0132         3
     0.8400     0.6331     0.0134         3
     0.8450     0.6156     0.0128         3
     0.8500     0.6007     0.0126         3
     0.8550     0.5998     0.0127         3
     0.8600     0.5882     0.0128         3
     0.8650     0.5762     0.0133         3
     0.8700     0.5609     0.0138         3
     0.8750     0.5656     0.0133         3
     0.8800     0.5547     0.0128         3
     0.8850     0.5543     0.0124         3
     0.8900     0.5391     0.0114         3
     0.8950     0.5373     0.0117         3
     0.9000     0.5338     0.0111         3
     0.9050     0.5330     0.0105         3
     0.9100     0.5275     0.0107         3
     0.9150     0.5308     0.0106         3
     0.9200     0.5234     0.0107         3
     0.9250     0.5203     0.0107         3
     0.9300     0.5197     0.0107         3
     0.9350     0.5139     0.0107         3
     0.9400     0.5127     0.0110         3
     0.9450     0.5204     0.0112         3
     0.9500     0.5216     0.0107         3
     0.9550     0.5177     0.0108         3
     0.9600     0.5279     0.0104         3
     0.9650     0.5298     0.0101         3
     0.9700     0.5237     0.0117         3
     0.9750     0.5444     0.0100         3
     0.9800     0.5465     0.0099         3
     0.9850     0.5498     0.0103         3
     0.9900     0.5719     0.0105         3
     0.9950     0.5889     0.0103         3
     1.0000     0.5966     0.0100         3
     1.0050     0.6095     0.0105         3
     1.0100     0.6171     0.0112         3
     1.0150     0.6156     0.0102         3
     1.0200     0.6360     0.0114         3
     1.0250     0.6438     0.0103         3
     1.0300     0.6618     0.0102         3
     1.0350     0.6773     0.0102         3
     1.0400     0.6979     0.0118         3
     1.0450     0.7072     0.0109         3
     1.0500     0.7182     0.0105         3
     1.0550     0.7332     0.0108         3
     1.0600     0.7497     0.0108         3
     1.0650     0.7669     0.0117         3
     1.0700     0.7825     0.0116         3
     1.0750     0.8020     0.0118         3
     1.0800     0.8085     0.0115         3
     1.0850     0.8193     0.0119         3
     1.0900     0.8301     0.0119         3
     1.0950     0.8350     0.0123         3
     1.1000     0.8474     0.0128         3
     1.1050     0.8557     0.0128         3
     1.1100     0.8740     0.0124         3
     1.1150     0.8844     0.0135         3
     1.1200     0.8730     0.0142         3
     1.1250     0.8913     0.0155         3
     1.1300     0.9180     0.0160         3
     1.1350     0.9262     0.0160         3
     1.1400     0.9579     0.0176         2
     1.1450     0.9351     0.0161         3
     1.1500     0.9285     0.0163         3
     1.1550     0.9555     0.0170         3
     1.1600     0.9485     0.0186         3
     1.1650     0.9529     0.0173         3
     1.1700     0.9571     0.0166         3
     1.1750     0.9581     0.0164         2
     1.1800     0.9662     0.0153         3
     1.1850     0.9702     0.0158         3
     1.1900     0.9574     0.0151         2
     1.1950     0.9885     0.0150         3
     1.2000     1.0105     0.0162         3
     1.2050     0.9746     0.0165         2
     1.2100     1.0058     0.0150         3
     1.2150     1.0024     0.0147         3
     1.2200     1.0060     0.0155         3
     1.2250     1.0042     0.0159         3
     1.2300     1.0141     0.0159         3
     1.2350     1.0222     0.0158         3
     1.2400     1.0262     0.0151         3
     1.2450     1.0260     0.0147         3
     1.2500     1.0221     0.0154         3
     1.2550     1.0284     0.0153         3
     1.2600     1.0354     0.0155         3
     1.2650    -1.0000    -1.0000         0
     1.2700     1.0436     0.0161         2
     1.2750     1.0583     0.0162         3
     1.2800     1.0610     0.0163         3
     1.2850     1.0554     0.0169         3
     1.2900     1.0516     0.0167         3
     1.2950     1.0633     0.0167         3
     1.3000     1.0761     0.0156         3
     1.3050     1.0819     0.0158         3
     1.3100     1.0860     0.0167         3
     1.3150     1.0805     0.0161         3
     1.3200     1.0820     0.0167         3
     1.3250     1.0887     0.0168         3
     1.3300     1.0994     0.0172         3
     1.3350     1.1014     0.0178         3
     1.3400     1.1148     0.0213         3
     1.3450    -1.0000    -1.0000         0
     1.3500    -1.0000    -1.0000         0
     1.3550    -1.0000    -1.0000         0
     1.3600     1.0687     0.0687         1
     1.3650     1.1294     0.0522         2
     1.3700    -1.0000    -1.0000         0
     1.3750     1.0847     0.0437         1
     1.3800     1.0829     0.0440         3
     1.3850     1.0854     0.0438         3
     1.3900     1.1098     0.0404         3
     1.3950    -1.0000    -1.0000         0
     1.4000     1.0579     0.0327         1
     1.4050     1.0931     0.0376         3
     1.4100     1.1056     0.0356         2
     1.4150     1.1104     0.0304         2
     1.4200     1.0478     0.0258         1
     1.4250     1.0506     0.0234         1
     1.4300     1.0481     0.0224         1
     1.4350     1.0746     0.0223         3
     1.4400     1.0425     0.0218         1
     1.4450     1.0539     0.0211         1
     1.4500     1.0854     0.0206         3
     1.4550     1.1005     0.0207         3
     1.4600     1.0868     0.0200         3
     1.4650     1.0628     0.0195         3
     1.4700     1.0850     0.0200         3
     1.4750     1.0761     0.0199         3
     1.4800     1.0562     0.0205         2
     1.4850     1.0799     0.0203         3
     1.4900     1.0781     0.0200         3
     1.4950     1.0811     0.0188         3
     1.5000     1.0833     0.0193         3
     1.5050     1.0493     0.0187         3
     1.5100     1.0697     0.0182         3
     1.5150     1.0827     0.0179         3
     1.5200     1.0607     0.0180         3
     1.5250     1.0551     0.0180         3
     1.5300     1.0512     0.0188         3
     1.5350     1.0293     0.0186         3
     1.5400     1.0278     0.0180         3
     1.5450     1.0348     0.0181         3
     1.5500     1.0542     0.0182         3
     1.5550     1.0444     0.0201         3
     1.5600     1.0358     0.0193         3
     1.5650     1.0321     0.0201         3
     1.5700     1.0197     0.0197         3
     1.5750     1.0280     0.0181         3
     1.5800     1.0142     0.0173         3
     1.5850     1.0014     0.0182         3
     1.5900     0.9939     0.0188         3
     1.5950     0.9859     0.0184         3
     1.6000     0.9977     0.0196         3
     1.6050     0.9894     0.0187         3
     1.6100     0.9822     0.0188         3
     1.6150     0.9793     0.0185         3
     1.6200     0.9678     0.0184         3
     1.6250     0.9533     0.0169         3
     1.6300     0.9239     0.0179         3
     1.6350     0.9331     0.0174         3
     1.6400     0.9295     0.0167         3
     1.6450     0.9383     0.0172         3
     1.6500     0.9482     0.0172         3
     1.6550     0.9275     0.0179         3
     1.6600     0.9120     0.0184         3
     1.6650     0.8942     0.0181         3
     1.6700     0.8867     0.0187         3
     1.6750     0.9127     0.0190         3
     1.6800     0.9139     0.0190         3
     1.6850     0.8902     0.0188         3
     1.6900     0.8945     0.0177         3
     1.6950     0.8732     0.0186         3
     1.7000     0.8704     0.0184         3
     1.7050     0.8707     0.0190         3
     1.7100     0.8414     0.0198         3
     1.7150     0.8699     0.0184         3
     1.7200     0.8498     0.0186         3
     1.7250     0.8396     0.0204         3
     1.7300     0.8682     0.0199         3
     1.7350     0.8526     0.0191         3
     1.7400     0.8467     0.0197         3
     1.7450     0.8438     0.0182         3
     1.7500     0.8187     0.0184         3
     1.7550     0.8168     0.0178         3
     1.7600     0.8140     0.0196         3
     1.7650     0.7865     0.0194         3
     1.7700     0.8086     0.0184         3
     1.7750     0.8275     0.0210         3
     1.7800     0.8013     0.0204         3
     1.7850     0.7974     0.0200         3
     1.7900     0.7748     0.0218         3
     1.7950     0.7956     0.0210         3
     1.8000     0.8116     0.0228         3
     1.8050     0.7745     0.0229         3
     1.8100     0.7919     0.0263         3
     1.8150     0.8021     0.0272         3
     1.8200     0.7707     0.0323         3
     1.8250     0.7938     0.0334         3
     1.8300     0.7851     0.0390         2
     1.8350     0.7312     0.0500         3
     1.8400     0.7419     0.0605         3
     1.8450     0.7589     0.0667         3
     1.8500     0.7812     0.0762         2
     1.8550     0.7537     0.0628         3
     1.8600    -1.0000    -1.0000         0
     1.8650     0.7777     0.0632         3
     1.8700     0.7358     0.0689         3
     1.8750     0.7349     0.0732         3
     1.8800     0.7868     0.0899         2
     1.8850    -1.0000    -1.0000         0
     1.8900     0.7258     0.0426         3
     1.8950     0.7927     0.0482         2
     1.9000     0.7540     0.0499         3
     1.9050     0.7614     0.0568         3
     1.9100     0.7278     0.0602         1
     1.9150     0.7130     0.0614         3
     1.9200     0.7093     0.0548         2
     1.9250     0.7734     0.0693         2
     1.9300     0.7316     0.0426         3
     1.9350     0.7402     0.0405         2
     1.9400     0.7691     0.0366         2
     1.9450     0.7622     0.0370         3
     1.9500     0.7461     0.0351         3
     1.9550     0.7282     0.0323         3
     1.9600     0.7295     0.0356         3
     1.9650     0.7104     0.0384         3
     1.9700     0.7207     0.0305         3
     1.9750     0.7404     0.0300         3
     1.9800     0.7078     0.0276         3
     1.9850     0.6776     0.0251         3
     1.9900     0.6913     0.0241         3
     1.9950     0.7060     0.0256         3
     2.0000     0.7135     0.0295         3
     2.0050     0.7389     0.0371         2
     2.0100     0.7181     0.0422         1
     2.0150     0.7483     0.0408         3
     2.0200     0.7067     0.0400         3
     2.0250     0.7171     0.0387         2
     2.0300     0.7026     0.0308         3
     2.0350     0.7827     0.0295         2
     2.0400     0.7238     0.0298         3
     2.0450     0.7405     0.0272         3
     2.0500     0.7544     0.0278         3
     2.0550     0.7618     0.0299         3
     2.0600     0.7477     0.0280         3
     2.0650     0.7621     0.0312         3
     2.0700     0.7527     0.0284         3
     2.0750     0.7465     0.0277         3
     2.0800     0.7723     0.0268         3
     2.0850     0.7576     0.0258         3
     2.0900     0.7468     0.0259         3
     2.0950     0.7353     0.0263         3
     2.1000     0.7571     0.0265         3
     2.1050     0.7615     0.0274         3
     2.1100     0.7466     0.0267         3
     2.1150     0.7624     0.0261         3
     2.1200     0.7521     0.0270         3
     2.1250     0.7963     0.0273         3
     2.1300     0.8025     0.0262         3
     2.1350     0.7947     0.0270         3
     2.1400     0.7849     0.0261         3
     2.1450     0.7937     0.0273         3
     2.1500     0.7950     0.0272         3
     2.1550     0.7672     0.0324         3
     2.1600     0.7977     0.0302         3
     2.1650     0.8472     0.0309         3
     2.1700     0.8339     0.0296         3
     2.1750     0.8131     0.0298         3
     2.1800     0.8016     0.0320         3
     2.1850     0.8107     0.0318         3
     2.1900     0.8393     0.0333         3
     2.1950     0.8203     0.0343         3
     2.2000     0.8145     0.0327         3
     2.2050     0.8397     0.0337         3
     2.2100     0.8230     0.0345         2
     2.2150     0.7847     0.0328         2
     2.2200     0.8251     0.0340         3
     2.2250     0.8114     0.0323         3
     2.2300     0.8247     0.0331         3
     2.2350     0.8669     0.0372         3
     2.2400     0.8925     0.0357         3
     2.2450     0.9009     0.0351         3
     2.2500     0.8684     0.0398         3
     2.2550     0.8809     0.0363         3
     2.2600     0.9542     0.0422         1
     2.2650     0.9018     0.0398         3
     2.2700     0.8517     0.0394         3
     2.2750     0.8374     0.0372         3
     2.2800     0.8390     0.0382         3
     2.2850     0.8801     0.0392         3
     2.2900     0.9195     0.0416         3
     2.2950     0.9085     0.0395         3
     2.3000     0.8588     0.0385         3
     2.3050     0.8775     0.0395         3
     2.3100     0.8855     0.0400         3
     2.3150     0.9031     0.0432         3
     2.3200     0.9120     0.0404         3
     2.3250     0.8944     0.0418         3
     2.3300     0.9129     0.0414         3
     2.3350     0.9289     0.0473         3
     2.3400     0.8686     0.0464         3
     2.3450     0.9031     0.0470         3
     2.3500     0.9327     0.0455         3
     2.3550     0.9865     0.0473         2
     2.3600     0.9333     0.0460         3
     2.3650     0.9095     0.0491         3
     2.3700     0.8848     0.0505         3
     2.3750     0.9019     0.0449         3
     2.3800     0.9321     0.0487         3
     2.3850     0.9578     0.0505         3
     2.3900     1.0031     0.0494         2
     2.3950     1.0336     0.0487         2
     2.4000     0.9949     0.0488         3
     2.4050     0.9499     0.0536         1
     2.4100     0.9718     0.0508         3
     2.4150     0.9526     0.0484         2
     2.4200     1.0225     0.0549         3
     2.4250     1.0643     0.0526         3
     2.4300     1.0470     0.0551         3
     2.4350     1.1158     0.0618         3
     2.4400     1.1393     0.0618         3
     2.4450     1.1549     0.0645         3
     2.4500    -1.0000    -1.0000         0
     2.4550    -1.0000    -1.0000         0
     2.4600    -1.0000    -1.0000         0
     2.4650     1.1069     0.0613         1
     2.4700    -1.0000    -1.0000         0
     2.4750    -1.0000    -1.0000         0
     2.4800    -1.0000    -1.0000         0
     2.4850    -1.0000    -1.0000         0
     2.4900    -1.0000    -1.0000         0
