    0.4700    0.8513    0.0852         1
    0.4725    0.8686    0.0790         1
    0.4750    0.8644    0.0729         1
    0.4775    0.8238    0.0678         1
    0.4800    0.9102    0.0635         1
    0.4825    0.8111    0.0586         1
    0.4850    0.9335    0.0642         1
    0.4875    0.9216    0.0611         1
    0.4900    0.7990    0.0526         1
    0.4925    0.8271    0.0501         1
    0.4950    0.8404    0.0449         1
    0.4975    0.9653    0.0427         1
    0.5000    0.9385    0.0399         1
    0.5025    0.9042    0.0380         1
    0.5050    0.8988    0.0366         1
    0.5075    0.9359    0.0356         1
    0.5100    0.9580    0.0337         1
    0.5125    0.9971    0.0319         1
    0.5150    0.9492    0.0308         1
    0.5175    0.8954    0.0292         1
    0.5200    0.9099    0.0287         1
    0.5225    0.9524    0.0286         1
    0.5250    1.0057    0.0283         1
    0.5275    0.9690    0.0265         1
    0.5300    0.9180    0.0253         1
    0.5325    0.8931    0.0246         1
    0.5350    0.9703    0.0240         1
    0.5375    1.0005    0.0276         1
    0.5400    0.9853    0.0270         1
    0.5425    1.0121    0.0218         1
    0.5450    1.0485    0.0211         1
    0.5475    1.0192    0.0207         1
    0.5500    1.0025    0.0200         1
    0.5525    1.0033    0.0197         1
    0.5550    1.0563    0.0194         1
    0.5575    1.0282    0.0189         1
    0.5600    0.9856    0.0185         1
    0.5625    1.0298    0.0203         1
    0.5650    0.9902    0.0215         1
    0.5675    1.0131    0.0205         1
    0.5700    1.0511    0.0181         1
    0.5725    1.0511    0.0172         1
    0.5750    1.0511    0.0174         1
    0.5775    1.0447    0.0172         1
    0.5800    1.0916    0.0200         1
    0.5825    1.0506    0.0196         1
    0.5850    1.0344    0.0161         1
    0.5875    1.0676    0.0159         1
    0.5900    1.0823    0.0157         1
    0.5925    1.0439    0.0165         1
    0.5950    1.0958    0.0183         1
    0.5975    1.0614    0.0181         1
    0.6000    1.0409    0.0166         1
    0.6025    1.0898    0.0155         1
    0.6050    1.0954    0.0152         1
    0.6075    1.0893    0.0148         1
    0.6100    1.0701    0.0142         1
    0.6125    1.1224    0.0139         1
    0.6150    1.0779    0.0137         1
    0.6175    1.0991    0.0136         1
    0.6200    1.0960    0.0136         1
    0.6225    1.1256    0.0136         1
    0.6250    1.1345    0.0133         1
    0.6275    1.1216    0.0135         1
    0.6300    1.1169    0.0138         1
    0.6325    1.0689    0.0142         1
    0.6350    1.1217    0.0146         1
    0.6375    1.1262    0.0142         1
    0.6400    1.1249    0.0134         1
    0.6425    1.1292    0.0130         1
    0.6450    1.1477    0.0127         1
    0.6475    1.1426    0.0124         1
    0.6500    1.1101    0.0125         1
    0.6525    1.1694    0.0127         1
    0.6550    1.1165    0.0126         1
    0.6575    1.1785    0.0131         1
    0.6600    1.1973    0.0135         1
    0.6625    1.1372    0.0127         1
    0.6650    1.1365    0.0121         1
    0.6675    1.1665    0.0118         1
    0.6700    1.1579    0.0116         1
    0.6725    1.1529    0.0116         1
    0.6750    1.1435    0.0115         1
    0.6775    1.1698    0.0115         1
    0.6800    1.1932    0.0115         1
    0.6825    1.1831    0.0116         1
    0.6850    1.1724    0.0122         1
    0.6875    1.2097    0.0131         1
    0.6900    1.1832    0.0137         1
    0.6925    1.1366    0.0131         1
    0.6950    1.1529    0.0128         1
    0.6975    1.1653    0.0127         1
    0.7000    1.1982    0.0124         1
    0.7025    1.2152    0.0121         1
    0.7050    1.1939    0.0120         1
    0.7075    1.1842    0.0120         1
    0.7100    1.2283    0.0120         1
    0.7125    1.1677    0.0120         1
    0.7150    1.1598    0.0121         1
    0.7175    1.1834    0.0123         1
    0.7200    1.1998    0.0127         1
    0.7225    1.2070    0.0134         1
    0.7250    1.1854    0.0149         1
    0.7275    1.1402    0.0161         1
    0.7300    1.1564    0.0164         1
    0.7325    1.1528    0.0163         1
    0.7375    1.1411    0.0159         1
    0.7400    1.1432    0.0153         1
    0.7425    1.1148    0.0146         1
    0.7450    1.1478    0.0143         1
    0.7475    1.2020    0.0143         1
    0.7500    1.1221    0.0146         1
    0.7525    1.1159    0.0149         1
    0.7550    1.1844    0.0151         1
    0.7575    1.1198    0.0156         1
    0.7600    1.1253    0.0188         1
    0.7675    1.0976    0.0157         1
    0.7700    1.1044    0.0167         1
    0.7750    1.0927    0.0192         1
    0.7775    1.0764    0.0189         1
    0.7800    1.1138    0.0191         1
    0.7825    1.0826    0.0197         1
    0.7850    1.1371    0.0208         1
    0.7875    1.1087    0.0211         1
    0.7900    1.1211    0.0213         1
    0.7925    1.0992    0.0258         1
    0.7950    1.0529    0.0210         1
    0.7975    1.0286    0.0207         1
    0.8000    1.1043    0.0208         1
    0.8025    1.0596    0.0201         1
    0.8050    1.0422    0.0191         1
    0.8075    1.0630    0.0183         1
    0.8100    1.0512    0.0177         1
    0.8125    1.0133    0.0175         1
    0.8150    1.0745    0.0178         1
    0.8175    1.0449    0.0182         1
    0.8200    1.0549    0.0187         1
    0.8225    1.0335    0.0188         1
    0.8250    1.0443    0.0201         1
    0.8275    1.0611    0.0234         1
    0.8300    1.0308    0.0264         1
    0.8325    1.0232    0.0281         1
    0.8350    1.0723    0.0290         1
    0.8375    0.9611    0.0299         1
    0.8400    0.9701    0.0292         1
    0.8425    1.1468    0.0299         1
    0.8450    1.0436    0.0300         1
    0.8475    0.9124    0.0280         1
    0.8500    0.8891    0.0263         1
    0.8525    1.0222    0.0257         1
    0.8550    1.0048    0.0247         1
    0.8575    0.9802    0.0240         1
    0.8600    0.9913    0.0254         1
    0.8625    0.9373    0.0288         1
    0.8650    1.0664    0.0319         1
    0.8675    1.1012    0.0317         1
    0.8700    1.0022    0.0288         1
    0.8725    0.8838    0.0285         1
    0.8750    0.9031    0.0336         1
    0.8775    0.9765    0.0386         1
    0.8800    0.9893    0.0408         1
    0.8825    1.1555    0.0420         1
    0.8850    1.0294    0.0431         1
    0.8875    0.8907    0.0434         1
    0.8900    0.9722    0.0444         1
    0.8925    1.0540    0.0456         1
    0.8950    1.1202    0.0451         1
    0.8975    0.9183    0.0437         1
    0.9000    1.0208    0.0416         1
    0.9025    0.9749    0.0385         1
    0.9050    0.9984    0.0372         1
    0.9075    0.9327    0.0368         1
    0.9100    0.8851    0.0369         1
    0.9125    0.8835    0.0370         1
    0.9150    0.9572    0.0377         1
    0.9175    0.9822    0.0381         1
    0.9200    0.9457    0.0391         1
    0.9225    0.9853    0.0404         1
    0.9250    0.9282    0.0531         1

    0.8200    1.0215    0.0137         3
    0.8250    1.0270    0.0133         5
    0.8300    1.0188    0.0128         5
    0.8350    1.0125    0.0128         5
    0.8400    0.9992    0.0128         5
    0.8450    0.9913    0.0126         5
    0.8500    0.9852    0.0126         5
    0.8550    0.9861    0.0148         5
    0.8600    0.9773    0.0133         5
    0.8650    0.9803    0.0137         5
    0.8700    0.9567    0.0130         5
    0.8750    0.9461    0.0122         5
    0.8800    0.9479    0.0120         4
    0.8850    0.9574    0.0117         5
    0.8900    0.9435    0.0113         5
    0.8950    0.9500    0.0107         5
    0.9000    0.9481    0.0105         4
    0.9050    0.9504    0.0111         5
    0.9100    0.9329    0.0104         5
    0.9150    0.9330    0.0103         5
    0.9200    0.9353    0.0103         5
    0.9250    0.9393    0.0108         5
    0.9300    0.9252    0.0118         5
    0.9350    0.9168    0.0121         5
    0.9400    0.9174    0.0114         5
    0.9450    0.9338    0.0125         5
    0.9500    0.9224    0.0114         5
    0.9550    0.9199    0.0108         5
    0.9600    0.9203    0.0099         5
    0.9650    0.9290    0.0104         5
    0.9700    0.9280    0.0102         5
    0.9750    0.9262    0.0100         5
    0.9800    0.9170    0.0097         5
    0.9850    0.9204    0.0089         5
    0.9900    0.9377    0.0096         5
    0.9950    0.9312    0.0087         5
    1.0000    0.9306    0.0086         5
    1.0050    0.9261    0.0086         5
    1.0100    0.9257    0.0088         5
    1.0150    0.9406    0.0089         5
    1.0200    0.9421    0.0087         4
    1.0250    0.9326    0.0084         5
    1.0300    0.9344    0.0083         5
    1.0350    0.9368    0.0081         5
    1.0400    0.9352    0.0083         5
    1.0450    0.9377    0.0092         5
    1.0500    0.9338    0.0087         5
    1.0550    0.9380    0.0083         5
    1.0600    0.9407    0.0081         5
    1.0650   -1.0000   -1.0000         0
    1.0700    0.9402    0.0080         5
    1.0750    0.9332    0.0096         5
    1.0800    0.9491    0.0101         5
    1.0850    0.9556    0.0085         5
    1.0900    0.9513    0.0083         5
    1.0950    0.9591    0.0079         5
    1.1000    0.9569    0.0078         5
    1.1050    0.9663    0.0082         5
    1.1100    0.9806    0.0082         5
    1.1150    0.9901    0.0085         5
    1.1200    0.9977    0.0103         4
    1.1250    0.9936    0.0093         5
    1.1300    0.9925    0.0103         5
    1.1350    1.0158    0.0117         5
    1.1400    1.0184    0.0096         5
    1.1450    1.0111    0.0088         3
    1.1500    1.0078    0.0084         5
    1.1550    1.0057    0.0097         5
    1.1600    1.0136    0.0093         5
    1.1650    1.0264    0.0081         5
    1.1700    1.0400    0.0079         5
    1.1750    1.0330    0.0080         5
    1.1800    1.0371    0.0074         5
    1.1850    1.0422    0.0078         5
    1.1900    1.0232    0.0075         5
    1.1950    1.0339    0.0081         5
    1.2000    1.0408    0.0075         5
    1.2050    1.0567    0.0085         5
    1.2100    1.0445    0.0082         5
    1.2150    1.0360    0.0074         5
    1.2200    1.0433    0.0078         5
    1.2250    1.0432    0.0078         5
    1.2300    1.0492    0.0083         5
    1.2350    1.0536    0.0089         5
    1.2400    1.0545    0.0084         5
    1.2450    1.0571    0.0073         5
    1.2500    1.0577    0.0074         5
    1.2550    1.0694    0.0077         5
    1.2600    1.0481    0.0076         5
    1.2650    1.0535    0.0079         5
    1.2700    1.0627    0.0087         5
    1.2750    1.0516    0.0085         5
    1.2800    1.0573    0.0080         5
    1.2850    1.0690    0.0081         5
    1.2900    1.0699    0.0079         5
    1.2950    1.0611    0.0074         5
    1.3000    1.0830    0.0081         5
    1.3050    1.0962    0.0083         2
    1.3100    1.0748    0.0083         5
    1.3150    1.0823    0.0082         5
    1.3200    1.0799    0.0085         5
    1.3250    1.0944    0.0085         5
    1.3300    1.0995    0.0085         5
    1.3350    1.0963    0.0083         5
    1.3400    1.1173    0.0087         5
    1.3450    1.1217    0.0096         5
    1.3500    1.1229    0.0107         5
    1.3550    1.1029    0.0145         2
    1.3600    1.1043    0.0190         2
    1.3650    1.0965    0.0131         1
    1.3700    1.0957    0.0203         3
    1.3750    1.1066    0.0135         1
    1.3800    1.1101    0.0164         2
    1.3850    1.1118    0.0174         3
    1.3900    1.1197    0.0193         5
    1.3950    1.1141    0.0232         5
    1.4000    1.1148    0.0197         5
    1.4050    1.1172    0.0163         5
    1.4100    1.1231    0.0156         5
    1.4150    1.1114    0.0128         3
    1.4200    1.1110    0.0157         4
    1.4250    1.1349    0.0160         5
    1.4300    1.1223    0.0127         5
    1.4350    1.1143    0.0123         5
    1.4400    1.1222    0.0112         5
    1.4450    1.1254    0.0124         5
    1.4500    1.1326    0.0114         5
    1.4550    1.1376    0.0116         5
    1.4600    1.1499    0.0116         5
    1.4650    1.1662    0.0174         2
    1.4700    1.1552    0.0122         2
    1.4750    1.1426    0.0107         5
    1.4800    1.1341    0.0128         5
    1.4850    1.1239    0.0117         4
    1.4900    1.1429    0.0102         5
    1.4950    1.1459    0.0104         5
    1.5000    1.1514    0.0100         5
    1.5050    1.1533    0.0104         5
    1.5100    1.1476    0.0094         5
    1.5150    1.1628    0.0100         5
    1.5200    1.1439    0.0100         5
    1.5250    1.1283    0.0114         5
    1.5300    1.1284    0.0112         5
    1.5350    1.1694    0.0096         5
    1.5400    1.1748    0.0104         5
    1.5450    1.1504    0.0094         5
    1.5500    1.1482    0.0095         5
    1.5550    1.1368    0.0111         5
    1.5600    1.1473    0.0108         5
    1.5650    1.1542    0.0112         5
    1.5700    1.1709    0.0102         5
    1.5750    1.1862    0.0106         5
    1.5800    1.1418    0.0102         5
    1.5850    1.1466    0.0099         5
    1.5900    1.1484    0.0111         5
    1.5950    1.1431    0.0102         5
    1.6000    1.1383    0.0111         5
    1.6050    1.1399    0.0102         5
    1.6100    1.1406    0.0109         5
    1.6150    1.1531    0.0119         5
    1.6200    1.1480    0.0107         5
    1.6250    1.1519    0.0118         5
    1.6300    1.1386    0.0105         5
    1.6350    1.1277    0.0102         5
    1.6400    1.1291    0.0111         5
    1.6450    1.1313    0.0124         5
    1.6500    1.1273    0.0123         5
    1.6550    1.1255    0.0104         5
    1.6600    1.1130    0.0114         5
    1.6650    1.1292    0.0115         5
    1.6700    1.1221    0.0108         5
    1.6750    1.1280    0.0130         5
    1.6800    1.1389    0.0118         5
    1.6850    1.1276    0.0106         5
    1.6900    1.1305    0.0123         5
    1.6950    1.1410    0.0124         5
    1.7000    1.1290    0.0124         5
    1.7050    1.1063    0.0108         5
    1.7100    1.1001    0.0125         5
    1.7150    1.0958    0.0122         5
    1.7200    1.0946    0.0120         5
    1.7250    1.1041    0.0115         5
    1.7300    1.1178    0.0123         5
    1.7350    1.1118    0.0131         5
    1.7400    1.0946    0.0123         5
    1.7450    1.1029    0.0118         5
    1.7500    1.1179    0.0111         5
    1.7550    1.1294    0.0113         5
    1.7600    1.1421    0.0121         5
    1.7650    1.1178    0.0130         5
    1.7700    1.0804    0.0118         5
    1.7750    1.1073    0.0125         5
    1.7800    1.0841    0.0143         5
    1.7850    1.0681    0.0135         5
    1.7900    1.0685    0.0142         5
    1.7950    1.0782    0.0144         5
    1.8000    1.0717    0.0160         5
    1.8050    1.0807    0.0185         5
    1.8100    1.1011    0.0185         5
    1.8150    1.1059    0.0204         5
    1.8200    1.0659    0.0240         3
    1.8250    1.0584    0.0195         2
    1.8300    1.0760    0.0247         4
    1.8350    1.0756    0.0301         3
    1.8400    1.0722    0.0376         5
    1.8450    1.1089    0.0518         3
    1.8500   -1.0000   -1.0000         0
    1.8550    1.0804    0.0371         5
    1.8600    1.0939    0.0387         5
    1.8650    1.1025    0.0392         3
    1.8700    1.0962    0.0468         5
    1.8750    1.0591    0.0415         5
    1.8800    1.0700    0.0401         5
    1.8850    1.0642    0.0353         4
    1.8900    1.0819    0.0299         5
    1.8950    1.0646    0.0289         5
    1.9000    1.0782    0.0347         5
    1.9050    1.0626    0.0367         5
    1.9100    1.0899    0.0365         5
    1.9150    1.0854    0.0310         5
    1.9200    1.0683    0.0306         5
    1.9250    1.0867    0.0268         5
    1.9300    1.1032    0.0260         5
    1.9350    1.0934    0.0233         5
    1.9400    1.0949    0.0218         5
    1.9450    1.0685    0.0218         5
    1.9500    1.0830    0.0213         5
    1.9550    1.0795    0.0217         5
    1.9600    1.0737    0.0260         5
    1.9650    1.0662    0.0221         5
    1.9700    1.0497    0.0210         5
    1.9750    1.0701    0.0205         5
    1.9800    1.0557    0.0191         5
    1.9850    1.0477    0.0212         5
    1.9900    1.0858    0.0161         5
    1.9950    1.0880    0.0189         3
    2.0000    1.0593    0.0207         5
    2.0050   -1.0000   -1.0000         0
    2.0100    1.0605    0.0270         5
    2.0150   -1.0000   -1.0000         0
    2.0200    1.0620    0.0219         5
    2.0250    1.0504    0.0183         5
    2.0300    1.0482    0.0196         5
    2.0350    1.0825    0.0196         5
    2.0400    1.0806    0.0241         5
    2.0450    1.0601    0.0176         5
    2.0500    1.0842    0.0188         5
    2.0550    1.0785    0.0185         5
    2.0600    1.0507    0.0184         5
    2.0650    1.0430    0.0220         5
    2.0700    1.0834    0.0185         5
    2.0750    1.1037    0.0212         5
    2.0800    1.0752    0.0167         5
    2.0850    1.0925    0.0182         5
    2.0900    1.1000    0.0201         5
    2.0950    1.0644    0.0183         5
    2.1000    1.0606    0.0187         5
    2.1050    1.0757    0.0161         5
    2.1100    1.0419    0.0197         5
    2.1150    1.0550    0.0206         5
    2.1200    1.0835    0.0195         5
    2.1250    1.0916    0.0192         5
    2.1300    1.0707    0.0174         5
    2.1350    1.0627    0.0168         5
    2.1400    1.0547    0.0208         5
    2.1450    1.0443    0.0177         5
    2.1500    1.1116    0.0200         4
    2.1550    1.1040    0.0228         5
    2.1600    1.0577    0.0192         5
    2.1650    1.0403    0.0192         5
    2.1700    1.0466    0.0189         5
    2.1750    1.0612    0.0189         5
    2.1800    1.0818    0.0193         5
    2.1850    1.0722    0.0194         5
    2.1900    1.0937    0.0200         5
    2.1950    1.0849    0.0220         5
    2.2000    1.0905    0.0202         5
    2.2050    1.1022    0.0206         5
    2.2100    1.0633    0.0209         5
    2.2150    1.0807    0.0201         5
    2.2200    1.0753    0.0210         5
    2.2250    1.1060    0.0227         5
    2.2300    1.0984    0.0225         5
    2.2350    1.0642    0.0226         5
    2.2400    1.0589    0.0225         5
    2.2450    1.0788    0.0210         5
    2.2500    1.0703    0.0242         5
    2.2550    1.0259    0.0282         2
    2.2600    1.0306    0.0240         4
    2.2650    1.0713    0.0279         5
    2.2700    1.0684    0.0244         5
    2.2750    1.0905    0.0252         5
    2.2800    1.0529    0.0218         5
    2.2850    1.0713    0.0232         5
    2.2900    1.1007    0.0279         5
    2.2950    1.0698    0.0238         5
    2.3000    1.0420    0.0258         5
    2.3050    1.0432    0.0246         5
    2.3100    1.0948    0.0235         5
    2.3150   -1.0000   -1.0000         0
    2.3200    1.0790    0.0296         5
    2.3250    1.0518    0.0235         5
    2.3300    1.0742    0.0233         5
    2.3350    1.0787    0.0242         5
    2.3400    1.0717    0.0283         5
    2.3450    1.0742    0.0263         5
    2.3500    1.1124    0.0279         1
    2.3550    1.0719    0.0290         5
    2.3600    1.0943    0.0303         5
    2.3650    1.0739    0.0259         5
    2.3700    1.0339    0.0280         5
    2.3750   -1.0000   -1.0000         0
    2.3800    1.0572    0.0319         5
    2.3850    1.0995    0.0308         5
    2.3900    1.0584    0.0306         5
    2.3950    1.0523    0.0287         5
    2.4000    1.0398    0.0304         5
    2.4050    1.0357    0.0332         5
    2.4100    1.0611    0.0291         5
    2.4150    1.0903    0.0324         4
    2.4200    1.0784    0.0310         5
    2.4250   -1.0000   -1.0000         0
    2.4300    1.0867    0.0302         4
    2.4350    1.0597    0.0307         5
    2.4400    1.0321    0.0340         3
    2.4450    1.0494    0.0338         5
    2.4500   -1.0000   -1.0000         0
    2.4550    1.0449    0.0340         3
    2.4600    1.1264    0.0347         2
    2.4650    1.1454    0.0428         1
    2.4700    1.1310    0.0393         2
    2.4750    1.1368    0.0413         2
    2.4800   -1.0000   -1.0000         0
    2.4850    1.1383    0.0476         1
    2.4900   -1.0000   -1.0000         0
