    0.6500   -1.0000   -1.0000         2
    0.6550   -1.0000   -1.0000         2
    0.6600   -1.0000   -1.0000         2
    0.6650   -1.0000   -1.0000         2
    0.6700   -1.0000   -1.0000         2
    0.6750   -1.0000   -1.0000         2
    0.6800   -1.0000   -1.0000         2
    0.6850   -1.0000   -1.0000         2
    0.6900   -1.0000   -1.0000         2
    0.6950   -1.0000   -1.0000         2
    0.7000   -1.0000   -1.0000         2
    0.7050    1.1069    0.0432         2
    0.7100    1.1136    0.0340         2
    0.7150    1.1338    0.0333         2
    0.7200    1.0976    0.0332         2
    0.7250   -1.0000   -1.0000         2
    0.7300    1.1309    0.0296         2
    0.7350   -1.0000   -1.0000         2
    0.7400    1.1497    0.0248         2
    0.7450    1.0976    0.0248         2
    0.7500   -1.0000   -1.0000         2
    0.7550    1.1300    0.0275         2
    0.7600   -1.0000   -1.0000         2
    0.7650   -1.0000   -1.0000         2
    0.7700    1.1515    0.0220         2
    0.7750    1.1313    0.0221         2
    0.7800    1.1038    0.0207         2
    0.7850    1.1268    0.0217         2
    0.7900    1.0898    0.0214         2
    0.7950    1.0936    0.0218         2
    0.8000    1.1062    0.0209         2
    0.8050    1.0844    0.0206         2
    0.8100    1.0745    0.0199         2
    0.8150    1.0573    0.0199         2
    0.8200    1.0797    0.0200         2
    0.8250    1.0968    0.0210         2
    0.8300    1.0709    0.0210         2
    0.8350    1.0661    0.0197         2
    0.8400    1.0691    0.0195         2
    0.8450    1.0470    0.0205         2
    0.8500    1.0244    0.0190         2
    0.8550    1.0193    0.0188         2
    0.8600    1.0256    0.0198         2
    0.8650    1.0037    0.0195         2
    0.8700    1.0124    0.0181         2
    0.8750    1.0172    0.0184         2
    0.8800    0.9887    0.0174         2
    0.8850    0.9982    0.0179         2
    0.8900    0.9943    0.0172         2
    0.8950    0.9929    0.0185         2
    0.9000    1.0062    0.0171         2
    0.9050    0.9912    0.0166         2
    0.9100    0.9886    0.0166         2
    0.9150    0.9877    0.0163         2
    0.9200    0.9756    0.0153         2
    0.9250    0.9755    0.0165         2
    0.9300    0.9908    0.0190         2
    0.9350    0.9773    0.0177         2
    0.9400    0.9750    0.0195         2
    0.9450    0.9855    0.0181         2
    0.9500    0.9862    0.0177         2
    0.9550    0.9841    0.0194         2
    0.9600    0.9754    0.0174         2
    0.9650    0.9820    0.0175         2
    0.9700    0.9808    0.0169         2
    0.9750    0.9581    0.0157         2
    0.9800    0.9600    0.0159         2
    0.9850    0.9800    0.0163         2
    0.9900    0.9786    0.0161         2
    0.9950    0.9750    0.0150         2
    1.0000    0.9742    0.0143         2
    1.0050    0.9901    0.0153         2
    1.0100    0.9986    0.0166         2
    1.0150    0.9889    0.0156         2
    1.0200    1.0061    0.0155         2
    1.0250    1.0136    0.0152         2
    1.0300    0.9890    0.0150         2
    1.0350    1.0019    0.0162         2
    1.0400    1.0008    0.0148         2
    1.0450    0.9918    0.0154         2
    1.0500    0.9995    0.0150         2
    1.0550    0.9986    0.0150         2
    1.0600    0.9926    0.0154         2
    1.0650    1.0055    0.0149         2
    1.0700    1.0160    0.0155         2
    1.0750    1.0198    0.0158         2
    1.0800    1.0292    0.0172         2
    1.0850    1.0327    0.0164         2
    1.0900    1.0351    0.0158         2
    1.0950    1.0527    0.0211         1
    1.1000    1.0552    0.0195         2
    1.1050    1.0286    0.0171         2
    1.1100    1.0456    0.0161         2
    1.1150    1.0362    0.0163         2
    1.1200    1.0664    0.0195         2
    1.1250    1.0783    0.0188         2
    1.1300    1.0474    0.0192         2
    1.1350    1.0546    0.0195         2
    1.1400    1.0743    0.0208         2
    1.1450    1.1124    0.0232         2
    1.1500    1.0927    0.0219         2
    1.1550    1.0814    0.0208         2
    1.1600    1.1116    0.0222         2
    1.1650    1.1308    0.0206         2
    1.1700    1.1075    0.0194         2
    1.1750    1.1096    0.0182         2
    1.1800    1.1359    0.0187         2
    1.1850    1.1545    0.0181         2
    1.1900    1.1418    0.0170         2
    1.1950    1.1211    0.0192         2
    1.2000    1.1523    0.0187         2
    1.2050    1.1464    0.0205         2
    1.2100    1.1366    0.0196         2
    1.2150    1.1819    0.0200         2
    1.2200   -1.0000   -1.0000         2
    1.2250    1.1611    0.0199         2
    1.2300    1.1403    0.0194         2
    1.2350    1.1802    0.0195         2
    1.2400   -1.0000   -1.0000         2
    1.2450    1.2216    0.0189         2
    1.2500    1.1976    0.0179         2
    1.2550    1.1885    0.0182         2
    1.2600    1.1924    0.0187         2
    1.2650    1.1964    0.0204         2
    1.2700    1.2027    0.0201         2
    1.2750    1.1737    0.0214         1
    1.2800    1.1974    0.0226         2
    1.2850    1.2215    0.0194         2
    1.2900    1.2004    0.0199         2
    1.2950    1.2078    0.0221         2
    1.3000    1.2455    0.0207         2
    1.3050    1.2505    0.0198         2
    1.3100    1.2297    0.0203         2
    1.3150    1.2441    0.0192         2
    1.3200    1.2619    0.0222         1
    1.3250   -1.0000   -1.0000         0
    1.3300    1.2951    0.0201         2
    1.3350    1.2649    0.0210         2
    1.3400    1.2623    0.0214         2
    1.3450    1.2627    0.0242         2
    1.3500   -1.0000   -1.0000         0
    1.3550    1.2534    0.0294         1
    1.3600   -1.0000   -1.0000         1
    1.3650   -1.0000   -1.0000         1
    1.3700    1.2622    0.0681         2
    1.3750   -1.0000   -1.0000         1
    1.3800    1.2960    0.0685         2
    1.3850   -1.0000   -1.0000         2
    1.3900   -1.0000   -1.0000         1
    1.3950   -1.0000   -1.0000         1
    1.4000    1.3419    0.0545         2
    1.4050    1.3099    0.0563         2
    1.4100    1.2970    0.0506         1
    1.4150   -1.0000   -1.0000         0
    1.4200    1.3129    0.0477         1
    1.4250    1.3458    0.0366         2
    1.4300    1.4137    0.0355         2
    1.4350    1.4382    0.0327         1
    1.4400    1.4090    0.0346         2
    1.4450    1.3919    0.0312         2
    1.4500    1.3635    0.0303         2
    1.4550    1.3688    0.0285         2
    1.4600    1.3744    0.0292         2
    1.4650    1.4078    0.0302         2
    1.4700    1.4191    0.0288         2
    1.4750    1.3927    0.0291         2
    1.4800    1.4452    0.0308         2
    1.4850    1.4412    0.0282         2
    1.4900    1.4001    0.0253         2
    1.4950    1.4280    0.0261         2
    1.5000    1.4269    0.0236         2
    1.5050    1.4428    0.0257         2
    1.5100    1.4529    0.0262         2
    1.5150    1.4226    0.0259         2
    1.5200    1.4239    0.0243         2
    1.5250    1.3916    0.0242         2
    1.5300    1.3649    0.0234         2
    1.5350    1.3691    0.0257         2
    1.5400    1.3828    0.0239         2
    1.5450    1.4426    0.0308         2
    1.5500    1.4345    0.0265         2
    1.5550    1.3630    0.0231         2
    1.5600    1.3804    0.0235         2
    1.5650    1.4631    0.0284         2
    1.5700    1.4986    0.0258         2
    1.5750    1.4750    0.0267         2
    1.5800    1.4509    0.0267         2
    1.5850    1.4305    0.0242         2
    1.5900    1.4785    0.0252         2
    1.5950    1.4302    0.0243         2
    1.6000    1.4178    0.0255         2
    1.6050    1.4350    0.0241         2
    1.6100    1.3921    0.0248         2
    1.6150    1.3881    0.0282         2
    1.6200    1.3514    0.0293         2
    1.6250    1.3763    0.0270         2
    1.6300    1.4693    0.0275         2
    1.6350    1.4701    0.0251         2
    1.6400    1.4809    0.0274         2
    1.6450   -1.0000   -1.0000         2
    1.6500    1.4353    0.0257         2
    1.6550    1.3638    0.0280         2
    1.6600    1.4236    0.0270         2
    1.6650    1.4657    0.0276         2
    1.6700    1.4471    0.0265         2
    1.6750    1.4088    0.0265         2
    1.6800    1.3825    0.0278         2
    1.6850    1.3762    0.0276         2
    1.6900    1.3854    0.0279         2
    1.6950    1.4123    0.0271         2
    1.7000    1.4449    0.0300         2
    1.7050    1.4444    0.0305         2
    1.7100    1.3783    0.0252         2
    1.7150    1.3243    0.0268         2
    1.7200    1.3278    0.0286         2
    1.7250    1.3559    0.0290         2
    1.7300    1.3643    0.0297         2
    1.7350    1.3577    0.0284         2
    1.7400    1.3254    0.0291         2
    1.7450    1.3397    0.0288         2
    1.7500    1.4007    0.0287         2
    1.7550    1.4305    0.0301         2
    1.7600    1.4123    0.0281         2
    1.7650    1.3244    0.0283         2
    1.7700    1.3345    0.0305         2
    1.7750    1.3893    0.0300         2
    1.7800    1.3988    0.0326         2
    1.7850    1.3767    0.0316         2
    1.7900    1.4000    0.0312         2
    1.7950    1.4308    0.0373         2
    1.8000    1.4346    0.0372         2
    1.8050    1.3935    0.0395         2
    1.8100    1.3479    0.0413         2
    1.8150    1.3800    0.0454         2
    1.8200    1.3936    0.0528         2
    1.8250    1.3193    0.0521         2
    1.8300    1.3551    0.0685         2
    1.8350    1.3564    0.0924         2
    1.8400    1.3009    0.1131         1
    1.8450   -1.0000   -1.0000         0
    1.8500   -1.0000   -1.0000         0
    1.8550   -1.0000   -1.0000         0
    1.8600    1.3123    0.1242         2
    1.8650    1.2952    0.1140         2
    1.8700    1.3938    0.1507         1
    1.8750    1.3906    0.1379         1
    1.8800   -1.0000   -1.0000         0
    1.8850    1.4191    0.0706         1
    1.8900    1.4315    0.0813         2
    1.8950    1.4074    0.0808         2
    1.9000    1.4343    0.0904         2
    1.9050    1.4150    0.1143         2
    1.9100    1.3436    0.1107         2
    1.9150   -1.0000   -1.0000         1
    1.9200    1.4184    0.1176         1
    1.9250    1.4651    0.0853         2
    1.9300    1.3945    0.0835         1
    1.9350    1.3857    0.0659         2
    1.9400    1.3204    0.0514         2
    1.9450    1.3353    0.0561         2
    1.9500    1.3001    0.0541         2
    1.9550    1.3190    0.0530         2
    1.9600    1.3707    0.0588         2
    1.9650    1.4624    0.0570         2
    1.9700    1.4316    0.0529         2
    1.9750    1.4179    0.0458         2
    1.9800    1.4493    0.0450         2
    1.9850    1.4472    0.0415         2
    1.9900    1.3875    0.0383         2
    1.9950    1.3302    0.0386         1
    2.0000   -1.0000   -1.0000         1
    2.0050    1.3253    0.0588         1
    2.0100    1.2933    0.0650         1
    2.0150    1.3233    0.0667         2
    2.0200    1.3384    0.0591         2
    2.0250    1.3165    0.0506         2
    2.0300    1.2666    0.0445         2
    2.0350    1.3067    0.0361         1
    2.0400    1.3361    0.0442         2
    2.0450    1.3631    0.0410         2
    2.0500    1.3751    0.0436         1
    2.0550   -1.0000   -1.0000         0
    2.0600    1.3208    0.0511         2
    2.0650    1.3848    0.0470         2
    2.0700    1.3944    0.0473         2
    2.0750    1.3604    0.0447         2
    2.0800    1.3830    0.0430         2
    2.0850    1.4308    0.0469         2
    2.0900    1.4005    0.0422         2
    2.0950    1.3831    0.0410         2
    2.1000    1.3924    0.0430         2
    2.1050    1.3815    0.0435         2
    2.1100    1.3870    0.0432         2
    2.1150    1.3787    0.0445         2
    2.1200    1.3576    0.0468         2
    2.1250    1.3917    0.0449         2
    2.1300    1.4017    0.0445         2
    2.1350    1.3668    0.0461         2
    2.1400    1.3081    0.0540         2
    2.1450    1.3549    0.0477         2
    2.1500    1.4548    0.0468         2
    2.1550    1.4296    0.0469         2
    2.1600    1.3397    0.0461         2
    2.1650    1.3484    0.0456         2
    2.1700    1.3962    0.0483         2
    2.1750    1.4255    0.0543         2
    2.1800    1.4083    0.0487         2
    2.1850    1.4345    0.0492         2
    2.1900    1.4938    0.0527         2
    2.1950    1.4905    0.0546         2
    2.2000    1.4321    0.0501         2
    2.2050    1.4496    0.0541         2
    2.2100    1.3717    0.0551         2
    2.2150    1.3956    0.0519         2
    2.2200    1.4014    0.0492         2
    2.2250    1.3926    0.0592         2
    2.2300    1.3492    0.0471         2
    2.2350    1.3604    0.0499         2
    2.2400    1.4285    0.0477         2
    2.2450    1.4328    0.0529         2
    2.2500    1.4047    0.0487         2
    2.2550    1.3713    0.0559         2
    2.2600    1.3061    0.0537         2
    2.2650    1.3196    0.0522         2
    2.2700    1.3982    0.0561         2
    2.2750    1.4084    0.0535         2
    2.2800    1.3442    0.0565         2
    2.2850    1.3464    0.0562         2
    2.2900    1.4176    0.0587         1
    2.2950    1.4792    0.0606         2
    2.3000    1.3708    0.0531         2
    2.3050    1.4113    0.0564         2
    2.3100    1.4401    0.0593         2
    2.3150    1.4595    0.0551         2
    2.3200    1.4758    0.0583         2
    2.3250    1.5157    0.0625         2
    2.3300    1.4474    0.0553         2
    2.3350    1.3903    0.0555         2
    2.3400    1.4571    0.0655         2
    2.3450    1.4601    0.0694         2
    2.3500    1.4336    0.0567         2
    2.3550    1.4395    0.0616         2
    2.3600    1.3764    0.0611         2
    2.3650    1.4474    0.0622         2
    2.3700    1.4358    0.0659         2
    2.3750    1.3766    0.0622         2
    2.3800    1.4166    0.0694         2
    2.3850    1.4174    0.0639         2
    2.3900    1.4517    0.0606         2
    2.3950    1.3978    0.0649         2
    2.4000    1.4399    0.0664         1
    2.4050    1.4522    0.0643         2
    2.4100    1.4180    0.0652         2
    2.4150    1.4669    0.0698         2
    2.4200   -1.0000   -1.0000         2
    2.4250   -1.0000   -1.0000         2
    2.4300   -1.0000   -1.0000         1
    2.4350   -1.0000   -1.0000         0
    2.4400   -1.0000   -1.0000         0
    2.4450   -1.0000   -1.0000         1
    2.4500   -1.0000   -1.0000         2
    2.4550   -1.0000   -1.0000         2
    2.4600   -1.0000   -1.0000         2
    2.4650   -1.0000   -1.0000         0
    2.4700   -1.0000   -1.0000         0
    2.4750   -1.0000   -1.0000         0
    2.4800   -1.0000   -1.0000         0
    2.4850   -1.0000   -1.0000         1
    2.4900   -1.0000   -1.0000         1
