0.35000 0.86532
0.35100 0.91041
0.35200 0.91331
0.35300 0.89745
0.35400 0.89094
0.35500 0.91424
0.35600 0.88616
0.35700 0.90266
0.35800 0.94755
0.35900 1.00513
0.36000 0.91429
0.36100 0.92067
0.36200 0.96430
0.36300 0.94522
0.36400 0.95880
0.36500 0.96179
0.36600 0.94981
0.36700 0.91973
0.36800 0.91213
0.36900 0.92284
0.37000 0.93238
0.37100 0.88215
0.37200 0.86018
0.37300 0.85471
0.37400 0.86288
0.37500 0.88342
0.37600 0.92184
0.37700 0.93378
0.37800 0.90528
0.37900 0.84462
0.38000 0.85349
0.38100 0.85952
0.38200 0.83506
0.38300 0.86199
0.38400 0.88167
0.38500 0.89341
0.38600 0.89746
0.38700 0.93547
0.38800 0.94577
0.38900 0.94215
0.39000 0.93674
0.39100 0.93098
0.39200 0.92123
0.39300 0.92016
0.39400 0.94568
0.39500 0.95194
0.39600 0.95141
0.39700 0.95617
0.39800 0.98830
0.39900 0.98350
0.40000 0.97561
0.40100 0.97037
0.40200 0.97248
0.40300 0.96497
0.40400 0.96143
0.40500 0.96486
0.40600 0.97702
0.40700 0.97769
0.40800 0.98507
0.40900 0.99926
0.41000 0.98868
0.41100 0.98078
0.41200 0.97600
0.41300 0.97479
0.41400 0.97842
0.41500 0.98209
0.41600 0.97280
0.41700 0.94394
0.41800 0.93387
0.41900 0.94019
0.42000 0.94890
0.42100 0.94860
0.42200 0.95971
0.42300 0.95477
0.42400 0.95238
0.42500 0.97512
0.42600 0.99778
0.42700 1.01417
0.42800 1.00862
0.42900 0.95326
0.43000 0.95742
0.43100 0.95977
0.43200 0.96509
0.43300 0.99940
0.43400 0.98743
0.43500 0.97619
0.43600 0.97101
0.43700 0.96384
0.43800 0.96562
0.43900 0.97373
0.44000 0.98508
0.44100 0.98686
0.44200 0.99289
0.44300 0.99171
0.44400 0.98090
0.44500 0.97650
0.44600 0.98817
0.44700 1.00342
0.44800 1.01516
0.44900 1.01145
0.45000 1.00271
0.45100 0.99793
0.45200 1.00360
0.45300 1.00159
0.45400 0.99557
0.45500 0.98969
0.45600 0.98829
0.45700 0.97482
0.45800 0.97413
0.45900 0.98184
0.46000 0.99106
0.46100 0.99617
0.46200 0.99425
0.46300 0.98935
0.46400 0.99018
0.46500 0.99120
0.46600 0.99208
0.46700 0.99239
0.46800 0.99095
0.46900 1.00113
0.47000 1.00362
0.47100 0.99902
0.47200 1.00859
0.47300 1.00930
0.47400 1.00406
0.47500 0.99485
0.47600 0.98964
0.47700 0.98764
0.47800 0.99093
0.47900 1.00077
0.48000 1.01848
0.48100 1.02363
0.48200 1.02224
0.48300 1.01720
0.48400 0.98870
0.48500 0.97817
0.48600 0.98106
0.48700 0.99396
0.48800 1.00376
0.48900 1.00562
0.49000 1.00227
0.49100 0.99703
0.49200 0.99706
0.49300 0.99522
0.49400 0.99525
0.49500 1.00510
0.49600 0.99639
0.49700 0.99640
0.49800 1.00263
0.49900 1.00067
0.50000 0.99427
0.50100 0.98563
0.50200 0.97657
0.50300 0.97243
0.50400 0.97552
0.50500 0.98047
0.50600 0.98595
0.50700 0.99277
0.50800 0.98483
0.50900 0.97782
0.51000 0.97760
0.51100 0.97918
0.51200 0.99100
0.51300 0.99837
0.51400 0.99294
0.51500 0.98070
0.51600 0.97340
0.51700 0.96992
0.51800 0.96956
0.51900 0.97628
0.52000 0.99068
0.52100 1.00452
0.52200 1.00810
0.52300 1.00000
0.52400 0.99542
0.52500 0.99324
0.52600 0.99078
0.52700 0.99327
0.52800 0.99728
0.52900 1.00098
0.53000 1.00087
0.53100 0.99581
0.53200 0.99024
0.53300 0.98680
0.53400 0.99209
0.53500 1.00174
0.53600 1.00348
0.53700 0.99611
0.53800 0.98873
0.53900 0.98874
0.54000 0.99002
0.54100 0.99122
0.54200 0.99845
0.54300 0.99936
0.54400 0.99507
0.54500 0.98674
0.54600 0.98642
0.54700 0.98863
0.54800 0.99024
0.54900 0.98928
0.55000 1.00000
0.55100 1.00761
0.55200 1.01041
0.55300 1.00636
0.55400 1.00420
0.55500 0.99780
0.55600 0.99096
0.55700 0.98942
0.55800 0.99659
0.55900 1.00105
0.56000 1.00025
0.56100 0.99017
0.56200 0.99757
0.56300 0.99613
0.56400 0.98918
0.56500 0.99641
0.56600 0.99970
0.56700 0.99911
0.56800 0.99700
0.56900 1.00356
0.57000 0.99783
0.57100 0.98900
0.57200 0.98146
0.57300 0.98568
0.57400 0.98806
0.57500 0.98875
0.57600 0.98850
0.57700 0.99557
0.57800 0.99376
0.57900 0.98956
0.58000 0.98717
0.58100 0.99411
0.58200 0.99719
0.58300 0.99823
0.58400 0.99877
0.58500 1.00449
0.58600 1.00588
0.58700 1.00377
0.58800 0.99910
0.58900 1.00198
0.59000 0.99689
0.59100 0.98948
0.59200 0.99136
0.59300 0.99980
0.59400 1.00070
0.59500 0.99599
0.59600 0.99414
0.59700 0.99321
0.59800 0.99214
0.59900 0.99125
0.60000 0.99249
0.60100 0.99012
0.60200 0.98705
0.60300 0.98622
0.60400 0.99983
0.60500 1.00102
0.60600 0.99911
0.60700 0.99836
0.60800 1.00535
0.60900 1.00217
0.61000 0.99707
0.61100 0.99461
0.61200 0.99648
0.61300 0.98348
0.61400 0.97295
0.61500 0.97838
0.61600 0.97513
0.61700 0.98952
0.61800 1.00489
0.61900 1.00233
0.62000 0.98326
0.62100 0.98601
0.62200 0.99742
0.62300 0.99483
0.62400 0.98268
0.62500 0.98841
0.62600 1.00340
0.62700 1.00331
0.62800 0.99925
0.62900 0.98941
0.63000 0.97790
0.63100 0.97895
0.63200 0.99169
0.63300 1.00224
0.63400 1.00568
0.63500 0.99406
0.63600 0.99699
0.63700 0.99962
0.63800 0.99871
0.63900 1.00858
0.64000 1.00383
0.64100 0.99752
0.64200 0.99681
0.64300 1.01230
0.64400 1.00618
0.64500 0.99789
0.64600 1.00021
0.64700 0.98935
0.64800 0.99556
0.64900 1.00890
0.65000 1.01993
0.65100 1.00928
0.65200 1.01190
0.65300 1.01395
0.65400 0.99468
0.65500 0.97525
0.65600 0.97405
0.65700 0.98672
0.65800 1.00320
0.65900 1.00069
0.66000 0.99791
0.66100 0.99404
0.66200 0.97975
0.66300 0.99236
0.66400 0.98665
0.66500 0.96603
0.66600 0.98329
0.66700 0.99222
0.66800 0.99972
0.66900 1.00652
0.67000 1.00396
0.67100 1.00373
0.67200 1.00678
0.67300 1.01166
0.67400 0.99669
0.67500 0.98841
0.67600 0.98382
0.67700 0.98152
0.67800 0.98735
0.67900 0.98764
0.68000 0.99570
0.68100 1.02354
0.68200 0.98913
0.68300 0.98077
0.68400 0.98639
0.68500 0.99118
0.68600 0.96662
0.68700 0.95869
0.68800 0.97022
0.68900 1.00374
0.69000 1.00239
0.69100 1.00296
0.69200 1.00677
0.69300 1.00764
0.69400 0.99074
0.69500 0.98407
0.69600 0.98763
0.69700 0.98404
0.69800 1.00520
0.69900 1.00614
0.70000 0.98268
0.70100 0.97815
0.70200 0.99102
0.70300 0.99307
0.70400 0.97834
0.70500 0.99272
0.70600 0.98881
0.70700 0.98171
0.70800 0.97949
0.70900 0.98269
0.71000 0.99087
0.71100 0.99521
0.71200 0.98903
0.71300 0.99516
0.71400 0.99424
0.71500 0.99213
0.71600 0.99521
0.71700 0.99828
0.71800 0.99974
0.71900 0.99628
0.72000 0.98233
0.72100 0.97597
0.72200 0.98278
0.72300 0.99389
0.72400 0.98899
0.72500 0.99062
0.72600 1.00185
0.72700 1.01743
0.72800 1.01961
0.72900 1.01891
0.73000 1.01785
0.73100 1.01641
0.73200 1.01182
0.73300 1.03276
0.73400 1.04138
0.73500 1.02535
0.73600 0.98998
0.73700 0.93789
0.73800 0.92940
0.73900 0.98740
0.74000 1.00296
0.74100 0.99821
0.74200 0.99630
0.74300 1.01201
0.74400 1.00471
0.74500 0.99111
0.74600 0.98294
0.74700 0.99190
0.74800 1.00337
0.74900 0.99940
0.75000 0.98814
0.75100 0.98069
0.75200 0.98796
0.75300 1.00267
0.75400 1.01895
0.75500 1.02632
0.75600 0.99325
0.75700 0.95237
0.75800 0.91656
0.75900 0.91068
0.76000 0.91879
0.76100 0.95885
0.76200 1.01330
0.76300 0.99658
0.76400 1.01173
0.76500 1.03481
0.76600 1.05255
0.76700 1.02590
0.76800 1.04142
0.76900 1.05435
0.77000 1.04693
0.77100 1.03382
0.77200 1.03577
0.77300 1.04322
0.77400 1.04987
0.77500 1.03514
0.77600 1.02673
0.77700 1.02325
0.77800 1.02374
0.77900 1.01858
0.78000 1.01681
0.78100 1.01075
0.78200 0.99074
0.78300 0.97366
0.78400 0.97221
0.78500 0.98233
0.78600 0.99700
0.78700 0.97868
0.78800 0.96868
0.78900 0.96738
0.79000 0.96630
0.79100 0.95372
0.79200 0.95093
0.79300 0.95658
0.79400 0.95355
0.79500 0.96124
0.79600 0.97223
0.79700 0.98002
0.79800 0.96019
0.79900 0.94992
0.80000 0.94257
0.80100 0.93610
0.80200 0.93372
0.80300 0.94941
0.80400 0.92051
0.80500 0.82069
0.80600 0.80340
0.80700 0.88492
0.80800 0.96526
0.80900 0.97087
0.81000 0.98652
0.81100 0.98713
0.81200 0.98062
0.81300 0.97505
0.81400 0.97102
0.81500 0.97072
0.81600 0.97217
0.81700 0.97235
0.81800 0.99373
0.81900 0.98247
0.82000 0.95362
0.82100 0.94755
0.82200 0.96773
0.82300 0.98131
0.82400 0.99157
0.82500 1.02302
0.82600 1.02929
0.82700 1.02272
0.82800 1.01175
0.82900 1.02259
0.83000 1.07142
0.83100 1.10757
0.83200 1.10982
0.83300 1.04776
0.83400 1.08752
0.83500 1.11144
0.83600 1.06762
0.83700 1.00866
0.83800 1.03540
0.83900 1.05728
0.84000 1.01621
0.84100 0.97986
0.84200 1.00233
0.84300 1.01521
0.84400 0.95348
0.84500 0.92821
0.84600 0.94480
0.84700 0.96780
0.84800 0.94975
0.84900 0.94981
0.85000 0.97771
0.85100 1.00234
0.85200 0.96291
0.85300 0.91812
0.85400 0.92958
0.85500 0.98353
0.85600 1.02650
0.85700 0.96810
0.85800 0.95070
0.85900 0.98672
0.86000 1.01873
0.86100 0.95261
0.86200 0.88708
0.86300 0.86782
0.86400 0.99871
0.86500 0.96651
0.86600 0.90487
0.86700 0.87561
0.86800 0.95299
0.86900 0.93714
0.87000 0.90667
0.87100 0.91063
0.87200 1.03499
0.87300 1.14937
0.87400 1.21640
0.87500 1.20299
0.87600 1.22168
0.87700 1.29381
0.87800 1.31725
0.87900 1.16697
0.88000 1.11707
0.88100 1.18877
0.88200 1.27549
0.88300 1.19765
0.88400 1.10646
0.88500 1.07887
0.88600 1.10282
0.88700 1.13676
0.88800 1.09740
0.88900 1.03826
0.89000 0.99229
0.89100 1.04301
0.89200 1.06138
0.89300 1.02364
0.89400 0.94988
0.89500 0.97540
0.89600 0.99141
0.89700 0.97876
0.89800 0.93603
0.89900 0.91511
0.90000 0.93669
0.90100 0.95597
0.90200 0.94848
0.90300 0.89623
0.90400 0.87765
0.90500 0.89721
0.90600 0.95878
0.90700 0.97161
0.90800 0.97928
0.90900 0.98975
0.91000 1.01151
0.91100 1.01136
0.91200 1.01823
0.91300 1.02072
0.91400 1.00030
0.91500 0.96479
0.91600 0.94854
0.91700 0.94747
0.91800 0.94900
0.91900 0.92585
0.92000 0.94034
