0.35000 0.62799
0.35100 0.74116
0.35200 0.75424
0.35300 0.76534
0.35400 0.86403
0.35500 0.74641
0.35600 0.64650
0.35700 0.54757
0.35800 0.42896
0.35900 0.56353
0.36000 0.59301
0.36100 0.59246
0.36200 0.68827
0.36300 0.79968
0.36400 0.74985
0.36500 0.65535
0.36600 0.75029
0.36700 0.76411
0.36800 0.72605
0.36900 0.68175
0.37000 0.72931
0.37100 0.73100
0.37200 0.72371
0.37300 0.70625
0.37400 0.65786
0.37500 0.68326
0.37600 0.70247
0.37700 0.71040
0.37800 0.74889
0.37900 0.75041
0.38000 0.72118
0.38100 0.67300
0.38200 0.65754
0.38300 0.66385
0.38400 0.65668
0.38500 0.62550
0.38600 0.58182
0.38700 0.60899
0.38800 0.64489
0.38900 0.67024
0.39000 0.75306
0.39100 0.70321
0.39200 0.65437
0.39300 0.67480
0.39400 0.69895
0.39500 0.77565
0.39600 0.81221
0.39700 0.75003
0.39800 0.78754
0.39900 0.82916
0.40000 0.85897
0.40100 0.86295
0.40200 0.87100
0.40300 0.86909
0.40400 0.86716
0.40500 0.87618
0.40600 0.87789
0.40700 0.87146
0.40800 0.85150
0.40900 0.80972
0.41000 0.87997
0.41100 0.91392
0.41200 0.91938
0.41300 0.92265
0.41400 0.97531
0.41500 1.03158
0.41600 1.04894
0.41700 0.94055
0.41800 0.89274
0.41900 0.88182
0.42000 0.89477
0.42100 0.90619
0.42200 0.87005
0.42300 0.85814
0.42400 0.87538
0.42500 0.89260
0.42600 0.87783
0.42700 0.88471
0.42800 0.91545
0.42900 0.91882
0.43000 0.90891
0.43100 0.91395
0.43200 0.93668
0.43300 0.93695
0.43400 0.95298
0.43500 0.97198
0.43600 0.98547
0.43700 0.96462
0.43800 0.94268
0.43900 0.93779
0.44000 0.95574
0.44100 0.94259
0.44200 0.93087
0.44300 0.92464
0.44400 0.92531
0.44500 0.89893
0.44600 0.91198
0.44700 0.94106
0.44800 0.96796
0.44900 0.98950
0.45000 0.99915
0.45100 1.02660
0.45200 1.10309
0.45300 1.05162
0.45400 1.01443
0.45500 0.99885
0.45600 1.01241
0.45700 1.02595
0.45800 1.02446
0.45900 1.01871
0.46000 1.02712
0.46100 1.00596
0.46200 0.98991
0.46300 0.98771
0.46400 1.01233
0.46500 1.01294
0.46600 1.01044
0.46700 1.00823
0.46800 1.00830
0.46900 1.01072
0.47000 1.01167
0.47100 1.01105
0.47200 1.01064
0.47300 1.00912
0.47400 1.00922
0.47500 1.00994
0.47600 1.00428
0.47700 1.00009
0.47800 1.00285
0.47900 1.01422
0.48000 1.03378
0.48100 1.01919
0.48200 1.00910
0.48300 1.01807
0.48400 1.04464
0.48500 1.04192
0.48600 1.03582
0.48700 1.03667
0.48800 1.02209
0.48900 1.03013
0.49000 1.03445
0.49100 1.02002
0.49200 1.00767
0.49300 1.00802
0.49400 1.01678
0.49500 1.03091
0.49600 1.04196
0.49700 1.04218
0.49800 1.03193
0.49900 1.01109
0.50000 1.00161
0.50100 1.00877
0.50200 1.01895
0.50300 1.01560
0.50400 1.00820
0.50500 1.00220
0.50600 0.99908
0.50700 1.00096
0.50800 1.00985
0.50900 1.01828
0.51000 1.01725
0.51100 0.98989
0.51200 0.96940
0.51300 0.93604
0.51400 0.90563
0.51500 0.92231
0.51600 0.96965
0.51700 0.98913
0.51800 0.98548
0.51900 1.00113
0.52000 1.00368
0.52100 1.00317
0.52200 1.00155
0.52300 0.99807
0.52400 1.00157
0.52500 1.00046
0.52600 0.99580
0.52700 1.01027
0.52800 1.01518
0.52900 1.01893
0.53000 1.02177
0.53100 1.00456
0.53200 0.99465
0.53300 0.99548
0.53400 1.00783
0.53500 1.02008
0.53600 1.02173
0.53700 1.01904
0.53800 1.01535
0.53900 1.00998
0.54000 1.00086
0.54100 0.99995
0.54200 1.01605
0.54300 1.04557
0.54400 1.05185
0.54500 1.03898
0.54600 1.00987
0.54700 1.00126
0.54800 1.00077
0.54900 1.00254
0.55000 1.00000
0.55100 0.99429
0.55200 0.99220
0.55300 0.99157
0.55400 0.98907
0.55500 1.01157
0.55600 1.01810
0.55700 1.01037
0.55800 0.99516
0.55900 1.01855
0.56000 1.02391
0.56100 1.01011
0.56200 0.98622
0.56300 0.98894
0.56400 0.98913
0.56500 0.99011
0.56600 1.01396
0.56700 1.01029
0.56800 0.99566
0.56900 0.97598
0.57000 0.96093
0.57100 0.98181
0.57200 0.99933
0.57300 1.00462
0.57400 1.00394
0.57500 1.00019
0.57600 1.00751
0.57700 1.02537
0.57800 1.01823
0.57900 1.00436
0.58000 0.99362
0.58100 0.99212
0.58200 1.01641
0.58300 1.01501
0.58400 1.01391
0.58500 1.02565
0.58600 1.03037
0.58700 1.02756
0.58800 1.00230
0.58900 0.94827
0.59000 0.99264
0.59100 1.00295
0.59200 1.00041
0.59300 1.00245
0.59400 1.03510
0.59500 1.03473
0.59600 1.02248
0.59700 1.02060
0.59800 0.98692
0.59900 0.99087
0.60000 1.00774
0.60100 1.00258
0.60200 1.00503
0.60300 0.99827
0.60400 0.99753
0.60500 1.03073
0.60600 1.03430
0.60700 1.02918
0.60800 1.01901
0.60900 1.00697
0.61000 0.99854
0.61100 0.99050
0.61200 0.98538
0.61300 0.99149
0.61400 1.01491
0.61500 1.01596
0.61600 1.00184
0.61700 1.02201
0.61800 1.02693
0.61900 1.01186
0.62000 0.98747
0.62100 1.00723
0.62200 1.03908
0.62300 1.03679
0.62400 0.99980
0.62500 1.01403
0.62600 1.01997
0.62700 1.01848
0.62800 1.01147
0.62900 1.01405
0.63000 1.01446
0.63100 1.00817
0.63200 0.99545
0.63300 1.01156
0.63400 1.01252
0.63500 1.00945
0.63600 1.00769
0.63700 0.97533
0.63800 0.97791
0.63900 0.99197
0.64000 0.99939
0.64100 0.99491
0.64200 0.99893
0.64300 1.00302
0.64400 0.99874
0.64500 0.99074
0.64600 0.99139
0.64700 1.00057
0.64800 1.01841
0.64900 0.99302
0.65000 0.98676
0.65100 0.99746
0.65200 1.01839
0.65300 0.98893
0.65400 0.96849
0.65500 0.96167
0.65600 0.96904
0.65700 1.00312
0.65800 1.00400
0.65900 0.98514
0.66000 0.99776
0.66100 0.97540
0.66200 0.95803
0.66300 0.94718
0.66400 0.92626
0.66500 0.93870
0.66600 0.95606
0.66700 0.97203
0.66800 0.98663
0.66900 0.99647
0.67000 0.98948
0.67100 0.97018
0.67200 0.98409
0.67300 0.97817
0.67400 0.97570
0.67500 0.97864
0.67600 0.93602
0.67700 0.93631
0.67800 0.95782
0.67900 0.98879
0.68000 1.00326
0.68100 1.12604
0.68200 1.14416
0.68300 0.94825
0.68400 0.93036
0.68500 0.96097
0.68600 0.99256
0.68700 0.99087
0.68800 1.00046
0.68900 1.00049
0.69000 1.00072
0.69100 1.01029
0.69200 0.98889
0.69300 0.97038
0.69400 0.96654
0.69500 0.99192
0.69600 0.99149
0.69700 0.98309
0.69800 0.97708
0.69900 0.98816
0.70000 0.97285
0.70100 0.96799
0.70200 0.97309
0.70300 0.98302
0.70400 0.97979
0.70500 0.97996
0.70600 0.98097
0.70700 0.97249
0.70800 0.96701
0.70900 0.96370
0.71000 0.96241
0.71100 0.96322
0.71200 0.97107
0.71300 0.97462
0.71400 0.97720
0.71500 1.00100
0.71600 0.98685
0.71700 0.97399
0.71800 0.97353
0.71900 0.98802
0.72000 0.98022
0.72100 0.98007
0.72200 0.99136
0.72300 0.96745
0.72400 0.97246
0.72500 0.98671
0.72600 0.99986
0.72700 0.99277
0.72800 0.98948
0.72900 0.98751
0.73000 0.98533
0.73100 0.97940
0.73200 0.98458
0.73300 0.99522
0.73400 1.00689
0.73500 0.99532
0.73600 0.98469
0.73700 0.97723
0.73800 0.97497
0.73900 0.96621
0.74000 0.95063
0.74100 0.93444
0.74200 0.92460
0.74300 0.93307
0.74400 0.93186
0.74500 0.92257
0.74600 0.90810
0.74700 0.90014
0.74800 0.90056
0.74900 0.95261
0.75000 1.13662
0.75100 1.40321
0.75200 1.51030
0.75300 1.45009
0.75400 1.24615
0.75500 1.11036
0.75600 1.05241
0.75700 1.04428
0.75800 1.00640
0.75900 0.99599
0.76000 0.99976
0.76100 1.00380
0.76200 0.96671
0.76300 0.95719
0.76400 0.92653
0.76500 0.88285
0.76600 0.92338
0.76700 0.91122
0.76800 0.91741
0.76900 0.95640
0.77000 0.97135
0.77100 0.99265
0.77200 1.00492
0.77300 1.00315
0.77400 1.00180
0.77500 1.01745
0.77600 1.02767
0.77700 1.02024
0.77800 0.99174
0.77900 0.96913
0.78000 0.95775
0.78100 0.96203
0.78200 0.99225
0.78300 1.01870
0.78400 1.01394
0.78500 0.95486
0.78600 0.94075
0.78700 0.94151
0.78800 0.96856
0.78900 1.03507
0.79000 1.04227
0.79100 1.03442
0.79200 1.02018
0.79300 1.00953
0.79400 0.96568
0.79500 0.94755
0.79600 0.94868
0.79700 0.95472
0.79800 0.92257
0.79900 0.91496
0.80000 0.92514
0.80100 0.92872
0.80200 0.94474
0.80300 0.94941
0.80400 0.94319
0.80500 0.93475
0.80600 0.93235
0.80700 0.92768
0.80800 0.92382
0.80900 0.93624
0.81000 0.94939
0.81100 0.98371
0.81200 1.02752
0.81300 1.00795
0.81400 0.96823
0.81500 0.94390
0.81600 0.94256
0.81700 0.94421
0.81800 0.93828
0.81900 0.92478
0.82000 0.90509
0.82100 0.89200
0.82200 0.89775
0.82300 0.91218
0.82400 0.92861
0.82500 0.92289
0.82600 0.92994
0.82700 0.94650
0.82800 0.96925
0.82900 0.96329
0.83000 0.98843
0.83100 1.03252
0.83200 1.08685
0.83300 1.14624
0.83400 1.13082
0.83500 1.09218
0.83600 1.08008
0.83700 1.08108
0.83800 1.06352
0.83900 1.05855
0.84000 1.10611
0.84100 1.15464
0.84200 1.15070
0.84300 1.10493
0.84400 1.03451
0.84500 1.00425
0.84600 0.97202
0.84700 0.94078
0.84800 0.92288
0.84900 0.86535
0.85000 0.89874
0.85100 0.96430
0.85200 0.88023
0.85300 0.90791
0.85400 0.93774
0.85500 0.93503
0.85600 0.84500
0.85700 0.85302
0.85800 0.89896
0.85900 0.94958
0.86000 0.92157
0.86100 0.86999
0.86200 0.87371
0.86300 0.92112
0.86400 0.82572
0.86500 0.79671
0.86600 0.82090
0.86700 0.88198
0.86800 0.88528
0.86900 0.66658
0.87000 0.57016
0.87100 0.73154
0.87200 0.85811
0.87300 0.87982
0.87400 0.91225
0.87500 1.01937
0.87600 1.13818
0.87700 1.15460
0.87800 1.12031
0.87900 1.07618
0.88000 1.24423
0.88100 1.35742
0.88200 1.38440
0.88300 1.29289
0.88400 1.32773
0.88500 1.35860
0.88600 1.32860
0.88700 1.16840
0.88800 1.05880
0.88900 1.10148
0.89000 1.18858
0.89100 1.15943
0.89200 0.96274
0.89300 0.92467
0.89400 0.92089
0.89500 0.68357
0.89600 0.30053
0.89700 0.46106
0.89800 0.95545
0.89900 1.14902
0.90000 1.09390
0.90100 0.97699
0.90200 0.87961
0.90300 0.96027
0.90400 0.96236
0.90500 0.95268
0.90600 1.02101
0.90700 1.46089
0.90800 2.48108
0.90900 2.22512
0.91000 0.76199
0.91100 0.91519
0.91200 0.93994
0.91300 0.94023
0.91400 0.95217
0.91500 0.98419
0.91600 0.98346
0.91700 0.92078
0.91800 0.81214
0.91900 0.94825
0.92000 0.96349
