0.49000 0.87205
0.49100 0.88582
0.49200 0.93472
0.49300 0.94909
0.49400 0.95324
0.49500 0.82281
0.49600 0.83556
0.49700 0.85582
0.49800 0.85566
0.49900 0.92355
0.50000 0.89090
0.50100 0.89640
0.50200 0.91359
0.50300 0.94367
0.50400 0.93432
0.50500 0.91990
0.50600 0.87383
0.50700 0.88337
0.50800 0.96266
0.50900 0.94044
0.51000 0.96215
0.51100 0.96880
0.51200 0.96239
0.51300 0.98035
0.51400 0.96570
0.51500 0.91782
0.51600 0.90993
0.51700 0.90476
0.51800 0.94136
0.51900 0.93695
0.52000 0.94333
0.52100 0.98113
0.52200 0.90316
0.52300 0.92640
0.52400 0.98527
0.52500 0.93311
0.52600 1.00401
0.52700 1.00591
0.52800 0.98323
0.52900 0.94679
0.53000 0.91591
0.53100 0.97622
0.53200 1.01664
0.53300 0.97855
0.53400 0.93760
0.53500 0.94085
0.53600 0.91983
0.53700 0.93275
0.53800 0.98483
0.53900 0.95929
0.54000 0.95731
0.54100 0.97953
0.54200 0.97298
0.54300 0.98850
0.54400 1.04359
0.54500 1.01837
0.54600 0.97128
0.54700 0.96068
0.54800 0.96022
0.54900 0.97094
0.55000 1.00000
0.55100 0.96835
0.55200 0.99646
0.55300 1.02231
0.55400 1.01622
0.55500 1.02945
0.55600 0.97475
0.55700 1.01900
0.55800 1.03894
0.55900 1.02020
0.56000 1.02242
0.56100 0.94416
0.56200 0.97251
0.56300 0.97471
0.56400 0.99704
0.56500 1.05545
0.56600 1.02850
0.56700 1.01038
0.56800 0.96777
0.56900 1.01054
0.57000 1.00762
0.57100 1.02205
0.57200 0.99312
0.57300 0.99104
0.57400 0.99586
0.57500 1.08042
0.57600 1.03763
0.57700 0.99933
0.57800 1.00685
0.57900 0.97932
0.58000 1.00947
0.58100 1.01550
0.58200 0.99533
0.58300 1.00894
0.58400 1.03693
0.58500 1.01348
0.58600 0.99863
0.58700 1.01211
0.58800 1.03247
0.58900 0.96563
0.59000 0.97891
0.59100 1.01552
0.59200 0.99841
0.59300 1.03620
0.59400 1.01978
0.59500 0.96012
0.59600 1.00720
0.59700 0.97965
0.59800 1.02455
0.59900 1.05464
0.60000 1.01289
0.60100 0.99105
0.60200 1.01968
0.60300 1.01206
0.60400 1.00601
0.60500 1.03639
0.60600 1.02077
0.60700 1.00623
0.60800 0.99891
0.60900 1.05854
0.61000 1.04423
0.61100 1.04162
0.61200 1.00207
0.61300 1.07748
0.61400 1.02002
0.61500 1.03291
0.61600 1.00177
0.61700 0.96571
0.61800 1.02245
0.61900 0.99275
0.62000 1.03449
0.62100 1.03085
0.62200 1.03053
0.62300 1.04052
0.62400 1.03593
0.62500 1.04918
0.62600 1.04430
0.62700 0.96681
0.62800 1.02864
0.62900 1.01038
0.63000 0.99212
0.63100 1.00651
0.63200 1.05320
0.63300 1.03828
0.63400 0.98472
0.63500 1.01139
0.63600 1.01061
0.63700 1.06261
0.63800 1.01197
0.63900 1.02495
0.64000 1.04486
0.64100 1.03509
0.64200 0.99528
0.64300 1.00359
0.64400 1.02622
0.64500 1.01365
0.64600 1.02566
0.64700 1.04404
0.64800 1.01970
0.64900 0.99393
0.65000 1.03336
0.65100 0.99190
0.65200 1.05910
0.65300 1.05776
0.65400 1.04986
0.65500 1.00183
0.65600 1.05421
0.65700 1.07265
0.65800 0.94386
0.65900 1.00854
0.66000 1.01897
0.66100 1.03662
0.66200 1.02813
0.66300 1.02069
0.66400 1.02063
0.66500 1.03457
0.66600 1.02378
0.66700 1.03066
0.66800 1.03855
0.66900 0.99267
0.67000 0.99201
0.67100 1.01405
0.67200 1.03287
0.67300 1.04210
0.67400 1.01500
0.67500 1.01566
0.67600 1.03545
0.67700 1.04173
0.67800 0.99442
0.67900 1.02690
0.68000 1.02145
0.68100 1.03563
0.68200 0.96969
0.68300 1.02321
0.68400 1.01296
0.68500 1.04893
0.68600 1.01575
0.68700 1.00552
0.68800 0.99891
0.68900 0.92298
0.69000 1.02494
0.69100 1.03568
0.69200 1.00830
0.69300 1.00830
0.69400 0.99571
0.69500 0.99993
0.69600 1.02943
0.69700 1.02778
0.69800 1.01000
0.69900 1.04827
0.70000 1.02397
0.70100 1.01790
0.70200 0.97037
0.70300 0.97428
0.70400 0.96562
0.70500 1.01352
0.70600 1.03823
0.70700 1.01803
0.70800 1.00600
0.70900 1.02809
0.71000 1.02359
0.71100 1.02460
0.71200 1.04264
0.71300 1.05519
0.71400 1.00479
0.71500 1.00185
0.71600 0.99560
0.71700 1.02668
0.71800 1.01300
0.71900 0.93444
0.72000 0.93654
0.72100 0.95452
0.72200 0.99933
0.72300 0.94613
0.72400 0.96973
0.72500 0.96212
0.72600 0.99926
0.72700 0.94434
0.72800 0.92173
0.72900 0.99812
0.73000 0.91506
0.73100 0.99075
0.73200 0.98062
0.73300 1.01049
0.73400 1.03447
0.73500 0.98607
0.73600 1.01839
0.73700 0.98025
0.73800 1.02158
0.73900 1.02148
0.74000 0.95412
0.74100 1.00322
0.74200 0.97625
0.74300 0.98378
0.74400 0.99523
0.74500 0.98255
0.74600 1.01595
0.74700 1.01540
0.74800 0.98289
0.74900 0.99334
0.75000 0.99478
0.75100 1.04228
0.75200 1.04973
0.75300 0.98882
0.75400 1.01722
0.75500 1.04676
0.75600 1.01802
0.75700 1.03466
0.75800 0.99417
0.75900 0.97151
0.76000 0.98034
0.76100 0.99335
0.76200 0.92506
0.76300 0.91040
0.76400 0.92975
0.76500 0.96292
0.76600 0.95419
0.76700 0.93409
0.76800 1.00407
0.76900 0.99703
0.77000 1.00336
0.77100 0.97650
0.77200 1.03001
0.77300 0.96785
0.77400 0.95857
0.77500 1.01582
0.77600 1.02120
0.77700 0.94655
0.77800 1.03294
0.77900 1.01926
0.78000 0.99079
0.78100 1.00745
0.78200 0.88630
0.78300 0.98328
0.78400 0.95966
0.78500 1.01054
0.78600 0.99414
0.78700 1.01629
0.78800 0.99087
0.78900 0.93790
0.79000 0.88610
0.79100 0.89939
0.79200 0.95401
0.79300 0.92411
0.79400 0.93538
0.79500 0.93747
0.79600 0.98720
0.79700 0.98553
0.79800 0.94348
0.79900 0.90262
0.80000 0.91139
0.80100 0.98737
0.80200 1.02988
0.80300 0.92468
0.80400 1.00057
0.80500 0.93180
0.80600 1.01448
0.80700 1.06530
0.80800 0.93610
0.80900 1.01977
0.81000 1.02594
0.81100 0.96181
0.81200 0.98783
0.81300 0.95682
0.81400 0.96430
0.81500 0.92833
0.81600 0.95253
0.81700 1.00615
0.81800 0.95762
0.81900 0.98296
0.82000 0.91154
0.82100 0.91480
0.82200 0.93100
0.82300 0.90881
0.82400 0.93831
0.82500 0.93362
0.82600 1.01251
0.82700 0.94601
0.82800 0.94233
0.82900 1.04117
0.83000 0.93306
0.83100 0.84344
0.83200 0.85450
0.83300 0.94413
0.83400 0.99702
0.83500 0.99683
0.83600 0.89697
0.83700 1.05408
0.83800 0.94074
0.83900 1.00717
0.84000 0.91451
0.84100 0.91723
0.84200 0.96994
0.84300 1.00810
0.84400 0.95624
0.84500 1.01887
0.84600 0.97625
0.84700 0.90168
0.84800 0.97826
0.84900 0.90533
0.85000 0.87488
0.85100 1.00432
0.85200 0.97086
0.85300 0.93129
0.85400 0.96639
0.85500 0.96362
0.85600 0.97749
0.85700 0.86594
0.85800 0.96286
0.85900 0.96876
0.86000 0.87741
0.86100 0.95163
0.86200 0.99856
0.86300 0.95529
0.86400 1.00296
0.86500 0.87867
0.86600 0.89984
0.86700 0.95350
0.86800 0.89661
0.86900 0.97704
0.87000 0.91758
0.87100 0.90510
0.87200 0.97192
0.87300 1.00714
0.87400 1.00332
0.87500 0.84211
0.87600 0.96499
0.87700 0.85591
0.87800 0.95049
0.87900 0.86258
0.88000 0.86029
0.88100 0.92283
0.88200 0.87077
0.88300 0.65597
0.88400 0.85706
0.88500 0.77637
0.88600 0.89041
0.88700 0.93654
0.88800 0.81292
0.88900 0.95537
0.89000 0.89017
0.89100 0.97386
0.89200 0.85232
0.89300 0.89189
0.89400 0.84592
0.89500 0.73312
0.89600 0.81254
0.89700 1.06470
0.89800 0.94291
0.89900 0.86296
0.90000 0.70095
0.90100 0.85528
0.90200 0.71993
0.90300 0.79934
0.90400 0.85694
0.90500 0.85087
0.90600 0.85805
0.90700 0.86134
0.90800 0.86594
0.90900 0.92456
0.91000 0.90358
