0.49000 0.92437
0.49100 0.90260
0.49200 1.02915
0.49300 0.96020
0.49400 0.99920
0.49500 1.00586
0.49600 0.97362
0.49700 1.02103
0.49800 1.02072
0.49900 0.96820
0.50000 0.94740
0.50100 0.95006
0.50200 0.89411
0.50300 1.02324
0.50400 0.96519
0.50500 0.99969
0.50600 0.99202
0.50700 0.94418
0.50800 0.98421
0.50900 1.00839
0.51000 1.02483
0.51100 1.01845
0.51200 1.02591
0.51300 1.01997
0.51400 0.99438
0.51500 0.93096
0.51600 0.96321
0.51700 0.97476
0.51800 0.98212
0.51900 0.98829
0.52000 1.00898
0.52100 1.00859
0.52200 0.93259
0.52300 0.94979
0.52400 0.97933
0.52500 1.05995
0.52600 0.98262
0.52700 0.98893
0.52800 1.02395
0.52900 1.00825
0.53000 1.01730
0.53100 1.01682
0.53200 0.97514
0.53300 0.97875
0.53400 0.96849
0.53500 1.02884
0.53600 0.99821
0.53700 1.00989
0.53800 1.01857
0.53900 1.03590
0.54000 1.05026
0.54100 1.03113
0.54200 1.01017
0.54300 1.05449
0.54400 1.05360
0.54500 1.02061
0.54600 0.95251
0.54700 1.04057
0.54800 1.03525
0.54900 1.04069
0.55000 1.00000
0.55100 1.00718
0.55200 1.00219
0.55300 1.00484
0.55400 1.04783
0.55500 0.95199
0.55600 0.95488
0.55700 0.98707
0.55800 1.06734
0.55900 1.07003
0.56000 1.04984
0.56100 1.03853
0.56200 0.97975
0.56300 1.00823
0.56400 1.06117
0.56500 1.03677
0.56600 1.00563
0.56700 0.99749
0.56800 1.05106
0.56900 1.07104
0.57000 0.99100
0.57100 0.98551
0.57200 1.00702
0.57300 1.00705
0.57400 0.98792
0.57500 0.98614
0.57600 1.01739
0.57700 1.05367
0.57800 1.03666
0.57900 1.01734
0.58000 0.98106
0.58100 1.00069
0.58200 1.01741
0.58300 0.98627
0.58400 1.01159
0.58500 1.02375
0.58600 1.00048
0.58700 1.00451
0.58800 1.00309
0.58900 0.97633
0.59000 1.00621
0.59100 1.00266
0.59200 0.95386
0.59300 0.98908
0.59400 1.07257
0.59500 1.01370
0.59600 0.99879
0.59700 1.02306
0.59800 0.98610
0.59900 1.01065
0.60000 0.98981
0.60100 0.98418
0.60200 0.93708
0.60300 1.00546
0.60400 1.02712
0.60500 1.02916
0.60600 1.03097
0.60700 1.00580
0.60800 1.01132
0.60900 1.01679
0.61000 1.01665
0.61100 0.98618
0.61200 1.00846
0.61300 1.02372
0.61400 1.04817
0.61500 1.04517
0.61600 0.99905
0.61700 0.98821
0.61800 1.04186
0.61900 0.97977
0.62000 0.98944
0.62100 0.99551
0.62200 1.04721
0.62300 0.99312
0.62400 0.97098
0.62500 1.00875
0.62600 1.01455
0.62700 1.00481
0.62800 0.99757
0.62900 0.97384
0.63000 0.96964
0.63100 1.01808
0.63200 1.00378
0.63300 1.00153
0.63400 0.96641
0.63500 0.98112
0.63600 1.02625
0.63700 1.00787
0.63800 1.00417
0.63900 0.95601
0.64000 0.92263
0.64100 0.98372
0.64200 1.00883
0.64300 1.00364
0.64400 1.02299
0.64500 1.02299
0.64600 0.97193
0.64700 1.00131
0.64800 1.00901
0.64900 0.99520
0.65000 0.99458
0.65100 0.96269
0.65200 0.96821
0.65300 1.01841
0.65400 0.99561
0.65500 0.96052
0.65600 0.94346
0.65700 0.99137
0.65800 1.03799
0.65900 1.05160
0.66000 1.02740
0.66100 1.04530
0.66200 1.01744
0.66300 1.00189
0.66400 1.01818
0.66500 0.96308
0.66600 0.95003
0.66700 0.97987
0.66800 0.93479
0.66900 0.97169
0.67000 1.00661
0.67100 0.97952
0.67200 0.99553
0.67300 1.00377
0.67400 1.01201
0.67500 0.99678
0.67600 1.00775
0.67700 0.94448
0.67800 0.98137
0.67900 1.02380
0.68000 0.98104
0.68100 0.97459
0.68200 1.00694
0.68300 1.00340
0.68400 0.97614
0.68500 0.99040
0.68600 0.97505
0.68700 1.01430
0.68800 0.98478
0.68900 1.00539
0.69000 0.98310
0.69100 1.00660
0.69200 1.05741
0.69300 1.02941
0.69400 0.99986
0.69500 0.99608
0.69600 0.98484
0.69700 0.99588
0.69800 0.97665
0.69900 1.00555
0.70000 1.02418
0.70100 1.00035
0.70200 1.00973
0.70300 0.99773
0.70400 1.00949
0.70500 1.00281
0.70600 0.98489
0.70700 0.98954
0.70800 0.99926
0.70900 0.97385
0.71000 0.97715
0.71100 0.95726
0.71200 0.97227
0.71300 1.02207
0.71400 1.00329
0.71500 0.98481
0.71600 1.01409
0.71700 1.01710
0.71800 1.02033
0.71900 1.05616
0.72000 1.03634
0.72100 1.01044
0.72200 1.01510
0.72300 0.97231
0.72400 0.98294
0.72500 1.03261
0.72600 1.04850
0.72700 1.02032
0.72800 1.02343
0.72900 1.02609
0.73000 1.02186
0.73100 1.01807
0.73200 1.01870
0.73300 0.98871
0.73400 0.97788
0.73500 0.96857
0.73600 0.95853
0.73700 0.99164
0.73800 0.98131
0.73900 0.93857
0.74000 0.97420
0.74100 1.01674
0.74200 1.00777
0.74300 0.97631
0.74400 0.99915
0.74500 1.04973
0.74600 0.97572
0.74700 0.94715
0.74800 1.01108
0.74900 0.97871
0.75000 0.98329
0.75100 1.01231
0.75200 0.97742
0.75300 0.99659
0.75400 0.97597
0.75500 0.99583
0.75600 0.97161
0.75700 1.00102
0.75800 0.99638
0.75900 0.98847
0.76000 1.02756
0.76100 1.05238
0.76200 1.07242
0.76300 1.02840
0.76400 0.93547
0.76500 1.00967
0.76600 1.01088
0.76700 1.03446
0.76800 0.98721
0.76900 0.94519
0.77000 1.01992
0.77100 1.01017
0.77200 1.01327
0.77300 1.00564
0.77400 1.00670
0.77500 0.95857
0.77600 0.95004
0.77700 0.96279
0.77800 0.98989
0.77900 1.00500
0.78000 0.97681
0.78100 0.90380
0.78200 0.98571
0.78300 0.92344
0.78400 0.94800
0.78500 0.96525
0.78600 0.97513
0.78700 0.99924
0.78800 0.94963
0.78900 0.99598
0.79000 0.94870
0.79100 0.95282
0.79200 1.03509
0.79300 0.99223
0.79400 0.96074
0.79500 1.00707
0.79600 0.95220
0.79700 0.91772
0.79800 0.99589
0.79900 1.00901
0.80000 0.96635
0.80100 0.93363
0.80200 0.98209
0.80300 1.03382
0.80400 0.97259
0.80500 0.98791
0.80600 1.05380
0.80700 0.97762
0.80800 0.96794
0.80900 1.00075
0.81000 0.97214
0.81100 0.98320
0.81200 0.99969
0.81300 0.96581
0.81400 0.99563
0.81500 0.94724
0.81600 1.02368
0.81700 1.04981
0.81800 0.97821
0.81900 0.99090
0.82000 0.92104
0.82100 0.89528
0.82200 0.94686
0.82300 0.96586
0.82400 0.95190
0.82500 0.95067
0.82600 0.95729
0.82700 0.97256
0.82800 1.00067
0.82900 0.99190
0.83000 0.91229
0.83100 0.89919
0.83200 0.92842
0.83300 0.98422
0.83400 0.96444
0.83500 0.97949
0.83600 1.03664
0.83700 0.99181
0.83800 0.96901
0.83900 0.91747
0.84000 0.94241
0.84100 0.92094
0.84200 0.86891
0.84300 1.00631
0.84400 1.02232
0.84500 0.98250
0.84600 0.92346
0.84700 0.95444
0.84800 0.95341
0.84900 0.99546
0.85000 0.98437
0.85100 0.97963
0.85200 0.89477
0.85300 0.89191
0.85400 0.92603
0.85500 0.97983
0.85600 0.97246
0.85700 0.98484
0.85800 0.98409
0.85900 0.97898
0.86000 1.04116
0.86100 0.99485
0.86200 0.99046
0.86300 1.03226
0.86400 0.96377
0.86500 0.95531
0.86600 0.94029
0.86700 0.95165
0.86800 0.95403
0.86900 0.96960
0.87000 0.93345
0.87100 0.93450
0.87200 0.98789
0.87300 0.96107
0.87400 1.03800
0.87500 0.99561
0.87600 1.00566
0.87700 0.97438
0.87800 0.96297
0.87900 0.99600
0.88000 0.94401
0.88100 0.94250
0.88200 0.90063
0.88300 0.92757
0.88400 0.99622
0.88500 1.00177
0.88600 1.00316
0.88700 0.95036
0.88800 1.03695
0.88900 1.00816
0.89000 0.98872
0.89100 0.97194
0.89200 0.96316
0.89300 0.98241
0.89400 1.00601
0.89500 0.96168
0.89600 0.94588
0.89700 0.88119
0.89800 0.97043
0.89900 0.99699
0.90000 0.94268
0.90100 0.90585
0.90200 0.89787
0.90300 0.92970
0.90400 0.93313
0.90500 0.97342
0.90600 0.96477
0.90700 0.93912
0.90800 0.91138
0.90900 0.99639
0.91000 1.00019
