0.49000 0.89957
0.49100 0.86941
0.49200 0.87872
0.49300 0.93429
0.49400 1.03569
0.49500 0.99680
0.49600 1.00384
0.49700 0.92622
0.49800 0.90902
0.49900 0.90180
0.50000 0.94712
0.50100 0.96825
0.50200 0.87821
0.50300 0.92517
0.50400 0.94982
0.50500 0.89276
0.50600 0.97038
0.50700 0.99594
0.50800 0.94400
0.50900 0.99128
0.51000 0.91882
0.51100 0.97963
0.51200 0.99194
0.51300 0.96069
0.51400 0.88414
0.51500 0.90979
0.51600 0.94715
0.51700 0.95737
0.51800 0.95377
0.51900 0.95044
0.52000 0.99653
0.52100 0.96909
0.52200 0.98631
0.52300 1.04196
0.52400 1.03560
0.52500 0.93054
0.52600 0.93108
0.52700 0.94966
0.52800 0.93849
0.52900 0.92838
0.53000 0.92672
0.53100 0.97671
0.53200 0.96398
0.53300 0.97561
0.53400 0.95192
0.53500 0.98561
0.53600 0.96121
0.53700 0.95223
0.53800 0.95494
0.53900 0.96125
0.54000 0.94956
0.54100 0.95019
0.54200 0.97228
0.54300 0.95527
0.54400 0.94844
0.54500 0.94702
0.54600 0.97035
0.54700 0.87927
0.54800 0.93809
0.54900 1.01906
0.55000 1.00000
0.55100 0.90631
0.55200 0.95118
0.55300 1.00276
0.55400 0.97531
0.55500 0.97223
0.55600 0.91613
0.55700 0.94557
0.55800 0.96594
0.55900 0.90788
0.56000 0.94121
0.56100 0.98169
0.56200 0.98110
0.56300 0.98286
0.56400 0.99003
0.56500 0.91723
0.56600 0.95867
0.56700 0.94645
0.56800 0.96190
0.56900 0.95492
0.57000 1.00347
0.57100 1.01184
0.57200 0.90067
0.57300 0.99640
0.57400 0.97502
0.57500 0.92529
0.57600 0.92938
0.57700 0.95490
0.57800 1.00575
0.57900 0.99310
0.58000 1.03671
0.58100 1.08587
0.58200 1.05683
0.58300 1.01015
0.58400 0.94871
0.58500 1.07486
0.58600 1.01896
0.58700 0.98026
0.58800 0.93306
0.58900 0.87251
0.59000 0.88324
0.59100 0.92861
0.59200 1.01527
0.59300 0.92841
0.59400 0.95845
0.59500 0.92447
0.59600 0.97400
0.59700 1.01430
0.59800 0.92416
0.59900 0.92191
0.60000 0.92437
0.60100 0.96509
0.60200 0.96849
0.60300 0.98349
0.60400 1.03382
0.60500 1.02452
0.60600 0.94890
0.60700 0.95030
0.60800 0.94855
0.60900 0.94061
0.61000 0.96255
0.61100 0.95472
0.61200 0.94880
0.61300 0.93731
0.61400 0.93453
0.61500 0.95741
0.61600 0.96744
0.61700 0.99050
0.61800 1.00322
0.61900 1.01527
0.62000 1.00489
0.62100 1.02224
0.62200 0.96480
0.62300 0.90901
0.62400 1.01183
0.62500 1.00798
0.62600 0.95734
0.62700 1.00266
0.62800 1.02205
0.62900 0.98239
0.63000 0.97114
0.63100 0.95494
0.63200 0.94972
0.63300 0.98133
0.63400 0.95197
0.63500 0.96759
0.63600 0.99533
0.63700 1.01125
0.63800 0.93352
0.63900 0.92143
0.64000 0.93872
0.64100 0.94631
0.64200 0.98762
0.64300 0.97563
0.64400 0.97791
0.64500 0.96142
0.64600 0.94155
0.64700 0.95709
0.64800 0.95693
0.64900 0.96706
0.65000 0.93374
0.65100 0.90507
0.65200 0.98199
0.65300 0.96664
0.65400 0.91826
0.65500 0.93264
0.65600 0.87036
0.65700 0.92908
0.65800 0.96551
0.65900 0.99043
0.66000 0.96374
0.66100 0.91544
0.66200 0.93420
0.66300 0.96168
0.66400 0.97517
0.66500 0.95760
0.66600 0.95636
0.66700 1.00118
0.66800 0.98285
0.66900 0.94584
0.67000 0.95335
0.67100 0.95047
0.67200 0.99138
0.67300 0.99048
0.67400 1.00954
0.67500 1.01980
0.67600 0.98322
0.67700 0.89638
0.67800 0.86815
0.67900 0.94313
0.68000 0.97506
0.68100 0.93757
0.68200 0.96467
0.68300 0.96360
0.68400 0.95173
0.68500 0.95544
0.68600 0.96379
0.68700 0.98185
0.68800 0.96985
0.68900 0.97450
0.69000 1.00451
0.69100 0.98533
0.69200 1.04148
0.69300 1.01081
0.69400 0.97961
0.69500 0.92317
0.69600 0.95742
0.69700 0.96529
0.69800 0.94925
0.69900 0.91830
0.70000 0.92318
0.70100 0.90407
0.70200 0.98022
0.70300 0.94729
0.70400 0.91946
0.70500 0.93507
0.70600 0.99840
0.70700 0.99303
0.70800 0.98241
0.70900 0.94016
0.71000 0.96556
0.71100 0.95894
0.71200 0.93593
0.71300 0.92852
0.71400 0.94081
0.71500 0.93416
0.71600 0.92845
0.71700 0.98134
0.71800 1.00801
0.71900 1.03008
0.72000 0.97470
0.72100 0.95593
0.72200 0.99454
0.72300 0.96513
0.72400 0.92405
0.72500 0.94440
0.72600 0.96697
0.72700 0.92302
0.72800 0.99523
0.72900 1.00837
0.73000 0.87634
0.73100 0.85495
0.73200 0.95783
0.73300 1.01454
0.73400 0.90444
0.73500 0.91095
0.73600 0.97847
0.73700 0.99295
0.73800 1.00567
0.73900 0.97568
0.74000 0.93767
0.74100 0.98137
0.74200 0.94497
0.74300 0.94303
0.74400 0.98419
0.74500 0.95914
0.74600 0.93478
0.74700 0.93735
0.74800 0.95929
0.74900 0.96338
0.75000 0.94060
0.75100 1.00659
0.75200 1.04109
0.75300 0.98828
0.75400 0.97040
0.75500 0.98320
0.75600 0.94248
0.75700 0.94130
0.75800 0.89991
0.75900 0.90128
0.76000 0.93289
0.76100 0.97278
0.76200 1.05454
0.76300 1.12669
0.76400 0.97855
0.76500 0.94886
0.76600 1.03619
0.76700 0.98289
0.76800 1.02282
0.76900 0.98157
0.77000 0.96505
0.77100 0.97826
0.77200 0.88867
0.77300 0.91688
0.77400 0.95286
0.77500 1.03079
0.77600 1.06205
0.77700 1.08051
0.77800 1.00391
0.77900 0.98050
0.78000 0.94197
0.78100 0.97447
0.78200 0.99320
0.78300 0.95768
0.78400 0.83963
0.78500 0.94952
0.78600 0.98145
0.78700 0.98364
0.78800 0.92229
0.78900 0.97770
0.79000 0.96313
0.79100 0.97943
0.79200 0.98025
0.79300 0.94700
0.79400 0.95703
0.79500 0.91896
0.79600 0.91443
0.79700 0.96617
0.79800 0.89710
0.79900 0.97375
0.80000 0.94877
0.80100 0.92481
0.80200 0.92860
0.80300 0.90013
0.80400 0.90345
0.80500 0.82638
0.80600 0.96865
0.80700 0.97590
0.80800 0.93344
0.80900 0.96242
0.81000 0.91251
0.81100 0.83715
0.81200 0.97452
0.81300 0.99507
0.81400 0.86574
0.81500 0.94554
0.81600 0.95082
0.81700 0.97723
0.81800 0.96642
0.81900 0.91720
0.82000 0.90483
0.82100 0.93396
0.82200 0.88682
0.82300 0.96326
0.82400 0.99679
0.82500 0.89908
0.82600 0.96289
0.82700 0.95900
0.82800 0.89116
0.82900 0.93387
0.83000 0.83545
0.83100 0.86187
0.83200 0.89809
0.83300 1.05098
0.83400 1.04569
0.83500 0.97431
0.83600 0.95529
0.83700 0.98349
0.83800 1.04339
0.83900 0.94011
0.84000 0.92369
0.84100 0.97523
0.84200 0.86516
0.84300 0.80005
0.84400 0.85827
0.84500 0.83002
0.84600 0.95931
0.84700 0.96452
0.84800 0.97956
0.84900 0.87523
0.85000 0.88229
0.85100 0.98081
0.85200 1.02542
0.85300 0.92878
0.85400 0.98549
0.85500 1.03078
0.85600 1.03214
0.85700 0.96660
0.85800 0.96968
0.85900 0.85258
0.86000 0.84711
0.86100 0.87039
0.86200 0.89292
0.86300 0.87102
0.86400 0.88064
0.86500 0.90612
0.86600 0.90556
0.86700 1.04555
0.86800 0.93256
0.86900 0.95933
0.87000 1.03345
0.87100 0.96516
0.87200 1.06179
0.87300 1.02151
0.87400 1.05114
0.87500 0.90423
0.87600 0.81356
0.87700 0.87255
0.87800 1.01949
0.87900 1.15115
0.88000 0.99602
0.88100 0.97376
0.88200 0.75602
0.88300 0.84584
0.88400 0.84372
0.88500 0.93720
0.88600 1.05892
0.88700 0.97201
0.88800 0.83016
0.88900 0.87349
0.89000 0.94289
0.89100 0.88830
0.89200 0.85602
0.89300 0.97127
0.89400 0.98999
0.89500 0.99010
0.89600 1.02010
0.89700 0.96744
0.89800 0.85558
0.89900 0.87349
0.90000 0.89860
0.90100 0.83392
0.90200 0.86292
0.90300 0.91121
0.90400 0.89210
0.90500 0.87481
0.90600 0.91136
0.90700 0.92399
0.90800 0.96007
0.90900 1.05766
0.91000 0.94362
