    0.7800   -1.0000   -1.0000    0.0000
    0.7850   -1.0000   -1.0000    0.0000
    0.7900   -1.0000   -1.0000    0.0000
    0.7950   -1.0000   -1.0000    0.0000
    0.8000   -1.0000   -1.0000    0.0000
    0.8050   -1.0000   -1.0000    0.0000
    0.8100   -1.0000   -1.0000    0.0000
    0.8150   -1.0000   -1.0000    0.0000
    0.8200    1.0527    0.0602    1.0000
    0.8250    1.0468    0.0629    2.0000
    0.8300    1.0248    0.0601    2.0000
    0.8350    0.9932    0.0584    2.0000
    0.8400    0.9935    0.0575    2.0000
    0.8450    0.9857    0.0566    2.0000
    0.8500    0.9661    0.0562    2.0000
    0.8550    0.9495    0.0562    2.0000
    0.8600    0.9282    0.0573    2.0000
    0.8650    0.8676    0.0538    2.0000
    0.8700    0.8624    0.0541    2.0000
    0.8750    0.8834    0.0557    2.0000
    0.8800    0.8502    0.0487    2.0000
    0.8850    0.8841    0.0494    2.0000
    0.8900    0.8590    0.0447    2.0000
    0.8950    0.8645    0.0449    2.0000
    0.9000    0.8549    0.0424    2.0000
    0.9050    0.8425    0.0421    2.0000
    0.9100    0.8294    0.0404    2.0000
    0.9150    0.8258    0.0410    2.0000
    0.9200    0.8294    0.0395    2.0000
    0.9250    0.8403    0.0436    2.0000
    0.9300    0.7973    0.0394    2.0000
    0.9350    0.7921    0.0393    2.0000
    0.9400    0.8064    0.0400    2.0000
    0.9450    0.8280    0.0408    2.0000
    0.9500    0.8345    0.0398    2.0000
    0.9550    0.8260    0.0368    2.0000
    0.9600    0.8744    0.0404    2.0000
    0.9650    0.8914    0.0399    2.0000
    0.9700    0.8718    0.0357    2.0000
    0.9750    0.8844    0.0357    2.0000
    0.9800    0.8867    0.0356    2.0000
    0.9850    0.8598    0.0342    2.0000
    0.9900    0.8711    0.0347    2.0000
    0.9950    0.8931    0.0347    2.0000
    1.0000    0.8984    0.0342    2.0000
    1.0050    0.8929    0.0331    2.0000
    1.0100    0.9114    0.0334    2.0000
    1.0150    0.9498    0.0352    2.0000
    1.0200    0.9444    0.0347    2.0000
    1.0250    0.9439    0.0337    2.0000
    1.0300    0.9753    0.0351    2.0000
    1.0350    0.9934    0.0367    2.0000
    1.0400    1.0232    0.0377    2.0000
    1.0450    1.0102    0.0364    2.0000
    1.0500    0.9885    0.0349    2.0000
    1.0550    0.9817    0.0340    2.0000
    1.0600    1.0107    0.0342    2.0000
    1.0650    1.0568    0.0353    2.0000
    1.0700    1.0516    0.0324    1.0000
    1.0750    1.0404    0.0352    2.0000
    1.0800    1.0276    0.0348    2.0000
    1.0850    1.0364    0.0343    2.0000
    1.0900    1.0602    0.0347    2.0000
    1.0950    1.0526    0.0336    2.0000
    1.1000    1.0354    0.0326    2.0000
    1.1050    1.0464    0.0368    2.0000
    1.1100    1.0489    0.0347    2.0000
    1.1150    1.0501    0.0332    2.0000
    1.1200    1.0616    0.0346    2.0000
    1.1250    1.0711    0.0349    2.0000
    1.1300    1.1041    0.0390    2.0000
    1.1350    1.0781    0.0377    2.0000
    1.1400    1.0764    0.0364    2.0000
    1.1450    1.0526    0.0371    2.0000
    1.1500   -1.0000   -1.0000    0.0000
    1.1550    1.0681    0.0325    1.0000
    1.1600    1.1250    0.0369    2.0000
    1.1650    1.1339    0.0314    1.0000
    1.1700    1.1364    0.0335    2.0000
    1.1750    1.1377    0.0336    2.0000
    1.1800    1.1508    0.0322    2.0000
    1.1850    1.1336    0.0309    2.0000
    1.1900    1.1316    0.0314    2.0000
    1.1950    1.1250    0.0321    2.0000
    1.2000    1.1104    0.0358    1.0000
    1.2050    1.0641    0.0298    1.0000
    1.2100    1.1029    0.0342    2.0000
    1.2150    1.1043    0.0338    1.0000
    1.2200   -1.0000   -1.0000    0.0000
    1.2250    1.0785    0.0299    1.0000
    1.2300    1.1187    0.0316    2.0000
    1.2350    1.1767    0.0330    2.0000
    1.2400    1.1526    0.0309    1.0000
    1.2450    1.1496    0.0336    2.0000
    1.2500    1.1586    0.0329    2.0000
    1.2550    1.1234    0.0340    2.0000
    1.2600    1.1041    0.0374    2.0000
    1.2650    1.0992    0.0357    2.0000
    1.2700    1.1425    0.0354    2.0000
    1.2750    1.1465    0.0345    2.0000
    1.2800    1.1500    0.0354    2.0000
    1.2850    1.1155    0.0338    2.0000
    1.2900    1.1192    0.0341    2.0000
    1.2950    1.1469    0.0311    2.0000
    1.3000    1.1701    0.0354    2.0000
    1.3050    1.1285    0.0344    2.0000
    1.3100    1.1338    0.0330    2.0000
    1.3150    1.1819    0.0348    2.0000
    1.3200    1.1812    0.0344    2.0000
    1.3250    1.1771    0.0344    2.0000
    1.3300    1.2009    0.0356    2.0000
    1.3350    1.2235    0.0365    2.0000
    1.3400    1.2037    0.0371    2.0000
    1.3450    1.2059    0.0407    2.0000
    1.3500   -1.0000   -1.0000    0.0000
    1.3550    1.1456    0.0506    2.0000
    1.3600    1.1296    0.0553    2.0000
    1.3650    1.1336    0.0627    2.0000
    1.3700    1.1460    0.0658    2.0000
    1.3750    1.2019    0.0649    2.0000
    1.3800    1.2217    0.0638    2.0000
    1.3850    1.2170    0.0633    2.0000
    1.3900    1.1873    0.0625    2.0000
    1.3950    1.1728    0.0592    2.0000
    1.4000    1.1750    0.0576    2.0000
    1.4050    1.1260    0.0534    2.0000
    1.4100    1.1345    0.0515    2.0000
    1.4150    1.1283    0.0473    2.0000
    1.4200    1.1898    0.0487    2.0000
    1.4250    1.1519    0.0453    2.0000
    1.4300    1.1799    0.0449    2.0000
    1.4350    1.2329    0.0460    2.0000
    1.4400    1.2243    0.0459    2.0000
    1.4450    1.2642    0.0481    2.0000
    1.4500    1.2179    0.0433    2.0000
    1.4550    1.1394    0.0418    2.0000
    1.4600    1.1131    0.0413    2.0000
    1.4650    1.1305    0.0426    2.0000
    1.4700    1.1547    0.0430    2.0000
    1.4750    1.1672    0.0451    2.0000
    1.4800    1.1107    0.0416    2.0000
    1.4850    1.1431    0.0414    2.0000
    1.4900    1.2598    0.0541    1.0000
    1.4950    1.1899    0.0456    2.0000
    1.5000    1.0568    0.0435    1.0000
    1.5050    1.1029    0.0417    2.0000
    1.5100    1.2117    0.0449    2.0000
    1.5150    1.2034    0.0445    2.0000
    1.5200    1.1757    0.0424    2.0000
    1.5250    1.1916    0.0445    2.0000
    1.5300    1.1057    0.0457    2.0000
    1.5350    0.9894    0.0419    2.0000
    1.5400    1.0752    0.0439    2.0000
    1.5450    1.1989    0.0457    2.0000
    1.5500    1.1434    0.0420    2.0000
    1.5550    1.1297    0.0449    2.0000
    1.5600    1.1480    0.0427    2.0000
    1.5650    1.0285    0.0400    2.0000
    1.5700    0.9276    0.0380    2.0000
    1.5750    0.9236    0.0404    2.0000
    1.5800    1.0263    0.0438    2.0000
    1.5850    1.1144    0.0473    2.0000
    1.5900    1.1446    0.0447    2.0000
    1.5950    1.1621    0.0464    2.0000
    1.6000    1.1611    0.0468    2.0000
    1.6050    1.0516    0.0422    2.0000
    1.6100    0.9774    0.0425    2.0000
    1.6150    1.1697    0.0509    2.0000
    1.6200   -1.0000   -1.0000    0.0000
    1.6250    0.9859    0.0437    2.0000
    1.6300    0.8530    0.0396    2.0000
    1.6350    0.9292    0.0431    2.0000
    1.6400    1.0258    0.0476    2.0000
    1.6450    1.0213    0.0456    2.0000
    1.6500    1.0605    0.0476    2.0000
    1.6550    1.0380    0.0464    2.0000
    1.6600    0.8987    0.0446    2.0000
    1.6650    0.9999    0.0511    2.0000
    1.6700    1.0739    0.0506    2.0000
    1.6750    0.9401    0.0466    2.0000
    1.6800    0.8118    0.0434    2.0000
    1.6850    0.7368    0.0388    2.0000
    1.6900    0.7648    0.0413    2.0000
    1.6950    0.9048    0.0466    2.0000
    1.7000    0.8397    0.0395    2.0000
    1.7050    0.6851    0.0378    2.0000
    1.7100   -1.0000   -1.0000    0.0000
    1.7150    0.7806    0.0459    2.0000
    1.7200    0.9298    0.0473    2.0000
    1.7250    1.0379    0.0517    2.0000
    1.7300    0.9713    0.0447    2.0000
    1.7350    0.8612    0.0440    2.0000
    1.7400    0.7806    0.0425    2.0000
    1.7450    0.6914    0.0430    2.0000
    1.7500    0.7388    0.0433    2.0000
    1.7550    0.8433    0.0460    2.0000
    1.7600    0.8677    0.0454    2.0000
    1.7650    0.8305    0.0464    2.0000
    1.7700    0.7630    0.0431    2.0000
    1.7750    0.7475    0.0455    2.0000
    1.7800    0.7381    0.0415    2.0000
    1.7850    0.6707    0.0450    2.0000
    1.7900    0.7134    0.0512    2.0000
    1.7950    0.7277    0.0460    2.0000
    1.8000    0.7708    0.0555    2.0000
    1.8050    0.8766    0.0628    2.0000
    1.8100    0.9368    0.0636    2.0000
    1.8150    0.7830    0.0572    2.0000
    1.8200    0.6000    0.0613    2.0000
    1.8250    0.8457    0.0798    2.0000
    1.8300    0.8194    0.0579    2.0000
    1.8350    0.6176    0.0756    2.0000
    1.8400    0.8226    0.0930    2.0000
    1.8450    0.7515    0.0938    2.0000
    1.8500    0.7432    0.1097    2.0000
    1.8550    0.5812    0.0742    2.0000
    1.8600   -1.0000   -1.0000    0.0000
    1.8650   -1.0000   -1.0000    0.0000
    1.8700    0.6531    0.1001    2.0000
    1.8750    0.6294    0.0931    2.0000
    1.8800    0.7669    0.1282    2.0000
    1.8850    0.6922    0.0818    2.0000
    1.8900    0.6501    0.0811    2.0000
    1.8950    0.7819    0.0798    2.0000
    1.9000    0.7967    0.0875    2.0000
    1.9050    0.7507    0.0824    2.0000
    1.9100    0.7838    0.1055    2.0000
    1.9150    0.5858    0.0936    2.0000
    1.9200   -1.0000   -1.0000    0.0000
    1.9250    0.6245    0.0854    2.0000
    1.9300    0.5614    0.0716    2.0000
    1.9350    0.5327    0.0843    1.0000
    1.9400    0.7179    0.0793    2.0000
    1.9450    0.7671    0.0673    2.0000
    1.9500    0.6734    0.0769    2.0000
    1.9550    0.8045    0.0843    2.0000
    1.9600    0.8596    0.0883    2.0000
    1.9650    0.7145    0.0801    2.0000
    1.9700    0.7113    0.0806    2.0000
    1.9750    0.6490    0.0667    2.0000
    1.9800    0.6433    0.0717    2.0000
    1.9850    0.8517    0.0701    2.0000
    1.9900    0.8845    0.0686    2.0000
    1.9950    0.8194    0.0683    2.0000
    2.0000    0.7062    0.0700    2.0000
    2.0050    0.6583    0.0763    2.0000
    2.0100    0.6074    0.0867    2.0000
    2.0150    0.5935    0.1180    2.0000
    2.0200    0.7316    0.1039    2.0000
    2.0250    0.6192    0.0868    2.0000
    2.0300    0.5265    0.0677    2.0000
    2.0350    0.5583    0.0607    2.0000
    2.0400    0.6596    0.0631    2.0000
    2.0450    0.6186    0.0586    2.0000
    2.0500    0.5330    0.0599    2.0000
    2.0550    0.5681    0.0768    2.0000
    2.0600    0.5382    0.0749    2.0000
    2.0650    0.6967    0.0870    2.0000
    2.0700    0.8868    0.0906    2.0000
    2.0750    0.8464    0.0858    2.0000
    2.0800    0.7248    0.0755    2.0000
    2.0850    0.7495    0.0719    2.0000
    2.0900    0.8400    0.0745    2.0000
    2.0950    0.8324    0.0772    2.0000
    2.1000    0.8442    0.0760    2.0000
    2.1050    0.7360    0.0681    2.0000
    2.1100    0.7429    0.0762    2.0000
    2.1150    0.9249    0.0883    2.0000
    2.1200    0.8976    0.0733    2.0000
    2.1250    0.6959    0.0677    2.0000
    2.1300    0.6870    0.0748    2.0000
    2.1350    0.8367    0.0772    2.0000
    2.1400    0.9249    0.0799    2.0000
    2.1450    0.8563    0.0756    2.0000
    2.1500    0.7002    0.0705    2.0000
    2.1550   -1.0000   -1.0000    0.0000
    2.1600    0.7728    0.0947    2.0000
    2.1650    0.9614    0.0933    2.0000
    2.1700    0.9075    0.0897    2.0000
    2.1750    0.8906    0.0941    2.0000
    2.1800    0.8884    0.0902    2.0000
    2.1850    0.8788    0.0954    2.0000
    2.1900    0.8707    0.0925    2.0000
    2.1950    0.8153    0.0881    2.0000
    2.2000    0.9883    0.1111    2.0000
    2.2050    0.8510    0.0816    2.0000
    2.2100   -1.0000   -1.0000    0.0000
    2.2150    0.9328    0.1040    2.0000
    2.2200    0.8743    0.0872    2.0000
    2.2250    0.7418    0.0930    2.0000
    2.2300    0.8915    0.1016    2.0000
    2.2350    0.8497    0.1006    2.0000
    2.2400    0.8957    0.1098    2.0000
    2.2450    1.0062    0.1102    2.0000
    2.2500    0.9715    0.1148    2.0000
    2.2550    0.9462    0.1134    2.0000
    2.2600    0.8860    0.1055    2.0000
    2.2650    0.8940    0.1143    2.0000
    2.2700    0.8923    0.1103    2.0000
    2.2750    0.8451    0.1109    2.0000
    2.2800   -1.0000   -1.0000    0.0000
    2.2850    0.8676    0.1234    2.0000
    2.2900    1.0727    0.1392    2.0000
    2.2950    1.0626    0.1266    2.0000
    2.3000    0.8208    0.1128    2.0000
    2.3050    0.8753    0.1287    2.0000
    2.3100    0.9225    0.1114    2.0000
    2.3150    0.8963    0.1394    2.0000
    2.3200    0.9613    0.1239    2.0000
    2.3250    0.9626    0.1372    2.0000
    2.3300    0.9575    0.1186    2.0000
    2.3350    1.0438    0.1517    2.0000
    2.3400    1.0533    0.1270    2.0000
    2.3450    0.9056    0.1376    2.0000
    2.3500    0.9113    0.1304    2.0000
    2.3550    0.9531    0.1466    2.0000
    2.3600    1.0401    0.1424    2.0000
    2.3650    0.9950    0.1407    2.0000
    2.3700    0.8846    0.1302    2.0000
    2.3750    0.8270    0.1317    2.0000
    2.3800   -1.0000   -1.0000    0.0000
    2.3850   -1.0000   -1.0000    0.0000
    2.3900   -1.0000   -1.0000    0.0000
    2.3950    1.0156    0.1625    2.0000
    2.4000    1.1027    0.1366    2.0000
    2.4050   -1.0000   -1.0000    0.0000
    2.4100   -1.0000   -1.0000    0.0000
    2.4150    0.8948    0.1462    2.0000
    2.4200   -1.0000   -1.0000    0.0000
    2.4250   -1.0000   -1.0000    0.0000
    2.4300   -1.0000   -1.0000    0.0000
    2.4350   -1.0000   -1.0000    0.0000
    2.4400   -1.0000   -1.0000    0.0000
    2.4450   -1.0000   -1.0000    0.0000
    2.4500    1.0000    0.1000    1.0000
    2.4550   -1.0000   -1.0000    0.0000
    2.4600   -1.0000   -1.0000    0.0000
    2.4650   -1.0000   -1.0000    0.0000
    2.4700   -1.0000   -1.0000    0.0000
    2.4750   -1.0000   -1.0000    0.0000
    2.4800   -1.0000   -1.0000    0.0000
    2.4850   -1.0000   -1.0000    0.0000
    2.4900   -1.0000   -1.0000    0.0000
