    0.6500   -1.0000   -1.0000         3
    0.6550   -1.0000   -1.0000         3
    0.6600   -1.0000   -1.0000         3
    0.6650   -1.0000   -1.0000         3
    0.6700   -1.0000   -1.0000         3
    0.6750   -1.0000   -1.0000         3
    0.6800    2.8623    0.3732         3
    0.6850    2.8194    0.2996         3
    0.6900    2.6645    0.2217         3
    0.6950    2.7164    0.1753         3
    0.7000    2.6654    0.1547         3
    0.7050    2.7031    0.1384         3
    0.7100    2.8216    0.1321         3
    0.7150    2.6525    0.1162         3
    0.7200    2.6389    0.1102         3
    0.7250    2.6006    0.1025         3
    0.7300    2.5808    0.0966         3
    0.7350    2.5410    0.0952         3
    0.7400    2.4420    0.0857         3
    0.7450    2.4332    0.0873         3
    0.7500    2.3391    0.0929         3
    0.7550    2.3023    0.0892         3
    0.7600    2.2020    0.0766         3
    0.7650    2.0865    0.0685         3
    0.7700    2.0378    0.0687         3
    0.7750    1.9309    0.0660         3
    0.7800    1.8266    0.0621         3
    0.7850    1.7518    0.0596         3
    0.7900    1.6575    0.0561         3
    0.7950    1.5681    0.0562         3
    0.8000    1.5153    0.0547         3
    0.8050    1.4565    0.0524         3
    0.8100    1.3727    0.0529         3
    0.8150    1.2758    0.0498         3
    0.8200    1.2985    0.0500         3
    0.8250    1.2338    0.0499         3
    0.8300    1.1603    0.0470         3
    0.8350    1.1254    0.0472         3
    0.8400    1.1219    0.0469         3
    0.8450    1.0614    0.0475         3
    0.8500    0.9474    0.0435         3
    0.8550    0.9210    0.0421         3
    0.8600    0.9300    0.0432         3
    0.8650    0.9018    0.0424         3
    0.8700    0.8622    0.0418         3
    0.8750    0.8450    0.0391         3
    0.8800    0.8384    0.0388         3
    0.8850    0.8130    0.0375         3
    0.8900    0.7823    0.0366         3
    0.8950    0.7874    0.0376         3
    0.9000    0.7891    0.0375         3
    0.9050    0.7655    0.0381         3
    0.9100    0.7523    0.0364         3
    0.9150    0.7526    0.0343         3
    0.9200    0.7439    0.0341         3
    0.9250    0.7575    0.0358         3
    0.9300    0.7440    0.0358         3
    0.9350    0.7081    0.0372         3
    0.9400    0.7147    0.0360         3
    0.9450    0.7326    0.0350         3
    0.9500    0.7425    0.0361         3
    0.9550    0.7443    0.0364         3
    0.9600    0.7437    0.0346         3
    0.9650    0.7204    0.0339         3
    0.9700    0.7131    0.0333         3
    0.9750    0.7391    0.0357         3
    0.9800    0.7463    0.0319         3
    0.9850    0.7313    0.0317         3
    0.9900    0.7662    0.0374         3
    0.9950    0.7915    0.0336         3
    1.0000    0.7716    0.0357         3
    1.0050    0.8026    0.0337         3
    1.0100    0.8463    0.0351         3
    1.0150    0.8616    0.0330         3
    1.0200    0.8886    0.0320         3
    1.0250    0.9066    0.0331         3
    1.0300    0.9299    0.0345         3
    1.0350    0.9419    0.0344         3
    1.0400    0.9784    0.0342         3
    1.0450    1.0165    0.0336         3
    1.0500    1.0331    0.0348         3
    1.0550    1.0488    0.0363         3
    1.0600    1.0676    0.0342         3
    1.0650    1.1162    0.0366         3
    1.0700    1.1623    0.0395         3
    1.0750    1.2056    0.0380         3
    1.0800    1.2410    0.0398         3
    1.0850    1.2592    0.0373         3
    1.0900    1.3294    0.0428         3
    1.0950    1.3947    0.0460         3
    1.1000    1.4122    0.0482         3
    1.1050    1.4530    0.0421         3
    1.1100    1.4930    0.0436         3
    1.1150    1.5509    0.0454         3
    1.1200    1.5722    0.0472         3
    1.1250    1.5558    0.0502         3
    1.1300    1.5939    0.0495         3
    1.1350    1.6339    0.0507         3
    1.1400    1.6681    0.0488         3
    1.1450    1.6522    0.0489         3
    1.1500    1.6825    0.0547         3
    1.1550    1.7111    0.0543         3
    1.1600    1.7142    0.0475         3
    1.1650    1.7363    0.0500         3
    1.1700    1.7553    0.0502         3
    1.1750    1.7344    0.0535         3
    1.1800    1.7614    0.0462         3
    1.1850    1.8085    0.0475         3
    1.1900    1.8415    0.0511         3
    1.1950    1.8700    0.0480         3
    1.2000    1.8517    0.0529         3
    1.2050    1.8783    0.0604         3
    1.2100    1.9112    0.0523         3
    1.2150    1.9103    0.0520         3
    1.2200    1.9132    0.0516         3
    1.2250    1.9123    0.0526         3
    1.2300    1.8837    0.0541         3
    1.2350    1.9220    0.0585         3
    1.2400    1.9978    0.0586         3
    1.2450    2.0475    0.0585         3
    1.2500    2.0500    0.0592         3
    1.2550    2.0752    0.0566         3
    1.2600    2.0571    0.0555         3
    1.2650    1.9977    0.0583         3
    1.2700    2.0644    0.0597         3
    1.2750    2.1124    0.0611         2
    1.2800    2.1808    0.0622         3
    1.2850    2.1985    0.0632         3
    1.2900    2.1741    0.0575         1
    1.2950    2.2001    0.0581         3
    1.3000    2.1707    0.0578         3
    1.3050    2.2183    0.0597         3
    1.3100    2.2068    0.0616         3
    1.3150    2.2949    0.0653         3
    1.3200    2.3612    0.0622         3
    1.3250    2.2916    0.0658         2
    1.3300    2.3319    0.0655         2
    1.3350    2.3651    0.0617         1
    1.3400    2.4200    0.0649         1
    1.3450    2.4828    0.0707         1
    1.3500    2.6304    0.0798         2
    1.3550    2.3881    0.0964         2
    1.3600    2.4642    0.1212         2
    1.3650    2.4353    0.1239         3
    1.3700    2.5280    0.1252         2
    1.3750    2.5476    0.1275         3
    1.3800    2.6344    0.1217         1
    1.3850    2.5151    0.1150         3
    1.3900    2.6633    0.1147         3
    1.3950    2.5486    0.1138         3
    1.4000    2.5672    0.1082         2
    1.4050    2.5580    0.1059         2
    1.4100    2.6256    0.1103         2
    1.4150    2.5927    0.0981         2
    1.4200    2.8718    0.0954         2
    1.4250    2.8253    0.0944         1
    1.4300    2.6238    0.0860         3
    1.4350    2.7127    0.0904         3
    1.4400    2.8395    0.0962         3
    1.4450    2.7890    0.0849         3
    1.4500    2.7460    0.0883         3
    1.4550    2.8324    0.0819         3
    1.4600    2.7243    0.0835         3
    1.4650    2.7376    0.0821         3
    1.4700    2.8023    0.0857         3
    1.4750    2.7658    0.0971         3
    1.4800    2.7785    0.0787         3
    1.4850    2.7866    0.0836         3
    1.4900    2.5675    0.0753         1
    1.4950    2.7145    0.0780         3
    1.5000    2.7582    0.0753         2
    1.5050   -1.0000   -1.0000         1
    1.5100    2.8337    0.0745         3
    1.5150    2.7885    0.0799         2
    1.5200    2.9762    0.0801         3
    1.5250    2.8095    0.0775         3
    1.5300    2.8345    0.0804         3
    1.5350    2.8533    0.0802         3
    1.5400    2.7291    0.0752         3
    1.5450    2.7278    0.0871         3
    1.5500    2.7382    0.0784         3
    1.5550    2.7694    0.0817         3
    1.5600    2.6806    0.0716         3
    1.5650    2.6287    0.0741         3
    1.5700    2.6087    0.0785         3
    1.5750    2.5244    0.0822         3
    1.5800    2.4942    0.0781         3
    1.5850    2.4809    0.0819         3
    1.5900    2.5936    0.0876         3
    1.5950    2.6054    0.0779         3
    1.6000    2.5341    0.0780         3
    1.6050    2.3635    0.0794         3
    1.6100    2.2813    0.0791         3
    1.6150    2.3887    0.0753         3
    1.6200    2.4156    0.0735         3
    1.6250    2.3522    0.0759         3
    1.6300    2.3815    0.0782         3
    1.6350    2.2933    0.0822         3
    1.6400    2.3095    0.0803         3
    1.6450    2.3752    0.0805         3
    1.6500    2.2538    0.0764         3
    1.6550    2.1387    0.0826         3
    1.6600    2.2463    0.0779         3
    1.6650    2.2381    0.0847         3
    1.6700    2.1904    0.0898         3
    1.6750    2.1861    0.0780         3
    1.6800    2.1991    0.0838         3
    1.6850    2.1909    0.0931         3
    1.6900    2.1423    0.0772         3
    1.6950    2.1598    0.0790         3
    1.7000    2.2130    0.0840         3
    1.7050    2.1871    0.0809         3
    1.7100    2.0257    0.0740         3
    1.7150    1.9046    0.0737         3
    1.7200    2.0171    0.0783         3
    1.7250    2.0729    0.0798         3
    1.7300    2.0009    0.0830         3
    1.7350    1.9103    0.0865         3
    1.7400    1.8256    0.0816         3
    1.7450    1.8779    0.0831         3
    1.7500    1.8743    0.0846         3
    1.7550    1.7262    0.0745         3
    1.7600    1.6957    0.0812         3
    1.7650    1.6558    0.0877         3
    1.7700    1.6470    0.0808         3
    1.7750    1.7167    0.0890         3
    1.7800    1.7756    0.0898         3
    1.7850    1.7348    0.0825         3
    1.7900    1.6179    0.0873         3
    1.7950    1.6186    0.0952         3
    1.8000    1.6554    0.0907         3
    1.8050   -1.0000   -1.0000         3
    1.8100   -1.0000   -1.0000         3
    1.8150    1.4947    0.1158         3
    1.8200    1.6310    0.1419         3
    1.8250    1.6288    0.1268         3
    1.8300    1.5531    0.1416         3
    1.8350    1.4985    0.1647         3
    1.8400    1.4378    0.1808         3
    1.8450    1.6926    0.2240         3
    1.8500    1.5873    0.1857         3
    1.8550    1.6041    0.2101         3
    1.8600    1.6707    0.1757         3
    1.8650    1.7311    0.2258         2
    1.8700    1.6258    0.2252         3
    1.8750    1.3771    0.2037         3
    1.8800    1.5205    0.1546         3
    1.8850    1.6294    0.1469         3
    1.8900    1.5917    0.1457         3
    1.8950    1.6156    0.1673         3
    1.9000    1.6443    0.1661         3
    1.9050    1.6421    0.1844         3
    1.9100    1.6823    0.1677         3
    1.9150    1.5704    0.1562         3
    1.9200    1.4983    0.1510         3
    1.9250    1.5199    0.1381         3
    1.9300    1.5474    0.1343         3
    1.9350    1.4992    0.1434         3
    1.9400    1.5348    0.1371         3
    1.9450    1.5880    0.1371         3
    1.9500    1.5289    0.1430         3
    1.9550    1.4134    0.1428         3
    1.9600    1.4276    0.1411         3
    1.9650    1.5034    0.1303         3
    1.9700    1.5074    0.1352         3
    1.9750    1.5606    0.1334         3
    1.9800    1.5122    0.1181         3
    1.9850    1.5057    0.1128         3
    1.9900    1.6368    0.1068         3
    1.9950    1.6570    0.1300         3
    2.0000    1.6522    0.1872         3
    2.0050    1.4765    0.2103         3
    2.0100    1.6110    0.2228         3
    2.0150    1.7582    0.1850         3
    2.0200    1.5652    0.1478         3
    2.0250    1.4706    0.1504         2
    2.0300    1.4573    0.1256         3
    2.0350    1.6323    0.1212         3
    2.0400    1.7167    0.1195         3
    2.0450    1.4969    0.1142         2
    2.0500    1.7761    0.1600         1
    2.0550    1.5822    0.1511         3
    2.0600    1.6199    0.1659         3
    2.0650    1.6649    0.1618         3
    2.0700    1.6807    0.1360         3
    2.0750    1.7259    0.1470         3
    2.0800    1.7695    0.1544         3
    2.0850    1.7377    0.1268         3
    2.0900    1.7621    0.1269         3
    2.0950    1.7296    0.1256         3
    2.1000    1.8627    0.1327         3
    2.1050    1.9709    0.1422         3
    2.1100    1.8263    0.1328         3
    2.1150    1.6905    0.1228         3
    2.1200    1.8248    0.1394         3
    2.1250    1.9350    0.1515         3
    2.1300    1.7887    0.1286         3
    2.1350    1.7221    0.1429         3
    2.1400    1.8132    0.1425         3
    2.1450    1.8962    0.1441         3
    2.1500    1.8496    0.1537         3
    2.1550    1.7668    0.1476         3
    2.1600    1.9028    0.1676         3
    2.1650    1.8686    0.1573         3
    2.1700    1.8736    0.1549         3
    2.1750    2.0848    0.1743         3
    2.1800    2.0306    0.1506         3
    2.1850    2.1090    0.1636         3
    2.1900    2.1793    0.1703         3
    2.1950    2.1884    0.1729         2
    2.2000   -1.0000   -1.0000         2
    2.2050    2.1557    0.1701         3
    2.2100    2.0051    0.1404         2
    2.2150    2.2861    0.2037         2
    2.2200   -1.0000   -1.0000         1
    2.2250    2.0858    0.1722         3
    2.2300    2.0600    0.1981         3
    2.2350    2.0675    0.1801         3
    2.2400    1.9911    0.1719         3
    2.2450    2.0946    0.1765         3
    2.2500    2.1345    0.1806         3
    2.2550    2.1895    0.1825         3
    2.2600    2.3135    0.1821         3
    2.2650    2.2953    0.1913         3
    2.2700    2.1816    0.1824         3
    2.2750    2.1625    0.2006         3
    2.2800    2.2598    0.1983         3
    2.2850    2.2818    0.1802         3
    2.2900    2.4283    0.2157         2
    2.2950    2.6353    0.2279         3
    2.3000    2.4008    0.2073         3
    2.3050    2.5551    0.2221         3
    2.3100    2.5047    0.2003         3
    2.3150    2.2781    0.2373         3
    2.3200    2.3490    0.2060         3
    2.3250    2.5730    0.2189         3
    2.3300    2.6726    0.2227         3
    2.3350    2.7315    0.2468         3
    2.3400    2.6599    0.2331         3
    2.3450    2.6911    0.2377         3
    2.3500   -1.0000   -1.0000         0
    2.3550    3.1789    0.2887         1
    2.3600   -1.0000   -1.0000         2
    2.3650   -1.0000   -1.0000         0
    2.3700    2.6631    0.2708         3
    2.3750    2.6361    0.2414         2
    2.3800    3.1821    0.3510         2
    2.3850    2.7990    0.2259         2
    2.3900   -1.0000   -1.0000         1
    2.3950    2.9084    0.2643         3
    2.4000    3.0172    0.2859         3
    2.4050    2.9261    0.2684         3
    2.4100    2.9998    0.2871         2
    2.4150   -1.0000   -1.0000         1
    2.4200    3.0983    0.2803         3
    2.4250    2.9594    0.2552         2
    2.4300    2.6361    0.2269         2
    2.4350    2.8739    0.3103         3
    2.4400   -1.0000   -1.0000         1
    2.4450    2.8990    0.2999         2
    2.4500    2.8562    0.3052         2
    2.4550   -1.0000   -1.0000         1
    2.4600   -1.0000   -1.0000         0
    2.4650   -1.0000   -1.0000         0
    2.4700    3.1474    0.3528         2
    2.4750   -1.0000   -1.0000         0
    2.4800   -1.0000   -1.0000         0
    2.4850   -1.0000   -1.0000         0
    2.4900   -1.0000   -1.0000         1
