    0.6500   -1.0000   -1.0000         3
    0.6550   -1.0000   -1.0000         3
    0.6600   -1.0000   -1.0000         3
    0.6650   -1.0000   -1.0000         3
    0.6700   -1.0000   -1.0000         3
    0.6750    0.9513    0.1444         3
    0.6800   -1.0000   -1.0000         3
    0.6850   -1.0000   -1.0000         3
    0.6900   -1.0000   -1.0000         3
    0.6950   -1.0000   -1.0000         3
    0.7000   -1.0000   -1.0000         3
    0.7050   -1.0000   -1.0000         3
    0.7100    1.0132    0.0381         3
    0.7150    1.0304    0.0348         3
    0.7200    1.0196    0.0324         3
    0.7250    1.0318    0.0308         3
    0.7300    1.0418    0.0295         3
    0.7350    1.0312    0.0280         3
    0.7400    1.0479    0.0272         3
    0.7450    1.0460    0.0273         3
    0.7500    1.0699    0.0305         3
    0.7550    1.0434    0.0287         3
    0.7600    1.0348    0.0257         3
    0.7650    1.0396    0.0238         3
    0.7700    1.0228    0.0231         3
    0.7750    1.0258    0.0224         3
    0.7800    1.0233    0.0222         3
    0.7850    1.0026    0.0218         3
    0.7900    1.0081    0.0215         3
    0.7950    0.9991    0.0213         3
    0.8000    1.0014    0.0211         3
    0.8050    0.9868    0.0210         3
    0.8100    0.9788    0.0210         3
    0.8150    0.9642    0.0206         3
    0.8200    0.9720    0.0205         3
    0.8250    0.9555    0.0201         3
    0.8300    0.9460    0.0198         3
    0.8350    0.9504    0.0197         3
    0.8400    0.9295    0.0194         3
    0.8450    0.9249    0.0194         3
    0.8500    0.9181    0.0193         3
    0.8550    0.9147    0.0188         3
    0.8600    0.9137    0.0185         3
    0.8650    0.9119    0.0183         3
    0.8700    0.8996    0.0180         3
    0.8750    0.9023    0.0178         3
    0.8800    0.8882    0.0174         3
    0.8850    0.8834    0.0172         3
    0.8900    0.8811    0.0170         3
    0.8950    0.8840    0.0169         3
    0.9000    0.8875    0.0168         3
    0.9050    0.8774    0.0165         3
    0.9100    0.8827    0.0164         3
    0.9150    0.8768    0.0161         3
    0.9200    0.8803    0.0160         3
    0.9250    0.8847    0.0161         3
    0.9300    0.8863    0.0165         3
    0.9350    0.8862    0.0164         3
    0.9400    0.8808    0.0163         3
    0.9450    0.8840    0.0167         3
    0.9500    0.9002    0.0163         3
    0.9550    0.8981    0.0163         3
    0.9600    0.9025    0.0156         3
    0.9650    0.9021    0.0154         3
    0.9700    0.9074    0.0154         3
    0.9750    0.9153    0.0153         3
    0.9800    0.9269    0.0155         3
    0.9850    0.9247    0.0151         3
    0.9900    0.9286    0.0147         3
    0.9950    0.9424    0.0147         3
    1.0000    0.9534    0.0148         3
    1.0050    0.9526    0.0147         3
    1.0100    0.9578    0.0146         3
    1.0150    0.9554    0.0148         3
    1.0200    0.9665    0.0146         3
    1.0250    0.9707    0.0145         3
    1.0300    0.9777    0.0146         3
    1.0350    0.9893    0.0147         3
    1.0400    0.9993    0.0148         3
    1.0450    1.0045    0.0149         3
    1.0500    1.0095    0.0150         3
    1.0550    1.0163    0.0152         3
    1.0600    1.0160    0.0153         3
    1.0650    1.0291    0.0157         3
    1.0700    1.0268    0.0157         3
    1.0750    1.0341    0.0160         3
    1.0800    1.0358    0.0162         3
    1.0850    1.0375    0.0162         3
    1.0900    1.0628    0.0167         3
    1.0950    1.0543    0.0167         3
    1.1000    1.0541    0.0168         3
    1.1050    1.0579    0.0168         3
    1.1100    1.0535    0.0168         2
    1.1150    1.0667    0.0177         3
    1.1200    1.0728    0.0184         3
    1.1250    1.0674    0.0186         3
    1.1300    1.0839    0.0191         3
    1.1350    1.0831    0.0190         3
    1.1400    1.0956    0.0193         3
    1.1450    1.1053    0.0187         3
    1.1500   -1.0000   -1.0000         3
    1.1550   -1.0000   -1.0000         3
    1.1600    1.1062    0.0179         3
    1.1650    1.1078    0.0178         3
    1.1700   -1.0000   -1.0000         0
    1.1750    1.1187    0.0177         3
    1.1800    1.1149    0.0177         3
    1.1850    1.1198    0.0180         3
    1.1900    1.1271    0.0184         3
    1.1950    1.1275    0.0183         3
    1.2000    1.1064    0.0184         2
    1.2050    1.1294    0.0189         3
    1.2100    1.1368    0.0186         3
    1.2150    1.1258    0.0190         3
    1.2200    1.1373    0.0195         3
    1.2250    1.1326    0.0191         3
    1.2300    1.1347    0.0189         3
    1.2350    1.1399    0.0192         3
    1.2400    1.1534    0.0192         3
    1.2450    1.1414    0.0189         3
    1.2500    1.1511    0.0193         3
    1.2550    1.1549    0.0195         3
    1.2600    1.1577    0.0204         3
    1.2650    1.1425    0.0203         3
    1.2700    1.1499    0.0200         3
    1.2750    1.1594    0.0203         3
    1.2800   -1.0000   -1.0000         1
    1.2850    1.1758    0.0198         3
    1.2900    1.1751    0.0193         3
    1.2950    1.1861    0.0194         3
    1.3000    1.1817    0.0197         3
    1.3050    1.1757    0.0194         3
    1.3100    1.1758    0.0197         3
    1.3150    1.1754    0.0202         3
    1.3200    1.1919    0.0204         3
    1.3250    1.1966    0.0212         3
    1.3300    1.1919    0.0208         3
    1.3350    1.1854    0.0206         3
    1.3400    1.2083    0.0222         3
    1.3450    1.2024    0.0240         3
    1.3500    1.1956    0.0282         3
    1.3550    1.2099    0.0342         1
    1.3600   -1.0000   -1.0000         0
    1.3650   -1.0000   -1.0000         1
    1.3700   -1.0000   -1.0000         0
    1.3750   -1.0000   -1.0000         2
    1.3800    1.2404    0.0382         2
    1.3850    1.2236    0.0364         3
    1.3900   -1.0000   -1.0000         2
    1.3950    1.2378    0.0357         3
    1.4000   -1.0000   -1.0000         1
    1.4050    1.2393    0.0328         3
    1.4100    1.2383    0.0314         3
    1.4150    1.2295    0.0294         3
    1.4200   -1.0000   -1.0000         1
    1.4250    1.2626    0.0297         2
    1.4300    1.2329    0.0279         3
    1.4350    1.2404    0.0273         3
    1.4400    1.2527    0.0273         3
    1.4450    1.2606    0.0264         3
    1.4500    1.2429    0.0254         3
    1.4550    1.2357    0.0251         3
    1.4600    1.2380    0.0245         3
    1.4650    1.2515    0.0249         3
    1.4700   -1.0000   -1.0000         1
    1.4750    1.2691    0.0245         3
    1.4800    1.2588    0.0242         3
    1.4850    1.2611    0.0242         3
    1.4900    1.2556    0.0233         3
    1.4950    1.2378    0.0234         3
    1.5000   -1.0000   -1.0000         2
    1.5050    1.2651    0.0231         3
    1.5100    1.2455    0.0227         3
    1.5150    1.2503    0.0229         3
    1.5200    1.2607    0.0232         3
    1.5250    1.2605    0.0224         3
    1.5300   -1.0000   -1.0000         3
    1.5350   -1.0000   -1.0000         3
    1.5400    1.2595    0.0230         3
    1.5450    1.2562    0.0230         3
    1.5500    1.2747    0.0231         3
    1.5550    1.2766    0.0229         3
    1.5600    1.2609    0.0229         3
    1.5650    1.2654    0.0233         3
    1.5700    1.2482    0.0234         3
    1.5750    1.2675    0.0257         3
    1.5800    1.2688    0.0252         3
    1.5850    1.2584    0.0251         3
    1.5900    1.2578    0.0257         3
    1.5950    1.2522    0.0247         3
    1.6000    1.2432    0.0248         3
    1.6050    1.2362    0.0244         3
    1.6100    1.2287    0.0243         3
    1.6150    1.2246    0.0240         3
    1.6200    1.2303    0.0247         3
    1.6250    1.2456    0.0238         3
    1.6300    1.2361    0.0246         3
    1.6350    1.2189    0.0249         3
    1.6400    1.2342    0.0256         3
    1.6450   -1.0000   -1.0000         3
    1.6500    1.2356    0.0260         3
    1.6550    1.2056    0.0247         3
    1.6600    1.2187    0.0264         3
    1.6650    1.2165    0.0256         3
    1.6700    1.2115    0.0265         3
    1.6750    1.2237    0.0265         3
    1.6800    1.2201    0.0267         3
    1.6850    1.2013    0.0258         3
    1.6900    1.1953    0.0267         3
    1.6950    1.2155    0.0267         3
    1.7000    1.2092    0.0262         3
    1.7050    1.1887    0.0292         3
    1.7100   -1.0000   -1.0000         3
    1.7150    1.1901    0.0282         3
    1.7200    1.1926    0.0270         3
    1.7250    1.1796    0.0271         3
    1.7300    1.1780    0.0287         3
    1.7350   -1.0000   -1.0000         3
    1.7400    1.1751    0.0280         3
    1.7450    1.1740    0.0287         3
    1.7500    1.1633    0.0281         3
    1.7550    1.1860    0.0289         3
    1.7600    1.1690    0.0289         3
    1.7650    1.1679    0.0285         3
    1.7700    1.1873    0.0296         3
    1.7750    1.1510    0.0292         3
    1.7800    1.1339    0.0290         3
    1.7850    1.1543    0.0308         3
    1.7900    1.1663    0.0305         3
    1.7950    1.1313    0.0340         3
    1.8000   -1.0000   -1.0000         3
    1.8050    1.1630    0.0359         3
    1.8100   -1.0000   -1.0000         2
    1.8150    1.1727    0.0413         3
    1.8200    1.1542    0.0433         3
    1.8250    1.1510    0.0462         3
    1.8300    1.1382    0.0551         3
    1.8350   -1.0000   -1.0000         2
    1.8400    1.1381    0.0639         3
    1.8450    1.1897    0.0692         3
    1.8500    1.1854    0.0672         3
    1.8550    1.1215    0.0587         2
    1.8600   -1.0000   -1.0000         2
    1.8650    1.1788    0.0751         2
    1.8700   -1.0000   -1.0000         0
    1.8750    1.1899    0.0711         3
    1.8800    1.1395    0.0583         3
    1.8850    1.1350    0.0520         3
    1.8900    1.1331    0.0513         3
    1.8950    1.1277    0.0568         3
    1.9000    1.0880    0.0579         2
    1.9050    1.1435    0.0643         3
    1.9100    1.1809    0.0635         3
    1.9150    1.1727    0.0590         3
    1.9200    1.1474    0.0546         3
    1.9250    1.1574    0.0533         3
    1.9300    1.1286    0.0500         3
    1.9350    1.1374    0.0464         3
    1.9400    1.1397    0.0459         3
    1.9450    1.1434    0.0467         3
    1.9500    1.1055    0.0528         2
    1.9550   -1.0000   -1.0000         2
    1.9600    1.1567    0.0522         3
    1.9650    1.1455    0.0495         3
    1.9700    1.1558    0.0443         3
    1.9750    1.1767    0.0419         3
    1.9800    1.1517    0.0394         3
    1.9850    1.1661    0.0399         3
    1.9900    1.1373    0.0399         3
    1.9950   -1.0000   -1.0000         1
    2.0000    1.2191    0.0689         2
    2.0050   -1.0000   -1.0000         1
    2.0100    1.1304    0.0768         3
    2.0150    1.1835    0.0653         3
    2.0200    1.1357    0.0533         2
    2.0250    1.2040    0.0493         3
    2.0300    1.1304    0.0478         3
    2.0350    1.1605    0.0444         3
    2.0400    1.1897    0.0443         3
    2.0450    1.1331    0.0444         2
    2.0500    1.1387    0.0498         3
    2.0550    1.1536    0.0519         3
    2.0600    1.1899    0.0528         3
    2.0650    1.1768    0.0532         3
    2.0700    1.1709    0.0509         3
    2.0750    1.2033    0.0494         3
    2.0800    1.1982    0.0494         3
    2.0850    1.2145    0.0465         3
    2.0900    1.1969    0.0456         3
    2.0950    1.1947    0.0467         3
    2.1000    1.2067    0.0473         3
    2.1050    1.2127    0.0468         3
    2.1100    1.2019    0.0468         3
    2.1150    1.2236    0.0476         3
    2.1200    1.2201    0.0476         3
    2.1250    1.2070    0.0484         3
    2.1300    1.1938    0.0476         3
    2.1350    1.2112    0.0484         3
    2.1400    1.2224    0.0484         3
    2.1450    1.1870    0.0493         3
    2.1500    1.1908    0.0515         3
    2.1550    1.2051    0.0506         3
    2.1600    1.1932    0.0542         3
    2.1650    1.2007    0.0516         3
    2.1700    1.2289    0.0519         3
    2.1750    1.2146    0.0520         3
    2.1800    1.2545    0.0530         3
    2.1850    1.2193    0.0521         3
    2.1900    1.2425    0.0551         3
    2.1950    1.2463    0.0546         3
    2.2000    1.2407    0.0545         3
    2.2050    1.2182    0.0551         3
    2.2100    1.2187    0.0533         3
    2.2150    1.2420    0.0552         3
    2.2200    1.2381    0.0584         3
    2.2250    1.2212    0.0556         3
    2.2300    1.2243    0.0567         3
    2.2350    1.2251    0.0565         3
    2.2400    1.2337    0.0577         3
    2.2450    1.2206    0.0587         3
    2.2500    1.2505    0.0592         3
    2.2550    1.2520    0.0603         3
    2.2600    1.2049    0.0608         3
    2.2650    1.2648    0.0624         3
    2.2700   -1.0000   -1.0000         2
    2.2750   -1.0000   -1.0000         1
    2.2800    1.2591    0.0626         3
    2.2850    1.2390    0.0639         3
    2.2900    1.2326    0.0651         3
    2.2950    1.2222    0.0643         3
    2.3000    1.1890    0.0576         2
    2.3050    1.2680    0.0655         3
    2.3100    1.2355    0.0656         3
    2.3150    1.2403    0.0664         3
    2.3200   -1.0000   -1.0000         0
    2.3250    1.2363    0.0703         3
    2.3300   -1.0000   -1.0000         1
    2.3350   -1.0000   -1.0000         2
    2.3400    1.2654    0.0735         3
    2.3450    1.2150    0.0643         2
    2.3500   -1.0000   -1.0000         0
    2.3550    1.2559    0.0748         3
    2.3600    1.2614    0.0791         3
    2.3650    1.2906    0.0770         3
    2.3700    1.2470    0.0795         3
    2.3750    1.2811    0.0802         3
    2.3800    1.2776    0.0816         3
    2.3850    1.2762    0.0813         3
    2.3900    1.2819    0.0822         2
    2.3950    1.2970    0.0799         3
    2.4000    1.2717    0.0861         3
    2.4050    1.2569    0.0775         3
    2.4100    1.2786    0.0861         3
    2.4150    1.3131    0.0944         3
    2.4200    1.3034    0.0892         3
    2.4250    1.3099    0.0879         3
    2.4300    1.3384    0.0897         2
    2.4350    1.2272    0.0779         2
    2.4400    1.3354    0.0950         2
    2.4450   -1.0000   -1.0000         1
    2.4500    1.2620    0.0811         2
    2.4550   -1.0000   -1.0000         0
    2.4600   -1.0000   -1.0000         0
    2.4650   -1.0000   -1.0000         0
    2.4700   -1.0000   -1.0000         0
    2.4750   -1.0000   -1.0000         0
    2.4800   -1.0000   -1.0000         1
    2.4850    1.2804    0.0902         1
    2.4900   -1.0000   -1.0000         1
