    0.4350    0.7948    0.0181         1
    0.4375    0.8085    0.0162         1
    0.4400    0.8346    0.0149         1
    0.4425    0.8242    0.0130         1
    0.4450    0.8273    0.0116         1
    0.4475    0.8321    0.0105         1
    0.4500    0.8340    0.0095         1
    0.4525    0.8329    0.0087         1
    0.4550    0.8394    0.0082         1
    0.4575    0.8607    0.0077         1
    0.4600    0.8616    0.0072         1
    0.4625    0.8649    0.0067         1
    0.4650    0.8569    0.0063         1
    0.4675    0.8641    0.0060         1
    0.4700    0.8755    0.0057         1
    0.4725    0.8732    0.0055         1
    0.4750    0.8842    0.0052         1
    0.4775    0.8839    0.0049         1
    0.4800    0.8838    0.0047         1
    0.4825    0.8840    0.0044         1
    0.4850    0.8965    0.0042         1
    0.4875    0.8922    0.0041         1
    0.4900    0.9086    0.0042         1
    0.4925    0.9095    0.0040         1
    0.4950    0.9080    0.0037         1
    0.4975    0.9135    0.0036         1
    0.5000    0.9148    0.0035         1
    0.5025    0.9267    0.0034         1
    0.5050    0.9350    0.0034         1
    0.5075    0.9393    0.0033         1
    0.5100    0.9351    0.0031         1
    0.5125    0.9389    0.0030         1
    0.5150    0.9463    0.0030         1
    0.5175    0.9603    0.0029         1
    0.5200    0.9565    0.0029         1
    0.5225    0.9697    0.0029         1
    0.5250    0.9770    0.0029         1
    0.5275    0.9845    0.0027         1
    0.5300    0.9792    0.0026         1
    0.5350    0.9831    0.0025         1
    0.5375    0.9880    0.0024         1
    0.5400    0.9894    0.0024         1
    0.5425    0.9869    0.0023         1
    0.5450    1.0004    0.0023         1
    0.5475    1.0035    0.0023         1
    0.5500    1.0009    0.0022         1
    0.5525    1.0121    0.0022         1
    0.5550    1.0138    0.0022         1
    0.5575    1.0157    0.0021         1
    0.5600    1.0198    0.0021         1
    0.5625    1.0224    0.0021         1
    0.5650    1.0240    0.0021         1
    0.5675    1.0260    0.0020         1
    0.5700    1.0328    0.0020         1
    0.5725    1.0345    0.0020         1
    0.5750    1.0307    0.0019         1
    0.5775    1.0405    0.0019         1
    0.5800    1.0334    0.0019         1
    0.5825    1.0399    0.0018         1
    0.5850    1.0419    0.0018         1
    0.5875    1.0437    0.0018         1
    0.5900    1.0499    0.0018         1
    0.5925    1.0595    0.0018         1
    0.5950    1.0571    0.0018         1
    0.5975    1.0581    0.0017         1
    0.6000    1.0573    0.0017         1
    0.6025    1.0610    0.0017         1
    0.6050    1.0731    0.0017         1
    0.6075    1.0721    0.0017         1
    0.6100    1.0705    0.0017         1
    0.6125    1.0728    0.0016         1
    0.6150    1.0856    0.0017         1
    0.6175    1.0838    0.0016         1
    0.6200    1.0896    0.0016         1
    0.6225    1.0975    0.0016         1
    0.6250    1.0940    0.0016         1
    0.6275    1.0980    0.0016         1
    0.6300    1.1012    0.0016         1
    0.6325    1.0966    0.0016         1
    0.6350    1.1034    0.0016         1
    0.6375    1.1068    0.0016         1
    0.6400    1.1225    0.0016         1
    0.6425    1.1144    0.0016         1
    0.6450    1.1235    0.0016         1
    0.6475    1.1326    0.0016         1
    0.6500    1.1291    0.0016         1
    0.6525    1.1336    0.0016         1
    0.6550    1.1376    0.0016         1
    0.6575    1.1329    0.0015         1
    0.6600    1.1358    0.0020         1
    0.6625    1.1451    0.0018         1
    0.6650    1.1443    0.0015         1
    0.6675    1.1522    0.0017         1
    0.6700    1.1542    0.0017         1
    0.6725    1.1547    0.0017         1
    0.6750    1.1641    0.0015         1
    0.6775    1.1654    0.0015         1
    0.6800    1.1659    0.0015         1
    0.6825    1.1750    0.0015         1
    0.6850    1.1752    0.0015         1
    0.6875    1.1733    0.0015         1
    0.6900    1.1856    0.0036         1
    0.6950    1.1712    0.0020         1
    0.6975    1.1705    0.0020         1
    0.7000    1.1825    0.0015         1
    0.7025    1.1885    0.0015         1
    0.7050    1.1923    0.0016         1
    0.7075    1.1906    0.0015         1
    0.7100    1.1959    0.0016         1
    0.7125    1.2014    0.0016         1
    0.7150    1.2011    0.0016         1
    0.7175    1.1952    0.0016         1
    0.7200    1.2077    0.0026         1
    0.7350    1.2033    0.0021         1
    0.7375    1.2108    0.0017         1
    0.7400    1.2134    0.0017         1
    0.7425    1.2094    0.0017         1
    0.7450    1.2131    0.0017         1
    0.7475    1.2121    0.0017         1
    0.7500    1.2094    0.0017         1
    0.7525    1.2068    0.0017         1
    0.7550    1.2075    0.0017         1
    0.7575    1.2092    0.0019         1
    0.7700    1.1806    0.0028         1
    0.7725    1.1848    0.0017         1
    0.7750    1.1840    0.0017         1
    0.7775    1.1769    0.0017         1
    0.7800    1.1775    0.0018         1
    0.7825    1.1818    0.0018         1
    0.7850    1.1828    0.0018         1
    0.7875    1.1731    0.0018         1
    0.7900    1.1684    0.0018         1
    0.7925    1.1744    0.0018         1
    0.7950    1.1696    0.0018         1
    0.7975    1.1596    0.0018         1
    0.8000    1.1596    0.0018         1
    0.8025    1.1598    0.0019         1
    0.8050    1.1587    0.0019         1
    0.8075    1.1547    0.0019         1
    0.8100    1.1538    0.0019         1
    0.8125    1.1599    0.0030         1
    0.8150    1.1423    0.0031         1
    0.8175    1.1306    0.0031         1
    0.8200    1.1399    0.0032         1
    0.8225    1.1225    0.0031         1
    0.8250    1.1195    0.0031         1
    0.8275    1.1225    0.0026         1
    0.8300    1.1218    0.0020         1
    0.8325    1.1201    0.0021         1
    0.8350    1.1310    0.0021         1
    0.8375    1.1266    0.0021         1
    0.8400    1.1036    0.0021         1
    0.8425    1.1098    0.0021         1
    0.8450    1.1047    0.0021         1
    0.8475    1.0974    0.0021         1
    0.8500    1.0902    0.0022         1
    0.8525    1.0996    0.0023         1
    0.8550    1.0874    0.0023         1
    0.8575    1.0861    0.0022         1
    0.8600    1.0737    0.0023         1
    0.8625    1.0651    0.0023         1
    0.8650    1.0660    0.0024         1
    0.8675    1.0577    0.0024         1
    0.8700    1.0638    0.0024         1
    0.8725    1.0637    0.0024         1
    0.8750    1.0551    0.0024         1
    0.8775    1.0470    0.0025         1
    0.8800    1.0428    0.0025         1
    0.8825    1.0477    0.0025         1
    0.8850    1.0476    0.0026         1
    0.8875    1.0469    0.0026         1
    0.8900    1.0402    0.0026         1
    0.8925    1.0343    0.0027         1
    0.8950    1.0259    0.0027         1
    0.8975    1.0249    0.0028         1
    0.9000    1.0175    0.0028         1
    0.9025    1.0239    0.0029         1
    0.9050    1.0223    0.0029         1
    0.9075    1.0201    0.0030         1
    0.9100    1.0120    0.0030         1
    0.9125    1.0234    0.0031         1
    0.9150    1.0320    0.0032         1
    0.9175    1.0198    0.0036         1
    0.9200    1.0332    0.0037         1
    0.9225    1.0322    0.0053         1
    0.9250    1.0253    0.0054         1

    0.6500   -1.0000   -1.0000         3
    0.6550   -1.0000   -1.0000         3
    0.6600   -1.0000   -1.0000         3
    0.6650   -1.0000   -1.0000         3
    0.6700   -1.0000   -1.0000         3
    0.6750   -1.0000   -1.0000         3
    0.6800   -1.0000   -1.0000         3
    0.6850   -1.0000   -1.0000         3
    0.6900   -1.0000   -1.0000         3
    0.6950   -1.0000   -1.0000         3
    0.7000   -1.0000   -1.0000         3
    0.7050   -1.0000   -1.0000         3
    0.7100   -1.0000   -1.0000         3
    0.7150   -1.0000   -1.0000         3
    0.7200   -1.0000   -1.0000         3
    0.7250   -1.0000   -1.0000         3
    0.7300   -1.0000   -1.0000         3
    0.7350   -1.0000   -1.0000         3
    0.7400   -1.0000   -1.0000         3
    0.7450   -1.0000   -1.0000         3
    0.7500   -1.0000   -1.0000         3
    0.7550   -1.0000   -1.0000         3
    0.7600    1.2036    0.0091         3
    0.7650   -1.0000   -1.0000         3
    0.7700    1.1915    0.0077         3
    0.7750    1.1806    0.0074         3
    0.7800    1.1741    0.0073         3
    0.7850    1.1728    0.0072         3
    0.7900    1.1638    0.0070         3
    0.7950    1.1545    0.0072         3
    0.8000    1.1459    0.0068         3
    0.8050    1.1387    0.0068         3
    0.8100    1.1301    0.0069         3
    0.8150    1.1204    0.0071         3
    0.8200    1.1293    0.0074         3
    0.8250    1.1320    0.0072         3
    0.8300    1.1192    0.0074         3
    0.8350    1.1075    0.0068         3
    0.8400    1.1060    0.0066         3
    0.8450    1.1080    0.0069         3
    0.8500    1.0974    0.0066         3
    0.8550    1.0866    0.0067         3
    0.8600    1.0815    0.0064         3
    0.8650    1.0682    0.0064         3
    0.8700    1.0650    0.0063         3
    0.8750    1.0714    0.0065         3
    0.8800    1.0589    0.0063         3
    0.8850    1.0536    0.0058         3
    0.8900    1.0526    0.0061         3
    0.8950    1.0452    0.0059         3
    0.9000    1.0459    0.0057         3
    0.9050    1.0445    0.0057         3
    0.9100    1.0449    0.0056         3
    0.9150    1.0378    0.0056         3
    0.9200    1.0364    0.0057         3
    0.9250    1.0395    0.0063         3
    0.9300    1.0482    0.0063         3
    0.9350    1.0422    0.0060         3
    0.9400    1.0376    0.0061         3
    0.9450    1.0519    0.0062         3
    0.9500    1.0539    0.0059         3
    0.9550    1.0581    0.0065         3
    0.9600    1.0606    0.0067         3
    0.9650    1.0596    0.0062         3
    0.9700    1.0666    0.0057         3
    0.9750    1.0791    0.0059         3
    0.9800    1.0759    0.0059         3
    0.9850    1.0791    0.0056         3
    0.9900    1.0947    0.0059         3
    0.9950    1.1014    0.0054         3
    1.0000    1.0988    0.0057         3
    1.0050    1.1098    0.0057         3
    1.0100    1.1214    0.0055         3
    1.0150    1.1200    0.0056         3
    1.0200    1.1320    0.0056         3
    1.0250    1.1260    0.0055         3
    1.0300    1.1312    0.0054         3
    1.0350    1.1282    0.0054         3
    1.0400    1.1338    0.0054         3
    1.0450    1.1352    0.0053         3
    1.0500    1.1401    0.0053         3
    1.0550    1.1431    0.0052         3
    1.0600    1.1426    0.0052         3
    1.0650    1.1485    0.0054         3
    1.0700    1.1465    0.0053         3
    1.0750    1.1515    0.0052         3
    1.0800    1.1551    0.0053         3
    1.0850    1.1666    0.0056         3
    1.0900    1.1728    0.0056         3
    1.0950    1.1773    0.0056         3
    1.1000    1.1828    0.0057         3
    1.1050    1.1825    0.0061         3
    1.1100    1.1754    0.0067         3
    1.1150    1.2023    0.0073         3
    1.1200    1.2124    0.0073         1
    1.1250    1.2039    0.0067         3
    1.1300    1.2024    0.0074         3
    1.1350    1.1912    0.0082         3
    1.1400    1.2003    0.0076         3
    1.1450    1.2097    0.0081         3
    1.1500    1.2189    0.0090         2
    1.1550    1.1939    0.0091         3
    1.1600    1.2022    0.0116         1
    1.1650    1.1983    0.0087         3
    1.1700    1.2299    0.0080         3
    1.1750    1.2366    0.0071         3
    1.1800    1.2387    0.0058         2
    1.1850    1.2290    0.0069         3
    1.1900    1.2307    0.0067         3
    1.1950    1.2240    0.0067         3
    1.2000    1.2329    0.0068         3
    1.2050    1.2448    0.0069         3
    1.2100    1.2488    0.0066         3
    1.2150    1.2464    0.0062         3
    1.2200    1.2438    0.0065         3
    1.2250    1.2403    0.0062         3
    1.2300    1.2514    0.0065         3
    1.2350    1.2512    0.0066         3
    1.2400    1.2552    0.0068         3
    1.2450    1.2563    0.0065         3
    1.2500    1.2533    0.0063         3
    1.2550    1.2519    0.0064         3
    1.2600    1.2610    0.0067         3
    1.2650    1.2647    0.0065         3
    1.2700    1.2564    0.0067         3
    1.2750    1.2731    0.0073         3
    1.2800    1.2619    0.0074         3
    1.2850    1.2671    0.0067         3
    1.2900    1.2701    0.0067         3
    1.2950    1.2789    0.0065         3
    1.3000    1.2764    0.0066         3
    1.3050    1.2733    0.0066         3
    1.3100    1.2778    0.0064         3
    1.3150    1.2786    0.0064         3
    1.3200    1.2871    0.0068         3
    1.3250    1.2969    0.0070         3
    1.3300    1.2988    0.0072         3
    1.3350    1.2885    0.0081         3
    1.3400    1.3015    0.0105         1
    1.3450    1.2795    0.0116         1
    1.3500    1.2927    0.0134         1
    1.3550   -1.0000   -1.0000         0
    1.3600   -1.0000   -1.0000         1
    1.3650   -1.0000   -1.0000         0
    1.3700   -1.0000   -1.0000         0
    1.3750    1.3096    0.0291         2
    1.3800    1.3192    0.0237         3
    1.3850    1.3037    0.0197         3
    1.3900   -1.0000   -1.0000         2
    1.3950    1.3337    0.0301         1
    1.4000    1.3186    0.0190         3
    1.4050    1.3245    0.0290         1
    1.4100    1.3063    0.0142         2
    1.4150    1.2987    0.0126         2
    1.4200    1.3028    0.0120         3
    1.4250    1.3224    0.0117         3
    1.4300    1.3336    0.0111         3
    1.4350    1.3335    0.0106         3
    1.4400   -1.0000   -1.0000         2
    1.4450   -1.0000   -1.0000         2
    1.4500    1.3289    0.0100         3
    1.4550    1.3290    0.0096         3
    1.4600    1.3306    0.0090         3
    1.4650    1.3405    0.0091         3
    1.4700    1.3264    0.0089         3
    1.4750    1.3232    0.0092         3
    1.4800    1.3437    0.0099         3
    1.4850    1.3280    0.0096         3
    1.4900    1.3190    0.0087         3
    1.4950   -1.0000   -1.0000         2
    1.5000    1.3265    0.0078         3
    1.5050    1.3318    0.0078         3
    1.5100    1.3281    0.0077         3
    1.5150    1.3335    0.0076         3
    1.5200    1.3337    0.0073         3
    1.5250    1.3321    0.0077         3
    1.5300    1.3224    0.0074         3
    1.5350    1.3318    0.0073         3
    1.5400    1.3167    0.0071         3
    1.5450    1.3287    0.0070         3
    1.5500    1.3087    0.0074         3
    1.5550    1.3113    0.0074         3
    1.5600    1.3147    0.0078         3
    1.5650   -1.0000   -1.0000         3
    1.5700    1.3185    0.0079         3
    1.5750    1.3101    0.0075         3
    1.5800    1.3109    0.0075         3
    1.5850    1.2976    0.0075         3
    1.5900    1.3114    0.0076         3
    1.5950    1.3129    0.0077         3
    1.6000    1.2998    0.0073         3
    1.6050    1.3059    0.0079         3
    1.6100    1.3030    0.0076         3
    1.6150    1.3068    0.0081         3
    1.6200    1.2997    0.0075         3
    1.6250    1.2936    0.0079         3
    1.6300    1.2961    0.0074         3
    1.6350    1.2982    0.0079         3
    1.6400    1.2872    0.0079         3
    1.6450    1.2824    0.0078         3
    1.6500    1.2896    0.0079         3
    1.6550    1.2891    0.0077         3
    1.6600    1.2788    0.0076         3
    1.6650    1.2703    0.0076         3
    1.6700    1.2915    0.0086         3
    1.6750    1.2847    0.0080         3
    1.6800    1.2733    0.0080         3
    1.6850    1.2710    0.0078         3
    1.6900    1.2633    0.0076         3
    1.6950    1.2661    0.0084         3
    1.7000    1.2587    0.0085         3
    1.7050    1.2519    0.0088         3
    1.7100    1.2525    0.0092         3
    1.7150    1.2569    0.0086         3
    1.7200    1.2654    0.0088         3
    1.7250    1.2645    0.0086         3
    1.7300    1.2639    0.0085         3
    1.7350    1.2622    0.0091         3
    1.7400    1.2560    0.0083         3
    1.7450    1.2580    0.0084         3
    1.7500    1.2604    0.0090         3
    1.7550    1.2504    0.0082         3
    1.7600    1.2516    0.0085         3
    1.7650    1.2447    0.0082         3
    1.7700    1.2417    0.0087         3
    1.7750    1.2511    0.0091         3
    1.7800    1.2478    0.0100         3
    1.7850    1.2450    0.0095         3
    1.7900    1.2329    0.0099         3
    1.7950    1.2440    0.0108         3
    1.8000    1.2408    0.0117         2
    1.8050   -1.0000   -1.0000         3
    1.8100    1.2391    0.0137         3
    1.8150   -1.0000   -1.0000         2
    1.8200    1.2292    0.0161         3
    1.8250   -1.0000   -1.0000         2
    1.8300    1.1989    0.0272         2
    1.8350   -1.0000   -1.0000         2
    1.8400    1.2279    0.0337         2
    1.8450    1.2462    0.0300         1
    1.8500   -1.0000   -1.0000         1
    1.8550    1.2063    0.0314         1
    1.8600   -1.0000   -1.0000         2
    1.8650   -1.0000   -1.0000         1
    1.8700   -1.0000   -1.0000         0
    1.8750   -1.0000   -1.0000         1
    1.8800    1.2260    0.0342         1
    1.8850    1.1889    0.0345         2
    1.8900   -1.0000   -1.0000         2
    1.8950   -1.0000   -1.0000         0
    1.9000   -1.0000   -1.0000         0
    1.9050    1.2109    0.0266         2
    1.9100   -1.0000   -1.0000         2
    1.9150   -1.0000   -1.0000         2
    1.9200    1.1799    0.0210         2
    1.9250    1.2152    0.0256         2
    1.9300    1.2080    0.0189         3
    1.9350    1.2203    0.0202         3
    1.9400    1.2196    0.0173         3
    1.9450    1.1845    0.0157         3
    1.9500    1.2004    0.0143         3
    1.9550    1.2003    0.0146         3
    1.9600    1.1807    0.0130         2
    1.9650    1.1965    0.0181         3
    1.9700    1.2061    0.0158         3
    1.9750    1.1791    0.0153         2
    1.9800    1.1936    0.0110         3
    1.9850    1.2156    0.0105         3
    1.9900    1.2198    0.0110         3
    1.9950    1.2124    0.0133         3
    2.0000    1.2188    0.0172         1
    2.0050   -1.0000   -1.0000         1
    2.0100   -1.0000   -1.0000         1
    2.0150    1.2302    0.0148         2
    2.0200    1.2180    0.0177         3
    2.0250    1.2047    0.0166         3
    2.0300    1.2187    0.0125         3
    2.0350   -1.0000   -1.0000         3
    2.0400    1.2298    0.0113         3
    2.0450    1.1911    0.0132         2
    2.0500    1.2189    0.0121         3
    2.0550    1.2158    0.0131         3
    2.0600    1.2214    0.0125         3
    2.0650    1.2312    0.0126         3
    2.0700    1.2332    0.0120         3
    2.0750    1.2269    0.0116         3
    2.0800    1.2416    0.0115         3
    2.0850    1.2364    0.0111         3
    2.0900    1.2395    0.0112         3
    2.0950    1.2386    0.0110         3
    2.1000    1.2572    0.0111         3
    2.1050    1.2598    0.0112         3
    2.1100    1.2585    0.0112         3
    2.1150    1.2491    0.0115         3
    2.1200    1.2548    0.0118         3
    2.1250    1.2586    0.0118         3
    2.1300    1.2557    0.0118         3
    2.1350    1.2690    0.0117         3
    2.1400    1.2673    0.0116         3
    2.1450    1.2680    0.0121         3
    2.1500    1.2695    0.0124         3
    2.1550    1.2641    0.0119         3
    2.1600    1.2595    0.0133         3
    2.1650    1.2656    0.0125         3
    2.1700    1.2738    0.0128         3
    2.1750    1.2753    0.0123         3
    2.1800    1.2819    0.0127         3
    2.1850    1.2932    0.0130         3
    2.1900    1.2823    0.0129         3
    2.1950    1.2818    0.0127         3
    2.2000    1.2755    0.0131         3
    2.2050    1.2664    0.0127         3
    2.2100    1.2941    0.0113         2
    2.2150    1.2808    0.0130         3
    2.2200    1.2744    0.0133         3
    2.2250    1.2847    0.0131         3
    2.2300    1.2888    0.0128         3
    2.2350    1.2837    0.0133         3
    2.2400    1.2805    0.0126         3
    2.2450    1.2745    0.0132         3
    2.2500    1.2838    0.0135         3
    2.2550    1.2963    0.0143         3
    2.2600    1.2774    0.0137         3
    2.2650    1.2839    0.0138         3
    2.2700    1.3013    0.0147         3
    2.2750    1.2999    0.0125         2
    2.2800    1.2851    0.0148         3
    2.2850    1.2804    0.0145         3
    2.2900    1.3002    0.0159         3
    2.2950    1.2665    0.0145         3
    2.3000    1.2707    0.0147         3
    2.3050    1.2747    0.0141         3
    2.3100    1.3022    0.0151         3
    2.3150    1.2943    0.0156         3
    2.3200    1.2744    0.0144         3
    2.3250    1.2839    0.0153         3
    2.3300    1.2948    0.0156         3
    2.3350    1.2909    0.0147         3
    2.3400    1.2826    0.0151         3
    2.3450    1.2971    0.0156         3
    2.3500    1.2997    0.0142         2
    2.3550    1.2866    0.0163         3
    2.3600    1.2737    0.0176         3
    2.3650    1.2824    0.0163         3
    2.3700    1.2849    0.0160         3
    2.3750   -1.0000   -1.0000         3
    2.3800    1.2884    0.0183         3
    2.3850    1.3249    0.0182         2
    2.3900    1.3078    0.0180         3
    2.3950    1.2944    0.0172         3
    2.4000    1.3346    0.0184         2
    2.4050   -1.0000   -1.0000         1
    2.4100    1.3049    0.0164         2
    2.4150    1.3022    0.0167         2
    2.4200    1.3136    0.0203         3
    2.4250    1.3135    0.0192         3
    2.4300    1.3036    0.0206         2
    2.4350   -1.0000   -1.0000         2
    2.4400    1.2695    0.0226         2
    2.4450   -1.0000   -1.0000         2
    2.4500    1.2721    0.0207         1
    2.4550   -1.0000   -1.0000         0
    2.4600    1.3153    0.0170         2
    2.4650    1.3180    0.0171         2
    2.4700   -1.0000   -1.0000         1
    2.4750   -1.0000   -1.0000         2
    2.4800   -1.0000   -1.0000         1
    2.4850   -1.0000   -1.0000         0
    2.4900   -1.0000   -1.0000         2
