    0.7800    1.1943    0.0454         3
    0.7850    1.1303    0.0421         3
    0.7900    1.1933    0.0457         3
    0.7950    1.1646    0.0437         3
    0.8000    1.1321    0.0443         3
    0.8050    1.1792    0.0453         3
    0.8100    1.1797    0.0479         3
    0.8150    1.1587    0.0471         3
    0.8200    1.1044    0.0427         3
    0.8250    1.1025    0.0454         3
    0.8300    1.1216    0.0468         3
    0.8350    1.1064    0.0456         3
    0.8400    1.0963    0.0421         3
    0.8450    1.0920    0.0434         3
    0.8500    1.0868    0.0415         3
    0.8550    1.0836    0.0415         3
    0.8600    1.0558    0.0426         3
    0.8650    1.0338    0.0383         3
    0.8700    1.0365    0.0382         3
    0.8750    1.0347    0.0360         3
    0.8800    1.0266    0.0358         3
    0.8850    0.9901    0.0388         3
    0.8900    0.9745    0.0384         3
    0.8950    0.9741    0.0383         3
    0.9000    0.9618    0.0363         3
    0.9050    0.9589    0.0346         3
    0.9100    0.9538    0.0349         3
    0.9150    0.9419    0.0343         3
    0.9200    0.9393    0.0325         3
    0.9250    0.9575    0.0335         3
    0.9300    0.9960    0.0343         3
    0.9350    1.0084    0.0356         3
    0.9400    0.9634    0.0350         3
    0.9450    0.9635    0.0364         3
    0.9500    1.0211    0.0386         3
    0.9550    1.0330    0.0364         3
    0.9600    1.0248    0.0338         3
    0.9650    1.0271    0.0339         3
    0.9700    1.0266    0.0334         3
    0.9750    0.9990    0.0309         3
    0.9800    0.9600    0.0283         3
    0.9850    0.9669    0.0303         3
    0.9900    1.0238    0.0307         3
    0.9950    1.0389    0.0346         3
    1.0000    1.0055    0.0300         3
    1.0050    0.9650    0.0323         3
    1.0100    0.9805    0.0269         3
    1.0150    1.0063    0.0294         3
    1.0200    0.9929    0.0311         3
    1.0250    0.9601    0.0285         3
    1.0300    0.9600    0.0288         3
    1.0350    1.0036    0.0312         3
    1.0400    1.0432    0.0292         3
    1.0450    1.0406    0.0281         3
    1.0500    1.0162    0.0290         3
    1.0550    1.0177    0.0295         3
    1.0600    0.9863    0.0282         3
    1.0650    0.9556    0.0269         3
    1.0700    1.0100    0.0280         3
    1.0750    1.0711    0.0317         3
    1.0800    1.0816    0.0307         3
    1.0850    1.0919    0.0324         3
    1.0900    1.0629    0.0338         3
    1.0950    1.0525    0.0335         3
    1.1000    1.0670    0.0368         3
    1.1050    1.0659    0.0327         3
    1.1100    1.0799    0.0344         3
    1.1150    1.0676    0.0350         3
    1.1200    1.0560    0.0373         3
    1.1250    1.0537    0.0355         3
    1.1300    1.0537    0.0384         3
    1.1350    1.0664    0.0370         3
    1.1400    1.0555    0.0373         3
    1.1450    1.0466    0.0408         3
    1.1500    1.0524    0.0389         3
    1.1550    1.0563    0.0402         1
    1.1600    1.0708    0.0397         2
    1.1650    1.1043    0.0371         3
    1.1700    1.1409    0.0342         3
    1.1750    1.1366    0.0449         3
    1.1800    1.1295    0.0327         3
    1.1850    1.1350    0.0313         3
    1.1900    1.1366    0.0322         3
    1.1950    1.1518    0.0300         3
    1.2000    1.1317    0.0316         3
    1.2050    1.1004    0.0363         3
    1.2100    1.1436    0.0346         3
    1.2150    1.1570    0.0376         3
    1.2200    1.1172    0.0349         3
    1.2250    1.1260    0.0332         3
    1.2300    1.1693    0.0340         3
    1.2350    1.1929    0.0348         3
    1.2400    1.1779    0.0355         3
    1.2450    1.1820    0.0346         3
    1.2500    1.2213    0.0345         3
    1.2550    1.2530    0.0379         3
    1.2600    1.2499    0.0368         3
    1.2650    1.2699    0.0364         3
    1.2700    1.2918    0.0427         2
    1.2750    1.2539    0.0380         3
    1.2800    1.1793    0.0378         3
    1.2850    1.1250    0.0307         1
    1.2900    1.1543    0.0376         2
    1.2950    1.1637    0.0362         3
    1.3000    1.1715    0.0362         3
    1.3050    1.1815    0.0369         3
    1.3100    1.2234    0.0361         3
    1.3150    1.2226    0.0391         3
    1.3200    1.1918    0.0359         3
    1.3250    1.2270    0.0369         3
    1.3300    1.2443    0.0403         3
    1.3350    1.2081    0.0388         3
    1.3400    1.1946    0.0450         3
    1.3450    1.1983    0.0512         3
    1.3500    1.2374    0.0609         3
    1.3550    1.4530    0.0712         1
    1.3600    1.3808    0.1054         1
    1.3650    1.0095    0.1957         1
    1.3700    1.1692    0.1457         2
    1.3750    1.2753    0.1515         3
    1.3800    1.2811    0.1264         3
    1.3850    1.2550    0.1253         3
    1.3900    1.2860    0.1045         2
    1.3950    1.2354    0.1256         2
    1.4000    1.3100    0.1166         3
    1.4050    1.2201    0.0761         2
    1.4100    1.3043    0.0750         2
    1.4150    1.3377    0.0745         3
    1.4200    1.2990    0.0685         3
    1.4250    1.3192    0.0617         2
    1.4300    1.2659    0.0650         2
    1.4350    1.3105    0.0617         3
    1.4400    1.2858    0.0527         3
    1.4450    1.3091    0.0511         3
    1.4500    1.2962    0.0509         3
    1.4550    1.2815    0.0478         3
    1.4600    1.2793    0.0473         3
    1.4650    1.2723    0.0496         3
    1.4700    1.2612    0.0543         3
    1.4750    1.2863    0.0456         2
    1.4800    1.2667    0.0445         2
    1.4850    1.3203    0.0506         3
    1.4900    1.2027    0.0438         3
    1.4950    1.1286    0.0443         3
    1.5000    1.1542    0.0450         3
    1.5050    1.2364    0.0448         2
    1.5100    1.2022    0.0385         3
    1.5150    1.2451    0.0412         3
    1.5200    1.3459    0.0410         3
    1.5250    1.2725    0.0422         3
    1.5300    1.2502    0.0366         3
    1.5350    1.3101    0.0418         3
    1.5400    1.3360    0.0417         3
    1.5450    1.3750    0.0433         3
    1.5500    1.4141    0.0383         3
    1.5550    1.3670    0.0421         3
    1.5600    1.2607    0.0424         3
    1.5650    1.2610    0.0405         3
    1.5700    1.3272    0.0364         3
    1.5750    1.2598    0.0489         3
    1.5800    1.2412    0.0391         3
    1.5850    1.3283    0.0405         3
    1.5900    1.3401    0.0422         3
    1.5950    1.2664    0.0442         3
    1.6000    1.2722    0.0383         3
    1.6050    1.3822    0.0410         3
    1.6100    1.4362    0.0424         3
    1.6150    1.3304    0.0434         3
    1.6200    1.3064    0.0413         3
    1.6250    1.3136    0.0362         3
    1.6300    1.2412    0.0422         3
    1.6350    1.2784    0.0414         3
    1.6400    1.4729    0.0433         3
    1.6450   -1.0000   -1.0000         3
    1.6500    1.4963    0.0442         3
    1.6550    1.3675    0.0446         3
    1.6600    1.3564    0.0440         3
    1.6650    1.4375    0.0439         3
    1.6700    1.4897    0.0473         3
    1.6750    1.4765    0.0502         3
    1.6800    1.4326    0.0462         3
    1.6850    1.3332    0.0476         3
    1.6900    1.2543    0.0450         3
    1.6950    1.2707    0.0450         3
    1.7000    1.3630    0.0409         3
    1.7050    1.3717    0.0425         3
    1.7100    1.2433    0.0506         3
    1.7150    1.1861    0.0429         3
    1.7200    1.2331    0.0447         3
    1.7250    1.3017    0.0500         3
    1.7300    1.2762    0.0508         3
    1.7350    1.2213    0.0524         3
    1.7400    1.2844    0.0452         3
    1.7450    1.3343    0.0566         3
    1.7500    1.3228    0.0498         3
    1.7550    1.2962    0.0479         3
    1.7600    1.3931    0.0538         3
    1.7650    1.3780    0.0544         3
    1.7700    1.2601    0.0605         3
    1.7750    1.2498    0.0507         3
    1.7800    1.1190    0.0584         3
    1.7850    1.0654    0.0524         3
    1.7900    1.1675    0.0593         3
    1.7950    1.1792    0.0579         3
    1.8000    1.1774    0.0714         3
    1.8050    1.2997    0.0727         3
    1.8100    1.3104    0.0958         3
    1.8150    1.2235    0.1050         3
    1.8200    1.1189    0.1142         3
    1.8250    1.0391    0.1260         3
    1.8300    1.0145    0.1198         1
    1.8350    1.0495    0.2055         3
    1.8400    1.2265    0.2701         3
    1.8450    1.2425    0.3666         3
    1.8500    1.3276    0.3138         2
    1.8550    1.4778    0.3387         1
    1.8600    1.3945    0.3172         3
    1.8650   -1.0000   -1.0000         3
    1.8700    1.4182    0.5147         1
    1.8750    1.2909    0.4373         3
    1.8800    1.3376    0.2006         3
    1.8850    1.3738    0.1757         3
    1.8900    1.2471    0.1607         3
    1.8950    1.1109    0.1671         3
    1.9000    1.0511    0.2030         2
    1.9050    1.1618    0.2233         3
    1.9100    1.2477    0.2414         3
    1.9150    1.2502    0.2045         3
    1.9200    1.2498    0.1641         3
    1.9250    1.1565    0.1470         3
    1.9300    1.2085    0.1189         3
    1.9350    1.2301    0.1164         3
    1.9400    1.2151    0.1128         3
    1.9450    1.3691    0.1000         3
    1.9500    1.4571    0.1077         3
    1.9550    1.3695    0.1089         3
    1.9600    1.2797    0.1143         3
    1.9650    1.2187    0.0882         3
    1.9700    1.0845    0.0861         3
    1.9750    1.1602    0.0766         3
    1.9800    1.4012    0.0617         3
    1.9850    1.5485    0.0705         3
    1.9900    1.4674    0.0848         3
    1.9950    1.3596    0.0826         3
    2.0000    1.3661    0.0933         3
    2.0050    1.3456    0.1177         3
    2.0100    1.4289    0.1280         3
    2.0150    1.5447    0.1287         3
    2.0200    1.4561    0.1093         3
    2.0250    1.4546    0.0943         3
    2.0300    1.4778    0.0771         3
    2.0350    1.5012    0.0739         3
    2.0400    1.3791    0.0809         3
    2.0450    1.2486    0.0705         1
    2.0500    1.1363    0.0808         3
    2.0550    1.2037    0.0847         3
    2.0600    1.2329    0.0828         3
    2.0650    1.2432    0.0879         3
    2.0700    1.3203    0.0830         3
    2.0750    1.3976    0.0797         3
    2.0800    1.4445    0.0780         3
    2.0850    1.3947    0.0862         3
    2.0900    1.3846    0.0787         3
    2.0950    1.2935    0.0767         3
    2.1000    1.2389    0.0767         3
    2.1050    1.3191    0.0691         3
    2.1100    1.4081    0.0770         3
    2.1150    1.4094    0.0781         3
    2.1200    1.2280    0.0791         3
    2.1250    1.3095    0.0719         3
    2.1300    1.5160    0.0795         3
    2.1350    1.4278    0.0968         3
    2.1400    1.3005    0.0763         3
    2.1450    1.3761    0.0769         3
    2.1500    1.4725    0.0732         3
    2.1550    1.2258    0.0889         3
    2.1600    1.0650    0.0822         3
    2.1650    1.1692    0.0767         3
    2.1700    1.2211    0.0867         3
    2.1750    1.2488    0.0826         3
    2.1800    1.2512    0.0848         3
    2.1850    1.1767    0.0781         3
    2.1900    1.1583    0.0819         3
    2.1950    1.1409    0.0797         3
    2.2000    1.0721    0.0891         3
    2.2050    1.2590    0.0829         3
    2.2100    1.4688    0.0886         3
    2.2150    1.4990    0.0869         3
    2.2200    1.3281    0.0941         3
    2.2250    1.3151    0.0792         3
    2.2300    1.2923    0.0756         3
    2.2350    1.2148    0.0898         3
    2.2400    1.4667    0.0820         3
    2.2450    1.5786    0.1059         3
    2.2500    1.4174    0.1078         3
    2.2550    1.3927    0.0976         3
    2.2600    1.4874    0.0974         3
    2.2650    1.5062    0.1014         3
    2.2700    1.3296    0.1131         3
    2.2750    1.3602    0.0989         3
    2.2800    1.4273    0.0969         3
    2.2850    1.2742    0.1088         3
    2.2900    1.2991    0.0917         3
    2.2950    1.2961    0.1067         3
    2.3000    1.2373    0.0945         3
    2.3050    1.3341    0.1030         3
    2.3100    1.3625    0.1036         3
    2.3150    1.2668    0.1138         3
    2.3200    1.2218    0.1068         3
    2.3250    1.2445    0.1034         3
    2.3300    1.3332    0.1052         3
    2.3350    1.3453    0.1067         3
    2.3400    1.2974    0.1064         3
    2.3450    1.4071    0.1117         3
    2.3500   -1.0000   -1.0000         3
    2.3550   -1.0000   -1.0000         3
    2.3600    1.5177    0.1265         3
    2.3650    1.4057    0.1334         3
    2.3700    1.4888    0.1175         3
    2.3750    1.5128    0.1371         3
    2.3800    1.4419    0.1216         3
    2.3850    1.3031    0.1276         3
    2.3900    1.3409    0.1200         3
    2.3950    1.2785    0.1121         3
    2.4000    1.2925    0.1290         3
    2.4050    1.3120    0.1165         3
    2.4100    1.1979    0.1347         1
    2.4150    1.2949    0.1205         2
    2.4200   -1.0000   -1.0000         3
    2.4250   -1.0000   -1.0000         3
    2.4300   -1.0000   -1.0000         3
    2.4350   -1.0000   -1.0000         1
    2.4400   -1.0000   -1.0000         2
    2.4450   -1.0000   -1.0000         0
    2.4500   -1.0000   -1.0000         0
    2.4550   -1.0000   -1.0000         0
    2.4600   -1.0000   -1.0000         0
    2.4650   -1.0000   -1.0000         0
    2.4700   -1.0000   -1.0000         0
    2.4750   -1.0000   -1.0000         0
    2.4800   -1.0000   -1.0000         0
    2.4850   -1.0000   -1.0000         0
    2.4900   -1.0000   -1.0000         1
