    0.7800    1.1964    0.0349         3
    0.7850    1.1685    0.0364         3
    0.7900    1.0878    0.0330         3
    0.7950    1.1154    0.0328         3
    0.8000    1.2150    0.0366         3
    0.8050    1.1083    0.0349         3
    0.8100    1.1044    0.0320         3
    0.8150    1.0640    0.0300         3
    0.8200    1.1247    0.0308         3
    0.8250    1.1016    0.0320         3
    0.8300    1.0987    0.0318         3
    0.8350    1.1040    0.0318         3
    0.8400    1.1249    0.0333         3
    0.8450    1.1302    0.0305         2
    0.8500    1.0868    0.0305         1
    0.8550    1.0433    0.0353         2
    0.8600    1.0228    0.0304         3
    0.8650    1.0291    0.0304         3
    0.8700    1.0541    0.0287         3
    0.8750    1.0624    0.0289         3
    0.8800    1.0440    0.0267         3
    0.8850    1.0069    0.0274         3
    0.8900    1.0110    0.0261         3
    0.8950    1.0206    0.0274         3
    0.9000    1.0031    0.0257         3
    0.9050    1.0113    0.0268         3
    0.9100    1.0067    0.0260         3
    0.9150    0.9784    0.0247         3
    0.9200    0.9851    0.0259         3
    0.9250    1.0133    0.0241         3
    0.9300    1.0288    0.0255         3
    0.9350    1.0049    0.0270         3
    0.9400    0.9913    0.0274         3
    0.9450    0.9969    0.0277         3
    0.9500    0.9667    0.0274         3
    0.9550    0.9258    0.0252         2
    0.9600    0.9579    0.0248         2
    0.9650    0.9755    0.0238         3
    0.9700    1.0246    0.0245         3
    0.9750    1.0111    0.0240         3
    0.9800    0.9897    0.0262         3
    0.9850    1.0280    0.0238         3
    0.9900    1.0044    0.0240         3
    0.9950    0.9548    0.0222         3
    1.0000    0.9803    0.0218         3
    1.0050    1.0399    0.0235         3
    1.0100    1.0218    0.0233         3
    1.0150    0.9801    0.0216         3
    1.0200    1.0114    0.0219         3
    1.0250    1.0216    0.0217         3
    1.0300    0.9816    0.0218         3
    1.0350    0.9835    0.0214         3
    1.0400    1.0204    0.0222         3
    1.0450    1.0292    0.0211         3
    1.0500    0.9870    0.0192         3
    1.0550    0.9803    0.0214         3
    1.0600    0.9867    0.0210         3
    1.0650    0.9759    0.0214         3
    1.0700    0.9942    0.0211         3
    1.0750    0.9883    0.0216         3
    1.0800    0.9901    0.0208         3
    1.0850    1.0042    0.0228         3
    1.0900    0.9825    0.0223         3
    1.0950    0.9973    0.0212         3
    1.1000    1.0267    0.0240         3
    1.1050    1.0409    0.0233         3
    1.1100    1.0377    0.0246         3
    1.1150    1.0401    0.0248         3
    1.1200    1.0354    0.0275         3
    1.1250    1.0127    0.0262         3
    1.1300    1.0328    0.0277         3
    1.1350    1.0462    0.0265         3
    1.1400    1.0361    0.0262         3
    1.1450    1.0216    0.0261         1
    1.1500    1.0903    0.0318         2
    1.1550    1.0330    0.0254         3
    1.1600    1.0697    0.0260         3
    1.1650    1.0917    0.0252         3
    1.1700    1.0539    0.0262         3
    1.1750    1.0644    0.0224         3
    1.1800    1.0907    0.0220         3
    1.1850    1.0870    0.0233         3
    1.1900    1.0643    0.0250         3
    1.1950    1.0924    0.0235         3
    1.2000    1.1310    0.0253         3
    1.2050    1.1389    0.0283         3
    1.2100    1.1396    0.0242         3
    1.2150    1.1122    0.0238         3
    1.2200    1.0804    0.0244         3
    1.2250    1.0803    0.0253         3
    1.2300    1.1309    0.0253         3
    1.2350    1.1580    0.0254         3
    1.2400    1.1363    0.0278         3
    1.2450    1.1409    0.0264         3
    1.2500    1.1147    0.0257         3
    1.2550    1.0799    0.0272         3
    1.2600    1.1012    0.0268         3
    1.2650    1.1260    0.0266         3
    1.2700    1.1036    0.0254         3
    1.2750    1.1137    0.0258         3
    1.2800    1.1511    0.0278         3
    1.2850    1.1851    0.0257         3
    1.2900    1.1751    0.0266         3
    1.2950    1.1330    0.0256         3
    1.3000    1.1272    0.0260         3
    1.3050    1.1460    0.0259         3
    1.3100    1.1607    0.0279         3
    1.3150    1.1739    0.0274         3
    1.3200    1.2237    0.0271         3
    1.3250    1.2374    0.0287         3
    1.3300    1.2010    0.0330         3
    1.3350    1.1899    0.0313         3
    1.3400    1.2183    0.0298         3
    1.3450    1.2606    0.0320         3
    1.3500    1.2976    0.0415         3
    1.3550    1.2566    0.0728         2
    1.3600    1.2262    0.0971         2
    1.3650    1.2349    0.1086         3
    1.3700    1.1829    0.1180         3
    1.3750    1.2568    0.1102         3
    1.3800    1.2166    0.0938         3
    1.3850    1.1520    0.0909         3
    1.3900    1.1712    0.0833         3
    1.3950    1.2615    0.0872         3
    1.4000    1.1744    0.0766         1
    1.4050    1.3733    0.0815         2
    1.4100    1.2308    0.0607         1
    1.4150    1.2764    0.0594         2
    1.4200    1.2258    0.0515         3
    1.4250    1.2575    0.0488         3
    1.4300    1.2509    0.0444         3
    1.4350    1.2003    0.0411         3
    1.4400    1.2535    0.0396         3
    1.4450    1.3263    0.0419         3
    1.4500    1.3428    0.0398         3
    1.4550    1.3330    0.0426         3
    1.4600    1.2712    0.0376         3
    1.4650    1.2183    0.0352         3
    1.4700    1.2573    0.0367         3
    1.4750    1.3374    0.0362         3
    1.4800    1.2895    0.0357         3
    1.4850    1.1701    0.0276         1
    1.4900    1.3181    0.0318         2
    1.4950    1.2792    0.0322         3
    1.5000    1.3139    0.0304         3
    1.5050    1.3231    0.0330         3
    1.5100    1.3225    0.0285         3
    1.5150    1.2891    0.0271         1
    1.5200    1.3804    0.0282         3
    1.5250    1.2725    0.0289         3
    1.5300    1.1683    0.0280         3
    1.5350    1.2246    0.0261         3
    1.5400    1.2852    0.0284         3
    1.5450    1.3578    0.0287         3
    1.5500    1.4748    0.0308         3
    1.5550    1.4345    0.0326         3
    1.5600    1.3358    0.0302         3
    1.5650    1.2472    0.0310         3
    1.5700    1.3049    0.0292         3
    1.5750    1.3830    0.0324         3
    1.5800    1.2767    0.0332         3
    1.5850    1.3149    0.0306         3
    1.5900    1.4050    0.0323         3
    1.5950    1.4314    0.0294         3
    1.6000    1.4076    0.0305         3
    1.6050    1.3207    0.0312         3
    1.6100    1.2759    0.0306         3
    1.6150    1.2398    0.0302         3
    1.6200    1.2741    0.0319         3
    1.6250    1.3733    0.0333         3
    1.6300    1.3586    0.0320         3
    1.6350    1.2420    0.0283         3
    1.6400    1.2793    0.0321         3
    1.6450    1.3826    0.0338         3
    1.6500    1.3793    0.0372         3
    1.6550    1.3889    0.0322         3
    1.6600    1.3675    0.0327         3
    1.6650    1.3294    0.0319         3
    1.6700    1.3621    0.0347         3
    1.6750    1.3463    0.0324         3
    1.6800    1.2437    0.0346         3
    1.6850    1.1132    0.0308         3
    1.6900    1.2145    0.0308         3
    1.6950    1.3349    0.0338         3
    1.7000    1.3516    0.0339         3
    1.7050    1.4380    0.0353         3
    1.7100    1.4444    0.0369         3
    1.7150    1.2913    0.0355         3
    1.7200    1.2453    0.0362         3
    1.7250    1.3174    0.0368         3
    1.7300    1.3775    0.0366         3
    1.7350    1.3497    0.0397         3
    1.7400    1.3585    0.0361         3
    1.7450    1.2452    0.0378         3
    1.7500    1.1208    0.0397         3
    1.7550    1.2631    0.0374         3
    1.7600    1.2779    0.0420         3
    1.7650    1.3252    0.0390         3
    1.7700    1.3583    0.0401         3
    1.7750    1.4175    0.0423         3
    1.7800    1.3744    0.0443         3
    1.7850    1.2759    0.0426         3
    1.7900    1.3924    0.0432         3
    1.7950    1.4195    0.0514         3
    1.8000    1.3086    0.0510         3
    1.8050    1.3700    0.0592         3
    1.8100    1.3748    0.0645         3
    1.8150    1.3828    0.0784         3
    1.8200    1.2231    0.0805         3
    1.8250   -1.0000   -1.0000         1
    1.8300    1.1362    0.1240         3
    1.8350    1.2769    0.1681         3
    1.8400    1.3823    0.1997         3
    1.8450    1.5409    0.2699         3
    1.8500   -1.0000   -1.0000         0
    1.8550   -1.0000   -1.0000         0
    1.8600   -1.0000   -1.0000         0
    1.8650   -1.0000   -1.0000         0
    1.8700    1.4973    0.2078         3
    1.8750    1.5414    0.2602         3
    1.8800    1.5058    0.1859         3
    1.8850    1.5472    0.1598         2
    1.8900    1.1893    0.1090         2
    1.8950    1.3113    0.1272         3
    1.9000    1.4397    0.1741         3
    1.9050   -1.0000   -1.0000         0
    1.9100    1.2595    0.1670         3
    1.9150    1.3445    0.1546         3
    1.9200    1.4165    0.1213         3
    1.9250   -1.0000   -1.0000         2
    1.9300   -1.0000   -1.0000         3
    1.9350    1.3351    0.0937         3
    1.9400    1.3493    0.0833         3
    1.9450    1.3222    0.0858         3
    1.9500    1.2548    0.0851         3
    1.9550    1.4664    0.0796         3
    1.9600   -1.0000   -1.0000         1
    1.9650   -1.0000   -1.0000         3
    1.9700    1.5190    0.0658         3
    1.9750    1.4834    0.0620         3
    1.9800    1.3680    0.0592         3
    1.9850    1.3092    0.0566         3
    1.9900    1.3046    0.0522         3
    1.9950    1.1180    0.0608         3
    2.0000    1.0895    0.0866         3
    2.0050    1.0837    0.1021         2
    2.0100   -1.0000   -1.0000         1
    2.0150    1.4890    0.0912         3
    2.0200    1.1942    0.0777         3
    2.0250    1.3777    0.0689         3
    2.0300    1.4293    0.0613         3
    2.0350    1.2031    0.0577         3
    2.0400    1.2396    0.0569         3
    2.0450    1.4311    0.0615         3
    2.0500    1.2782    0.0634         3
    2.0550   -1.0000   -1.0000         3
    2.0600    1.1857    0.0661         3
    2.0650    1.2886    0.0707         3
    2.0700    1.3694    0.0665         3
    2.0750    1.4400    0.0650         3
    2.0800    1.3020    0.0668         3
    2.0850    1.2771    0.0590         3
    2.0900    1.5092    0.0640         3
    2.0950    1.4640    0.0624         3
    2.1000    1.1473    0.0575         3
    2.1050    1.1726    0.0535         3
    2.1100    1.2340    0.0634         3
    2.1150    1.1779    0.0582         3
    2.1200    1.1727    0.0581         3
    2.1250    1.2036    0.0591         3
    2.1300    1.4020    0.0580         3
    2.1350    1.3008    0.0628         3
    2.1400    1.2011    0.0577         3
    2.1450    1.2121    0.0597         3
    2.1500    1.1999    0.0583         3
    2.1550    1.2197    0.0554         3
    2.1600    1.1626    0.0640         3
    2.1650    1.1665    0.0576         3
    2.1700    1.2592    0.0659         3
    2.1750   -1.0000   -1.0000         3
    2.1800    1.4391    0.0731         3
    2.1850    1.1994    0.0639         3
    2.1900    1.1349    0.0635         3
    2.1950    1.0589    0.0616         3
    2.2000    1.1128    0.0621         3
    2.2050    1.3086    0.0630         3
    2.2100    1.3444    0.0685         3
    2.2150   -1.0000   -1.0000         1
    2.2200    1.1129    0.0636         3
    2.2250    1.2865    0.0705         3
    2.2300    1.3234    0.0667         3
    2.2350   -1.0000   -1.0000         0
    2.2400    1.4098    0.0727         3
    2.2450    1.1765    0.0670         3
    2.2500    1.2442    0.0739         3
    2.2550    1.4251    0.0784         3
    2.2600    1.2992    0.0720         3
    2.2650    1.1500    0.0732         3
    2.2700    1.1429    0.0711         3
    2.2750    1.1932    0.0720         3
    2.2800    1.0369    0.0714         3
    2.2850    1.0520    0.0756         3
    2.2900    1.1476    0.0693         3
    2.2950    1.2865    0.0707         3
    2.3000   -1.0000   -1.0000         0
    2.3050   -1.0000   -1.0000         3
    2.3100    1.3351    0.0760         3
    2.3150    1.3635    0.0857         3
    2.3200    1.1432    0.0809         3
    2.3250    1.1994    0.0703         3
    2.3300   -1.0000   -1.0000         1
    2.3350    1.2150    0.0795         3
    2.3400    1.0019    0.0755         3
    2.3450    1.0419    0.0811         3
    2.3500    1.0802    0.0787         3
    2.3550    1.1465    0.0896         3
    2.3600    1.1538    0.0793         3
    2.3650    1.3900    0.0845         3
    2.3700    1.3259    0.0918         3
    2.3750    1.2246    0.0896         3
    2.3800   -1.0000   -1.0000         0
    2.3850   -1.0000   -1.0000         0
    2.3900    1.1167    0.0862         3
    2.3950    1.3294    0.0863         3
    2.4000    1.2791    0.1055         3
    2.4050   -1.0000   -1.0000         3
    2.4100    1.2044    0.0980         3
    2.4150   -1.0000   -1.0000         0
    2.4200   -1.0000   -1.0000         0
    2.4250    1.0980    0.1134         3
    2.4300    1.0078    0.1056         3
    2.4350   -1.0000   -1.0000         0
    2.4400    1.3885    0.1220         3
    2.4450    1.3917    0.1176         3
    2.4500    1.1728    0.1352         3
    2.4550   -1.0000   -1.0000         0
    2.4600   -1.0000   -1.0000         0
    2.4650    1.2456    0.1109         3
    2.4700   -1.0000   -1.0000         0
    2.4750   -1.0000   -1.0000         0
    2.4800   -1.0000   -1.0000         0
    2.4850   -1.0000   -1.0000         0
    2.4900   -1.0000   -1.0000         0
