    0.7800    1.2084    0.0087         4
    0.7850    1.1762    0.0086         4
    0.7900    1.1737    0.0084         4
    0.7950    1.1696    0.0086         4
    0.8000    1.1576    0.0084         4
    0.8050    1.1527    0.0084         4
    0.8100    1.1416    0.0085         4
    0.8150    1.1277    0.0084         4
    0.8200    1.1399    0.0086         2
    0.8250    1.1040    0.0083         4
    0.8300    1.0876    0.0081         4
    0.8350    1.0867    0.0080         4
    0.8400    1.0749    0.0077         4
    0.8450    1.0675    0.0077         4
    0.8500    1.0559    0.0076         4
    0.8550    1.0512    0.0075         3
    0.8600    1.0328    0.0071         4
    0.8650    1.0203    0.0070         4
    0.8700    1.0137    0.0069         4
    0.8750    1.0014    0.0068         4
    0.8800    1.0014    0.0067         4
    0.8850    0.9934    0.0066         4
    0.8900    0.9969    0.0067         4
    0.8950    0.9934    0.0067         4
    0.9000    0.9867    0.0066         4
    0.9050    0.9766    0.0064         4
    0.9100    0.9695    0.0063         4
    0.9150    0.9677    0.0064         4
    0.9200    0.9668    0.0063         4
    0.9250    0.9664    0.0065         4
    0.9300    0.9650    0.0070         4
    0.9350    0.9620    0.0069         4
    0.9400    0.9632    0.0069         4
    0.9450    0.9538    0.0070         4
    0.9500    0.9537    0.0066         4
    0.9550    0.9603    0.0063         4
    0.9600    0.9597    0.0062         4
    0.9650    0.9538    0.0059         4
    0.9700    0.9639    0.0057         4
    0.9750    0.9646    0.0057         4
    0.9800    0.9635    0.0054         4
    0.9850    0.9638    0.0053         4
    0.9900    0.9617    0.0053         4
    0.9950    0.9720    0.0052         4
    1.0000    0.9755    0.0052         4
    1.0050    0.9778    0.0053         4
    1.0100    0.9817    0.0053         4
    1.0150    0.9744    0.0052         4
    1.0200    0.9881    0.0052         4
    1.0250    0.9961    0.0051         4
    1.0300    0.9909    0.0053         4
    1.0350    0.9964    0.0053         4
    1.0400    1.0047    0.0052         4
    1.0450    0.9973    0.0052         4
    1.0500    0.9964    0.0051         4
    1.0550    1.0029    0.0053         4
    1.0600    1.0144    0.0052         4
    1.0650    1.0161    0.0052         4
    1.0700    1.0149    0.0055         4
    1.0750    1.0142    0.0057         4
    1.0800    1.0184    0.0054         4
    1.0850    1.0257    0.0055         4
    1.0900    1.0328    0.0057         4
    1.0950    1.0406    0.0058         4
    1.1000    1.0450    0.0059         4
    1.1050    1.0487    0.0062         4
    1.1100    1.0618    0.0065         4
    1.1150    1.0699    0.0072         4
    1.1200    1.0726    0.0076         4
    1.1250    1.0701    0.0075         4
    1.1300    1.0771    0.0077         4
    1.1350    1.0800    0.0082         4
    1.1400    1.0779    0.0080         4
    1.1450    1.0843    0.0073         4
    1.1500    1.0903    0.0071         4
    1.1550    1.0908    0.0070         4
    1.1600    1.0971    0.0067         4
    1.1650    1.1099    0.0065         3
    1.1700    1.0813    0.0066         1
    1.1750    1.1110    0.0062         4
    1.1800    1.1163    0.0064         3
    1.1850    1.1224    0.0062         4
    1.1900    1.1165    0.0062         4
    1.1950    1.1163    0.0064         4
    1.2000    1.1200    0.0065         4
    1.2050    1.1173    0.0061         4
    1.2100    1.1234    0.0062         4
    1.2150    1.1270    0.0067         4
    1.2200    1.1276    0.0063         4
    1.2250    1.1278    0.0061         4
    1.2300    1.1341    0.0061         4
    1.2350    1.1319    0.0064         4
    1.2400    1.1388    0.0063         4
    1.2450    1.1541    0.0063         4
    1.2500    1.1553    0.0064         4
    1.2550    1.1533    0.0065         4
    1.2600    1.1458    0.0065         4
    1.2650    1.1492    0.0069         4
    1.2700    1.1599    0.0068         3
    1.2750    1.1473    0.0068         4
    1.2800    1.1547    0.0072         4
    1.2850    1.1521    0.0065         4
    1.2900    1.1593    0.0067         4
    1.2950    1.1688    0.0071         4
    1.3000    1.1699    0.0067         4
    1.3050    1.1653    0.0066         4
    1.3100    1.1752    0.0067         4
    1.3150    1.1894    0.0072         4
    1.3200    1.1936    0.0073         4
    1.3250    1.1976    0.0074         4
    1.3300    1.2250    0.0073         3
    1.3350    1.1640    0.0103         1
    1.3400    1.2233    0.0108         4
    1.3450   -1.0000   -1.0000         0
    1.3500   -1.0000   -1.0000         0
    1.3550    1.2082    0.0273         2
    1.3600    1.1909    0.0807         1
    1.3650    1.2525    0.0388         1
    1.3700    1.2241    0.0381         2
    1.3750    1.1900    0.0484         1
    1.3800    1.2503    0.0350         3
    1.3850    1.2314    0.0307         4
    1.3900    1.2513    0.0291         3
    1.3950    1.2375    0.0260         4
    1.4000    1.2738    0.0219         3
    1.4050    1.2690    0.0209         2
    1.4100    1.2554    0.0177         4
    1.4150    1.2614    0.0164         4
    1.4200    1.2770    0.0142         3
    1.4250    1.2284    0.0139         1
    1.4300    1.2674    0.0122         4
    1.4350    1.2622    0.0123         4
    1.4400    1.2641    0.0116         3
    1.4450   -1.0000   -1.0000         0
    1.4500    1.2535    0.0109         4
    1.4550    1.2668    0.0100         4
    1.4600    1.2720    0.0105         4
    1.4650    1.2841    0.0099         4
    1.4700    1.2704    0.0100         4
    1.4750    1.2692    0.0098         4
    1.4800    1.2650    0.0098         4
    1.4850    1.2508    0.0093         3
    1.4900    1.2693    0.0084         4
    1.4950    1.2676    0.0080         4
    1.5000    1.2796    0.0083         4
    1.5050    1.2817    0.0077         4
    1.5100    1.2912    0.0081         4
    1.5150    1.3182    0.0080         3
    1.5200    1.3183    0.0087         4
    1.5250    1.2972    0.0082         4
    1.5300    1.3093    0.0079         4
    1.5350    1.3183    0.0083         4
    1.5400    1.3076    0.0080         4
    1.5450    1.2930    0.0076         4
    1.5500    1.2864    0.0080         4
    1.5550    1.2826    0.0078         4
    1.5600    1.2779    0.0086         4
    1.5650    1.2893    0.0079         4
    1.5700    1.2872    0.0079         4
    1.5750    1.2940    0.0082         4
    1.5800    1.2977    0.0079         4
    1.5850    1.2893    0.0082         4
    1.5900    1.2696    0.0078         4
    1.5950    1.2804    0.0084         4
    1.6000    1.2992    0.0087         4
    1.6050    1.2912    0.0084         4
    1.6100    1.2863    0.0084         4
    1.6150    1.2584    0.0085         4
    1.6200    1.2726    0.0084         4
    1.6250    1.2932    0.0091         4
    1.6300    1.2792    0.0080         4
    1.6350    1.2873    0.0087         4
    1.6400    1.2930    0.0083         4
    1.6450    1.2915    0.0083         4
    1.6500    1.2770    0.0086         4
    1.6550    1.2777    0.0084         4
    1.6600    1.2970    0.0084         4
    1.6650    1.2961    0.0091         4
    1.6700    1.2797    0.0090         4
    1.6750    1.2692    0.0092         4
    1.6800    1.2777    0.0084         4
    1.6850    1.2608    0.0084         4
    1.6900    1.2590    0.0089         4
    1.6950    1.2530    0.0094         4
    1.7000    1.2468    0.0086         4
    1.7050    1.2454    0.0090         4
    1.7100    1.2433    0.0090         4
    1.7150    1.2105    0.0092         4
    1.7200    1.2194    0.0089         4
    1.7250    1.2148    0.0091         4
    1.7300    1.2235    0.0096         4
    1.7350    1.2164    0.0093         4
    1.7400    1.2175    0.0094         4
    1.7450    1.2421    0.0093         4
    1.7500    1.2452    0.0094         4
    1.7550    1.2547    0.0098         4
    1.7600    1.2403    0.0099         4
    1.7650    1.2454    0.0100         4
    1.7700    1.2405    0.0101         4
    1.7750    1.2076    0.0098         4
    1.7800    1.2211    0.0102         4
    1.7850    1.2287    0.0102         4
    1.7900    1.2668    0.0118         4
    1.7950    1.2255    0.0145         4
    1.8000    1.2035    0.0162         4
    1.8050    1.2186    0.0173         4
    1.8100    1.2007    0.0202         4
    1.8150    1.2024    0.0225         4
    1.8200    1.2766    0.0295         4
    1.8250    1.2609    0.0284         3
    1.8300    1.2548    0.0387         1
    1.8350   -1.0000   -1.0000         0
    1.8400    1.2467    0.0701         3
    1.8450   -1.0000   -1.0000         1
    1.8500    1.1879    0.0915         2
    1.8550    1.2633    0.0687         1
    1.8600   -1.0000   -1.0000         0
    1.8650   -1.0000   -1.0000         0
    1.8700    1.2173    0.0927         3
    1.8750    1.2021    0.0681         4
    1.8800    1.2075    0.0521         4
    1.8850    1.1617    0.0449         3
    1.8900    1.2096    0.0352         3
    1.8950   -1.0000   -1.0000         0
    1.9000    1.2322    0.0707         3
    1.9050    1.1552    0.0657         4
    1.9100   -1.0000   -1.0000         2
    1.9150   -1.0000   -1.0000         4
    1.9200   -1.0000   -1.0000         3
    1.9250    1.1464    0.0306         4
    1.9300    1.1863    0.0284         4
    1.9350    1.1806    0.0258         4
    1.9400    1.1950    0.0230         4
    1.9450    1.2228    0.0215         4
    1.9500    1.1989    0.0211         4
    1.9550    1.2136    0.0204         4
    1.9600    1.2245    0.0189         4
    1.9650    1.1494    0.0159         4
    1.9700    1.1752    0.0152         4
    1.9750    1.1569    0.0135         4
    1.9800    1.2025    0.0136         4
    1.9850    1.1969    0.0131         4
    1.9900    1.1936    0.0132         4
    1.9950    1.2122    0.0160         4
    2.0000    1.2584    0.0193         4
    2.0050   -1.0000   -1.0000         4
    2.0100    1.2274    0.0222         4
    2.0150    1.1818    0.0199         4
    2.0200    1.1731    0.0181         4
    2.0250    1.1823    0.0156         4
    2.0300    1.1798    0.0135         4
    2.0350    1.1906    0.0140         4
    2.0400    1.2276    0.0136         4
    2.0450    1.2392    0.0140         4
    2.0500    1.2123    0.0155         4
    2.0550    1.2279    0.0152         4
    2.0600    1.2034    0.0161         4
    2.0650    1.2150    0.0156         4
    2.0700    1.2153    0.0145         4
    2.0750    1.1974    0.0144         4
    2.0800    1.1903    0.0136         4
    2.0850    1.2229    0.0139         4
    2.0900    1.2277    0.0132         4
    2.0950    1.2257    0.0135         4
    2.1000    1.2104    0.0139         4
    2.1050    1.1978    0.0139         4
    2.1100    1.2108    0.0132         4
    2.1150    1.2128    0.0144         4
    2.1200    1.2407    0.0144         4
    2.1250    1.2543    0.0146         4
    2.1300    1.2062    0.0140         4
    2.1350    1.2142    0.0142         4
    2.1400    1.2251    0.0140         4
    2.1450    1.2343    0.0142         4
    2.1500    1.2569    0.0149         4
    2.1550    1.2455    0.0146         4
    2.1600    1.2122    0.0147         4
    2.1650    1.2356    0.0148         4
    2.1700    1.2279    0.0146         4
    2.1750    1.2134    0.0155         4
    2.1800    1.2341    0.0157         4
    2.1850    1.2460    0.0156         4
    2.1900    1.2792    0.0158         4
    2.1950    1.2061    0.0149         4
    2.2000    1.2040    0.0160         4
    2.2050    1.2255    0.0157         4
    2.2100    1.2430    0.0157         4
    2.2150    1.2707    0.0161         4
    2.2200    1.2678    0.0166         4
    2.2250    1.2780    0.0163         4
    2.2300    1.2481    0.0155         4
    2.2350    1.2262    0.0155         4
    2.2400    1.2486    0.0157         4
    2.2450    1.2405    0.0158         4
    2.2500    1.2580    0.0168         4
    2.2550    1.2575    0.0172         4
    2.2600    1.2876    0.0168         4
    2.2650    1.3069    0.0168         4
    2.2700    1.2920    0.0179         4
    2.2750    1.2794    0.0174         4
    2.2800    1.2591    0.0177         4
    2.2850    1.2602    0.0180         4
    2.2900    1.2442    0.0168         4
    2.2950    1.2438    0.0172         4
    2.3000    1.2757    0.0185         4
    2.3050    1.2785    0.0175         4
    2.3100    1.3060    0.0185         4
    2.3150    1.2886    0.0181         4
    2.3200    1.2537    0.0190         4
    2.3250    1.2473    0.0181         4
    2.3300    1.2530    0.0191         4
    2.3350    1.2632    0.0197         4
    2.3400    1.3235    0.0199         4
    2.3450    1.3376    0.0216         4
    2.3500    1.2727    0.0200         4
    2.3550    1.3118    0.0214         4
    2.3600    1.2914    0.0209         4
    2.3650    1.2685    0.0228         3
    2.3700    1.2728    0.0224         4
    2.3750    1.2690    0.0239         3
    2.3800    1.2868    0.0231         4
    2.3850    1.2954    0.0228         4
    2.3900    1.3321    0.0236         4
    2.3950    1.3668    0.0223         4
    2.4000    1.3645    0.0231         4
    2.4050    1.3474    0.0240         4
    2.4100    1.3437    0.0263         3
    2.4150    1.2931    0.0243         1
    2.4200    1.3901    0.0276         4
    2.4250    1.3565    0.0236         4
    2.4300    1.3709    0.0260         4
    2.4350   -1.0000   -1.0000         0
    2.4400   -1.0000   -1.0000         2
    2.4450   -1.0000   -1.0000         0
    2.4500    1.2992    0.0293         1
    2.4550    1.3404    0.0295         3
    2.4600    1.3276    0.0281         4
    2.4650    1.3133    0.0319         4
    2.4700    1.3139    0.0340         3
    2.4750   -1.0000   -1.0000         0
    2.4800   -1.0000   -1.0000         0
    2.4850   -1.0000   -1.0000         0
    2.4900   -1.0000   -1.0000         0
