0.6547 0.87578 0.19920
0.6569 0.94394 0.23566
0.6591 0.90227 0.18262
0.6656 0.88429 0.20313
0.6677 0.89332 0.16754
0.6699 0.94122 0.17308
0.6721 0.92315 0.16266
0.6742 0.89403 0.17702
0.6785 0.92157 0.16115
0.6807 0.94254 0.17693
0.6828 0.93113 0.15727
0.6849 0.90894 0.17807
0.6871 0.89534 0.15703
0.6893 0.88903 0.14839
0.6914 0.89341 0.14718
0.6936 0.92122 0.14389
0.6957 0.92324 0.16061
0.6979 0.90482 0.13544
0.7001 0.93061 0.13749
0.7023 0.90648 0.13137
0.7045 0.92798 0.13440
0.7067 0.89973 0.12720
0.7111 0.93447 0.12509
0.7133 0.89666 0.12233
0.7178 0.93306 0.12402
0.7200 0.91166 0.11988
0.7246 0.94456 0.13246
0.7291 0.91219 0.11529
0.7315 0.88499 0.11332
0.7338 0.90648 0.11169
0.7385 0.88402 0.10955
0.7409 0.90701 0.11056
0.7432 0.93999 0.10972
0.7456 0.89683 0.10726
0.7480 0.89868 0.10456
0.7529 0.93675 0.10649
0.7554 0.90403 0.10643
0.7579 0.91947 0.10732
0.7604 0.90517 0.11032
0.7629 0.92192 0.11126
0.7680 0.91552 0.10563
0.7705 0.91569 0.10214
0.7731 0.92885 0.10172
0.7783 0.93754 0.10166
0.7810 0.92526 0.10157
0.7836 0.91315 0.09951
0.7890 0.92219 0.09898
0.7917 0.89929 0.09796
0.7944 0.94114 0.10746
0.7972 0.90736 0.09787
0.7999 0.93666 0.09937
0.8055 0.94675 0.10629
0.8083 0.93263 0.09933
0.8112 0.92385 0.09707
0.8169 0.92745 0.09714
0.8198 0.90771 0.09673
0.8228 0.94359 0.09819
0.8257 0.91833 0.09711
0.8287 0.93754 0.09746
0.8317 0.92008 0.09704
0.8347 0.92640 0.09702
0.8531 0.93561 0.09602
0.8562 0.92201 0.09551
0.8594 0.92754 0.09523
0.8626 0.91903 0.09492
0.8658 0.92315 0.09486
0.8690 0.91034 0.09422
0.8722 0.89578 0.09240
0.8755 0.91297 0.09414
0.8788 0.94368 0.09618
0.8821 0.90885 0.09454
0.8854 0.92219 0.09451
0.8921 0.93306 0.09493
0.8954 0.91412 0.09391
0.8988 0.92991 0.09403
0.9022 0.92701 0.09416
0.9091 0.92640 0.09303
0.9125 0.92113 0.09216
0.9160 0.91754 0.09226
0.9195 0.92912 0.09260
0.9230 0.91789 0.09238
0.9266 0.92859 0.09311
0.9337 0.92061 0.09439
0.9409 0.91210 0.09357
0.9481 0.93017 0.09422
0.9517 0.91376 0.09320
0.9554 0.94043 0.09410
0.9591 0.92806 0.09277
0.9628 0.92245 0.09167
0.9665 0.93192 0.09257
0.9702 0.94324 0.09289
0.9740 0.94122 0.09321
0.9815 0.93842 0.09263
0.9891 0.93982 0.09335
0.9929 0.93473 0.09308
0.9968 0.94508 0.09429
1.0006 0.94070 0.09354
1.0045 0.95035 0.09408
1.0083 0.94368 0.09324
1.0161 0.94035 0.09360
1.0200 0.94693 0.09402
1.0239 0.93420 0.09354
1.0279 0.95184 0.09477
1.0358 0.93482 0.09367
1.0398 0.95017 0.09440
1.0437 0.95263 0.09463
1.0517 0.93771 0.09198
1.0558 0.94061 0.09129
1.0598 0.95114 0.09190
1.0679 0.94956 0.09279
1.0720 0.94833 0.09305
1.0760 0.94192 0.09347
1.0801 0.95149 0.09496
1.0842 0.94912 0.09486
1.0883 0.95526 0.09588
1.0924 0.95280 0.09573
1.0965 0.96131 0.09609
1.1089 0.95438 0.09298
1.1131 0.96438 0.09303
1.1173 0.96000 0.09283
1.1256 0.94789 0.09313
1.1298 0.94657 0.09395
1.1340 0.95859 0.09538
1.1424 0.95640 0.09622
1.1466 0.95991 0.09628
1.1508 0.95579 0.09665
1.1550 0.96973 0.10266
1.1593 0.96201 0.09644
1.1635 0.97140 0.09601
1.1677 0.95622 0.09406
1.1720 0.96377 0.09324
1.1762 0.96684 0.09272
1.1805 0.96482 0.09200
1.1847 0.97851 0.09304
1.1890 0.97079 0.09231
1.1933 0.96368 0.09308
1.1975 0.99412 0.09688
1.2018 0.98202 0.09695
1.2061 0.97859 0.09718
1.2104 0.97026 0.09661
1.2147 0.99904 0.09848
1.2190 0.98044 0.09802
1.2233 0.99509 0.09833
1.2276 0.99640 0.09893
1.2319 0.99526 0.09851
1.2362 0.99202 0.09757
1.2405 0.98596 0.09601
1.2448 0.98193 0.09527
1.2491 0.98245 0.09535
1.2534 0.98509 0.09768
1.2577 1.00904 0.10290
1.2620 0.99509 0.12039
1.2663 0.97912 0.11950
1.2707 0.98886 0.12570
1.2750 0.98868 0.12595
1.2793 1.00044 0.11858
1.2836 1.00588 0.11248
1.2879 1.00623 0.10693
1.2922 1.02307 0.11072
1.2966 1.00105 0.10257
1.3009 1.00561 0.10128
1.3052 1.00570 0.10159
1.3095 1.01333 0.10230
1.3138 0.97859 0.09953
1.3181 1.01640 0.10093
1.3225 1.00421 0.09893
1.3268 0.99816 0.10235
1.3311 1.00518 0.09738
1.3354 1.00439 0.10114
1.3397 0.99991 0.10071
1.3440 0.99860 0.09638
1.3483 0.98754 0.09671
1.3526 1.00649 0.09971
1.3569 1.00719 0.10303
1.3612 0.99298 0.10791
1.3655 0.98737 0.11418
1.3698 1.00316 0.11439
1.3741 1.02149 0.11426
1.3784 1.00316 0.12426
1.3827 0.99202 0.11257
1.3870 0.98281 0.11342
1.3913 1.01702 0.11444
1.3956 0.99719 0.11304
1.3998 1.00123 0.11630
1.4041 1.00526 0.12062
1.4084 0.98816 0.13657
1.4126 1.00474 0.12529
1.4169 1.02386 0.13778
1.4212 1.00544 0.12627
1.4254 1.00237 0.11004
1.4297 1.01553 0.10936
1.4339 1.00816 0.11060
1.4382 0.99342 0.11146
1.4424 1.02044 0.11079
1.4466 0.99912 0.11168
1.4509 1.03342 0.11845
1.4551 1.00930 0.12148
1.4593 1.00781 0.12132
1.4635 1.02316 0.13166
1.4677 1.02097 0.11894
1.4720 1.01412 0.11625
1.4762 1.01781 0.11960
1.4804 1.04272 0.12141
1.4845 1.02623 0.12454
1.4887 1.01790 0.12191
1.4929 1.01877 0.11662
1.4971 1.03272 0.11364
1.5013 1.00000 0.12406
1.5054 1.05448 0.13254
1.5096 1.01711 0.13111
1.5179 1.03000 0.11727
1.5220 1.02334 0.13485
1.5262 1.02711 0.12867
1.5344 1.03334 0.12930
1.5386 1.03834 0.13061
1.5468 1.02702 0.12184
1.5509 1.05237 0.12473
1.5591 1.01219 0.12594
1.5632 1.03895 0.12816
1.5673 1.03685 0.12613
1.5713 1.04807 0.12333
1.5754 1.05334 0.12206
1.5835 1.04974 0.14899
1.5876 1.05562 0.14793
1.5956 1.03930 0.12061
1.6077 1.01833 0.16468
1.6117 1.03246 0.14297
1.6157 1.05185 0.14052
1.6197 1.01281 0.13876
1.6237 1.04816 0.13165
1.6277 1.00465 0.12685
1.6317 1.04746 0.14810
1.6356 1.04614 0.12581
1.6396 1.06966 0.13254
1.6436 1.07001 0.13381
1.6475 1.06746 0.13567
1.6515 1.06623 0.13326
1.6554 1.03316 0.12450
1.6593 1.04790 0.11544
1.6632 1.05000 0.12288
1.6672 1.07869 0.14445
1.6711 1.06571 0.14869
1.6750 1.03404 0.14579
1.6789 1.06851 0.12911
1.6828 1.07527 0.12052
1.6867 1.04965 0.13174
1.6905 1.05571 0.13857
1.6983 1.06632 0.14825
1.7022 1.08983 0.14410
1.7060 1.06272 0.14300
1.7099 1.07922 0.15913
1.7137 1.05036 0.13368
1.7175 1.03562 0.13241
1.7213 1.06887 0.13059
1.7252 1.04641 0.14214
1.7290 1.07220 0.13233
1.7328 1.06088 0.13356
1.7366 1.06974 0.13817
1.7404 1.07518 0.14405
1.7442 1.05229 0.13922
1.7480 1.06527 0.13352
1.7517 1.05851 0.12530
1.7555 1.05816 0.13041
1.7593 1.07422 0.14280
1.7630 1.07676 0.17343
1.7668 1.06544 0.15835
1.7705 1.04869 0.15642
1.7743 1.08255 0.15085
1.7780 1.07237 0.12435
1.7817 1.05764 0.12939
1.7854 1.05527 0.14418
1.7892 1.04851 0.14407
1.7929 1.05378 0.14811
1.7966 1.06158 0.15392
1.8003 1.07395 0.15801
1.8040 1.06439 0.16640
1.8076 1.07167 0.16858
1.8113 1.07781 0.16569
1.8150 1.07957 0.16636
1.8187 1.04869 0.16236
1.8223 1.07966 0.16142
1.8260 1.08676 0.16643
1.8296 1.07413 0.16500
1.8333 1.05386 0.15796
1.8369 1.07816 0.18527
1.8405 1.05290 0.18727
1.8441 1.06246 0.20748
1.8478 1.07895 0.21677
1.8514 1.07738 0.22289
1.8550 1.08308 0.20822
1.8586 1.07255 0.19072
1.8622 1.07422 0.16429
1.8658 1.07781 0.18844
1.8694 1.08009 0.21990
1.8729 1.07694 0.30987
1.8765 1.06343 0.29982
1.8801 1.07334 0.23465
1.8837 1.07588 0.16560
1.8872 1.06316 0.15380
1.8908 1.04746 0.14969
1.8943 1.07790 0.17703
1.8979 1.09922 0.15760
1.9014 1.04957 0.17259
1.9049 1.07457 0.18466
1.9084 1.09045 0.18417
1.9120 1.10597 0.16890
1.9155 1.09703 0.17382
1.9190 1.07676 0.18756
1.9225 1.07957 0.24543
1.9260 1.10440 0.20768
1.9295 1.06974 0.18816
1.9330 1.05939 0.16412
1.9365 1.04571 0.15876
1.9400 1.08746 0.15552
1.9434 1.09869 0.15013
1.9469 1.09325 0.14595
1.9504 1.08325 0.15494
1.9538 1.09852 0.16781
1.9573 1.11247 0.18022
1.9607 1.09071 0.18090
1.9642 1.10904 0.17895
1.9676 1.11720 0.18103
1.9710 1.09685 0.18015
1.9745 1.08852 0.17724
1.9779 1.06220 0.18806
1.9813 1.09387 0.17565
1.9847 1.08650 0.13885
1.9882 1.10694 0.13506
1.9916 1.09869 0.13375
1.9950 1.11694 0.17349
1.9984 1.09185 0.23435
2.0017 1.08615 0.29754
2.0051 1.11168 0.28314
2.0085 1.10466 0.23265
2.0119 1.09799 0.18564
2.0153 1.08922 0.18150
2.0187 1.08317 0.17359
2.0220 1.10869 0.21105
2.0254 1.08220 0.18818
2.0287 1.10378 0.18329
2.0321 1.10808 0.18164
2.0354 1.08773 0.17140
2.0388 1.08931 0.22088
2.0421 1.08343 0.18101
2.0455 1.05913 0.18035
2.0488 1.10869 0.16590
2.0521 1.06737 0.18268
2.0554 1.06272 0.23936
2.0587 1.05237 0.19516
2.0621 1.08053 0.17656
2.0654 1.08720 0.14901
2.0686 1.06650 0.16153
2.0720 1.05176 0.17077
2.0752 1.05799 0.16507
2.0785 1.07150 0.17889
2.0818 1.06544 0.14150
2.0851 1.08764 0.14950
2.0916 1.11413 0.17648
2.0949 1.10650 0.14783
2.0982 1.07211 0.15574
2.1014 1.09597 0.14128
2.1047 1.08974 0.15172
2.1079 1.07711 0.16165
2.1112 1.05044 0.16433
2.1144 1.08264 0.16882
2.1176 1.06536 0.16420
2.1209 1.11387 0.19655
2.1241 1.10501 0.16936
2.1273 1.07159 0.16265
2.1305 1.08746 0.16083
2.1337 1.09010 0.15039
2.1370 1.10229 0.16908
2.1402 1.08238 0.14157
2.1497 1.11168 0.19334
2.1529 1.08071 0.20423
2.1561 1.10676 0.20330
2.1593 1.12571 0.17595
2.1624 1.12220 0.18156
2.1656 1.09746 0.15482
2.1688 1.11536 0.16202
2.1719 1.10036 0.16102
2.1813 1.10975 0.18618
2.1845 1.08053 0.18962
2.1876 1.10589 0.17858
2.1938 1.09624 0.19380
2.1970 1.11255 0.19627
2.2001 1.10404 0.19842
2.2032 1.08896 0.18832
2.2063 1.09685 0.18067
2.2094 1.09089 0.19106
2.2125 1.07957 0.19638
2.2156 1.08948 0.19214
2.2186 1.14519 0.18627
2.2217 1.13703 0.19591
2.2248 1.10203 0.17261
2.2279 1.09290 0.18234
2.2309 1.09053 0.19432
2.2340 1.14642 0.19362
2.2370 1.09711 0.18568
2.2401 1.09597 0.17064
2.2431 1.08852 0.17071
2.2462 1.10247 0.17438
2.2492 1.10694 0.18158
2.2522 1.09045 0.18523
2.2552 1.13887 0.18590
2.2582 1.09308 0.17915
2.2612 1.11703 0.20388
2.2643 1.13589 0.20760
2.2673 1.09027 0.18192
2.2702 1.13405 0.18530
2.2732 1.10220 0.18809
2.2762 1.09799 0.18527
2.2792 1.14124 0.18645
2.2822 1.09325 0.18124
2.2851 1.08887 0.18231
2.2881 1.12720 0.21429
2.2911 1.11220 0.18570
2.2970 1.09553 0.19454
2.2999 1.10282 0.22868
2.3028 1.11343 0.19554
2.3058 1.09475 0.19146
2.3087 1.11922 0.19330
2.3116 1.08992 0.19094
2.3145 1.14238 0.22907
2.3175 1.13133 0.23570
2.3204 1.09764 0.20749
2.3233 1.09317 0.20738
2.3262 1.10089 0.20490
2.3319 1.11782 0.24120
2.3377 1.10150 0.21154
2.3406 1.09948 0.21216
2.3434 1.09071 0.21738
2.3520 1.13738 0.23323
2.3548 1.08913 0.23714
2.3605 1.12010 0.27444
2.3634 1.09676 0.23813
2.3662 1.10554 0.27908
2.3690 1.07159 0.30096
2.3747 1.08132 0.26111
2.3775 1.09492 0.25365
2.3803 1.13370 0.25229
2.3831 1.14221 0.25646
2.3859 1.07939 0.25949
2.3887 1.09729 0.26448
2.3915 1.09852 0.26117
2.3943 1.13782 0.26352
2.3971 1.14133 0.30740
2.3998 1.13580 0.31048
2.4026 1.08931 0.26038
2.4082 1.07255 0.27413
2.4109 1.14501 0.33383
2.4137 1.10668 0.29406
2.4165 1.11966 0.37531
2.4220 1.09448 0.30867
2.4247 1.07299 0.28828
2.4275 1.13317 0.28355
2.4303 1.12791 0.29402
2.4330 1.11624 0.32755
2.4358 1.08545 0.34940
2.4385 1.10852 0.34616
2.4412 1.08992 0.38805
2.4522 1.14457 0.47524
2.4550 1.07132 0.38093
2.4604 1.12062 0.35059
2.4632 1.10650 0.35961
2.4659 1.07466 0.46479
2.4714 1.13528 0.44253
2.4742 1.07352 0.44923
2.4769 1.14308 0.44286
2.4797 1.14852 0.44989
2.4824 1.14343 0.62872
2.4852 1.07527 0.57564
2.4935 1.14194 0.62247
2.4963 1.13650 0.72033
2.5018 1.08536 0.55944
