0.4900 0.9606 0.0162
0.4904 0.9655 0.0116
0.4908 0.9657 0.0118
0.4912 0.9626 0.0153
0.4916 0.9583 0.0200
0.4920 0.9546 0.0241
0.4924 0.9532 0.0259
0.4928 0.9549 0.0246
0.4932 0.9567 0.0232
0.4936 0.9549 0.0254
0.4940 0.9486 0.0321
0.4944 0.9409 0.0402
0.4948 0.9372 0.0443
0.4952 0.9379 0.0440
0.4956 0.9400 0.0423
0.4960 0.9441 0.0386
0.4964 0.9472 0.0359
0.4968 0.9421 0.0413
0.4972 0.9336 0.0503
0.4976 0.9325 0.0518
0.4980 0.9377 0.0470
0.4984 0.9453 0.0398
0.4988 0.9545 0.0309
0.4992 0.9629 0.0229
0.4996 0.9675 0.0187
0.5000 0.9697 0.0168
0.5004 0.9747 0.0123
0.5008 0.9859 0.0014
0.5012 0.9966 0.0088
0.5016 0.9979 0.0098
0.5020 0.9919 0.0034
0.5024 0.9822 0.0067
0.5028 0.9709 0.0183
0.5032 0.9612 0.0284
0.5036 0.9579 0.0320
0.5040 0.9652 0.0251
0.5044 0.9738 0.0169
0.5048 0.9703 0.0207
0.5052 0.9644 0.0269
0.5056 0.9631 0.0286
0.5060 0.9550 0.0371
0.5064 0.9484 0.0440
0.5068 0.9600 0.0327
0.5072 0.9765 0.0166
0.5076 0.9819 0.0116
0.5080 0.9759 0.0179
0.5084 0.9703 0.0238
0.5088 0.9702 0.0242
0.5092 0.9662 0.0286
0.5096 0.9582 0.0369
0.5100 0.9539 0.0415
0.5104 0.9483 0.0474
0.5108 0.9380 0.0581
0.5112 0.9358 0.0605
0.5116 0.9473 0.0493
0.5120 0.9637 0.0332
0.5124 0.9694 0.0278
0.5128 0.9662 0.0313
0.5132 0.9676 0.0301
0.5136 0.9693 0.0288
0.5140 0.9684 0.0299
0.5144 0.9715 0.0271
0.5148 0.9752 0.0237
0.5152 0.9719 0.0272
0.5156 0.9690 0.0303
0.5160 0.9702 0.0294
0.5164 0.9723 0.0275
0.5168 0.9754 0.0247
0.5172 0.9772 0.0231
0.5176 0.9752 0.0253
0.5180 0.9692 0.0315
0.5184 0.9627 0.0383
0.5188 0.9577 0.0435
0.5192 0.9544 0.0470
0.5196 0.9561 0.0456
0.5200 0.9682 0.0337
0.5204 0.9835 0.0185
0.5208 0.9896 0.0127
0.5212 0.9919 0.0106
0.5216 0.9936 0.0090
0.5220 0.9887 0.0141
0.5224 0.9779 0.0252
0.5228 0.9679 0.0353
0.5232 0.9598 0.0436
0.5236 0.9561 0.0475
0.5240 0.9583 0.0455
0.5244 0.9621 0.0419
0.5248 0.9701 0.0340
0.5252 0.9808 0.0235
0.5256 0.9850 0.0195
0.5260 0.9834 0.0213
0.5264 0.9855 0.0193
0.5268 0.9859 0.0190
0.5272 0.9797 0.0254
0.5276 0.9727 0.0325
0.5280 0.9632 0.0422
0.5284 0.9555 0.0500
0.5288 0.9591 0.0466
0.5292 0.9636 0.0422
0.5296 0.9639 0.0421
0.5300 0.9700 0.0361
0.5304 0.9778 0.0284
0.5308 0.9758 0.0306
0.5312 0.9691 0.0375
0.5316 0.9655 0.0411
0.5320 0.9630 0.0438
0.5324 0.9610 0.0460
0.5328 0.9648 0.0422
0.5332 0.9745 0.0327
0.5336 0.9777 0.0296
0.5340 0.9761 0.0314
0.5344 0.9765 0.0310
0.5348 0.9741 0.0335
0.5352 0.9689 0.0389
0.5356 0.9694 0.0385
0.5360 0.9735 0.0345
0.5364 0.9713 0.0369
0.5368 0.9651 0.0432
0.5372 0.9655 0.0428
0.5376 0.9666 0.0418
0.5380 0.9592 0.0493
0.5384 0.9530 0.0557
0.5388 0.9511 0.0577
0.5392 0.9458 0.0630
0.5396 0.9421 0.0669
0.5400 0.9453 0.0638
0.5404 0.9506 0.0586
0.5408 0.9557 0.0535
0.5412 0.9584 0.0510
0.5416 0.9600 0.0495
0.5420 0.9657 0.0438
0.5424 0.9733 0.0364
0.5428 0.9783 0.0314
0.5432 0.9811 0.0287
0.5436 0.9819 0.0280
0.5440 0.9781 0.0318
0.5444 0.9740 0.0360
0.5448 0.9740 0.0361
0.5452 0.9803 0.0299
0.5456 0.9904 0.0199
0.5460 0.9957 0.0146
0.5464 0.9964 0.0140
0.5468 0.9967 0.0137
0.5472 0.9885 0.0220
0.5476 0.9746 0.0361
0.5480 0.9691 0.0416
0.5484 0.9739 0.0368
0.5488 0.9779 0.0329
0.5492 0.9836 0.0272
0.5496 0.9946 0.0163
0.5500 1.0000 0.0110
0.5504 0.9918 0.0193
0.5508 0.9783 0.0328
0.5512 0.9728 0.0384
0.5516 0.9718 0.0394
0.5520 0.9724 0.0389
0.5524 0.9800 0.0313
0.5528 0.9915 0.0199
0.5532 0.9954 0.0161
0.5536 0.9919 0.0195
0.5540 0.9899 0.0216
0.5544 0.9868 0.0247
0.5548 0.9788 0.0328
0.5552 0.9750 0.0366
0.5556 0.9783 0.0333
0.5560 0.9820 0.0297
0.5564 0.9830 0.0287
0.5568 0.9874 0.0243
0.5572 0.9922 0.0196
0.5576 0.9916 0.0202
0.5580 0.9873 0.0245
0.5584 0.9842 0.0277
0.5588 0.9850 0.0269
0.5592 0.9875 0.0243
0.5596 0.9918 0.0201
0.5600 0.9967 0.0152
0.5604 0.9961 0.0158
0.5608 0.9906 0.0213
0.5612 0.9863 0.0256
0.5616 0.9806 0.0313
0.5620 0.9731 0.0388
0.5624 0.9696 0.0423
0.5628 0.9692 0.0427
0.5632 0.9680 0.0439
0.5636 0.9665 0.0453
0.5640 0.9632 0.0486
0.5644 0.9616 0.0502
0.5648 0.9607 0.0511
0.5652 0.9595 0.0523
0.5656 0.9633 0.0485
0.5660 0.9711 0.0406
0.5664 0.9756 0.0360
0.5668 0.9773 0.0343
0.5672 0.9776 0.0341
0.5676 0.9766 0.0350
0.5680 0.9761 0.0355
0.5684 0.9732 0.0383
0.5688 0.9765 0.0350
0.5692 0.9830 0.0285
0.5696 0.9811 0.0303
0.5700 0.9751 0.0362
0.5704 0.9774 0.0339
0.5708 0.9777 0.0335
0.5712 0.9700 0.0412
0.5716 0.9688 0.0423
0.5720 0.9749 0.0362
0.5724 0.9795 0.0315
0.5728 0.9826 0.0284
0.5732 0.9856 0.0254
0.5736 0.9854 0.0255
0.5740 0.9859 0.0249
0.5744 0.9855 0.0253
0.5748 0.9850 0.0258
0.5752 0.9888 0.0219
0.5756 0.9917 0.0189
0.5760 0.9897 0.0209
0.5764 0.9883 0.0223
0.5768 0.9862 0.0243
0.5772 0.9812 0.0293
0.5776 0.9783 0.0321
0.5780 0.9735 0.0368
0.5784 0.9646 0.0457
0.5788 0.9624 0.0478
0.5792 0.9662 0.0440
0.5796 0.9701 0.0400
0.5800 0.9785 0.0315
0.5804 0.9918 0.0182
0.5808 0.9915 0.0184
0.5812 0.9817 0.0281
0.5816 0.9769 0.0329
0.5820 0.9754 0.0343
0.5824 0.9728 0.0369
0.5828 0.9735 0.0361
0.5832 0.9773 0.0322
0.5836 0.9789 0.0306
0.5840 0.9787 0.0307
0.5844 0.9770 0.0323
0.5848 0.9738 0.0355
0.5852 0.9726 0.0366
0.5856 0.9745 0.0346
0.5860 0.9780 0.0310
0.5864 0.9798 0.0292
0.5868 0.9861 0.0228
0.5872 0.9913 0.0175
0.5876 0.9870 0.0218
0.5880 0.9777 0.0310
0.5884 0.9728 0.0359
0.5888 0.9694 0.0392
0.5892 0.9686 0.0399
0.5896 0.9719 0.0365
0.5900 0.9738 0.0345
0.5904 0.9733 0.0350
0.5908 0.9721 0.0361
0.5912 0.9711 0.0370
0.5916 0.9701 0.0380
0.5920 0.9680 0.0400
0.5924 0.9647 0.0432
0.5928 0.9633 0.0445
0.5932 0.9636 0.0442
0.5936 0.9638 0.0438
0.5940 0.9658 0.0418
0.5944 0.9703 0.0372
0.5948 0.9744 0.0331
0.5952 0.9735 0.0338
0.5956 0.9720 0.0352
0.5960 0.9767 0.0305
0.5964 0.9805 0.0266
0.5968 0.9777 0.0293
0.5972 0.9785 0.0285
0.5976 0.9859 0.0210
0.5980 0.9874 0.0194
0.5984 0.9863 0.0205
0.5988 0.9900 0.0167
0.5992 0.9934 0.0132
0.5996 0.9888 0.0177
0.6000 0.9922 0.0142
0.6004 0.9984 0.0080
0.6008 0.9980 0.0083
0.6012 0.9969 0.0093
0.6016 0.9973 0.0089
0.6020 0.9920 0.0141
0.6024 0.9871 0.0190
0.6028 0.9870 0.0190
0.6032 0.9902 0.0157
0.6036 0.9934 0.0125
0.6040 0.9906 0.0152
0.6044 0.9867 0.0190
0.6048 0.9894 0.0163
0.6052 0.9892 0.0164
0.6056 0.9837 0.0218
0.6060 0.9808 0.0247
0.6064 0.9812 0.0242
0.6068 0.9732 0.0322
0.6072 0.9698 0.0355
0.6076 0.9760 0.0292
0.6080 0.9827 0.0225
0.6084 0.9883 0.0169
0.6088 0.9984 0.0067
0.6092 0.9973 0.0077
0.6096 0.9862 0.0188
0.6100 0.9794 0.0256
0.6104 0.9775 0.0274
0.6108 0.9742 0.0306
0.6112 0.9728 0.0320
0.6116 0.9760 0.0288
0.6120 0.9819 0.0228
0.6124 0.9915 0.0132
0.6128 0.9941 0.0105
0.6132 0.9921 0.0125
0.6136 0.9969 0.0076
0.6140 1.0038 0.0017
0.6144 0.9957 0.0088
0.6148 0.9923 0.0122
0.6152 0.9994 0.0051
0.6156 1.0008 0.0037
0.6160 0.9984 0.0060
0.6164 0.9968 0.0075
0.6168 0.9948 0.0095
0.6172 0.9921 0.0122
0.6176 0.9895 0.0148
0.6180 0.9873 0.0170
0.6184 0.9910 0.0133
0.6188 0.9971 0.0072
0.6192 1.0004 0.0038
0.6196 1.0004 0.0039
0.6200 0.9970 0.0072
0.6204 0.9921 0.0121
0.6208 0.9877 0.0165
0.6212 0.9838 0.0204
0.6216 0.9781 0.0261
0.6220 0.9751 0.0292
0.6224 0.9745 0.0298
0.6228 0.9738 0.0304
0.6232 0.9727 0.0315
0.6236 0.9719 0.0323
0.6240 0.9740 0.0303
0.6244 0.9738 0.0304
0.6248 0.9739 0.0303
0.6252 0.9807 0.0236
0.6256 0.9875 0.0168
0.6260 0.9911 0.0132
0.6264 0.9928 0.0116
0.6268 0.9944 0.0099
0.6272 0.9956 0.0088
0.6276 0.9917 0.0126
0.6280 0.9814 0.0230
0.6284 0.9802 0.0242
0.6288 0.9833 0.0211
0.6292 0.9777 0.0267
0.6296 0.9784 0.0261
0.6300 0.9809 0.0236
0.6304 0.9808 0.0237
0.6308 0.9770 0.0275
0.6312 0.9732 0.0313
0.6316 0.9743 0.0303
0.6320 0.9757 0.0289
0.6324 0.9781 0.0265
0.6328 0.9789 0.0258
0.6332 0.9775 0.0272
0.6336 0.9817 0.0230
0.6340 0.9925 0.0123
0.6344 0.9898 0.0150
0.6348 0.9808 0.0241
0.6352 0.9813 0.0235
0.6356 0.9796 0.0253
0.6360 0.9716 0.0333
0.6364 0.9682 0.0368
0.6368 0.9707 0.0344
0.6372 0.9744 0.0307
0.6376 0.9805 0.0246
0.6380 0.9870 0.0181
0.6384 0.9894 0.0158
0.6388 0.9918 0.0135
0.6392 0.9911 0.0142
0.6396 0.9807 0.0247
0.6400 0.9723 0.0331
0.6404 0.9759 0.0296
0.6408 0.9792 0.0264
0.6412 0.9769 0.0287
0.6416 0.9780 0.0276
0.6420 0.9815 0.0242
0.6424 0.9827 0.0230
0.6428 0.9814 0.0244
0.6432 0.9834 0.0225
0.6436 0.9869 0.0190
0.6440 0.9843 0.0217
0.6444 0.9818 0.0243
0.6448 0.9849 0.0213
0.6452 0.9845 0.0217
0.6456 0.9777 0.0286
0.6460 0.9736 0.0328
0.6464 0.9699 0.0365
0.6468 0.9682 0.0383
0.6472 0.9718 0.0348
0.6476 0.9768 0.0298
0.6480 0.9778 0.0289
0.6484 0.9776 0.0292
0.6488 0.9777 0.0291
0.6492 0.9774 0.0295
0.6496 0.9789 0.0281
0.6500 0.9832 0.0238
0.6504 0.9872 0.0199
0.6508 0.9903 0.0169
0.6512 0.9955 0.0117
0.6516 0.9949 0.0124
0.6520 0.9919 0.0156
0.6524 0.9902 0.0173
0.6528 0.9807 0.0269
0.6532 0.9719 0.0358
0.6536 0.9719 0.0358
0.6540 0.9720 0.0358
0.6544 0.9689 0.0390
0.6548 0.9722 0.0357
0.6552 0.9681 0.0399
0.6556 0.9689 0.0392
0.6560 0.9747 0.0334
0.6564 0.9825 0.0257
0.6568 0.9879 0.0204
0.6572 0.9881 0.0203
0.6576 0.9876 0.0208
0.6580 0.9878 0.0207
0.6584 0.9859 0.0227
0.6588 0.9830 0.0257
0.6592 0.9852 0.0235
0.6596 0.9819 0.0269
0.6600 0.9796 0.0293
0.6604 0.9795 0.0294
0.6608 0.9790 0.0300
0.6612 0.9802 0.0289
0.6616 0.9831 0.0261
0.6620 0.9849 0.0244
0.6624 0.9828 0.0265
0.6628 0.9834 0.0259
0.6632 0.9875 0.0219
0.6636 0.9886 0.0210
0.6640 0.9875 0.0221
0.6644 0.9870 0.0226
0.6648 0.9866 0.0231
0.6652 0.9906 0.0192
0.6656 0.9967 0.0132
0.6660 0.9932 0.0167
0.6664 0.9888 0.0211
0.6668 0.9869 0.0231
0.6672 0.9804 0.0297
0.6676 0.9714 0.0388
0.6680 0.9704 0.0398
0.6684 0.9733 0.0370
0.6688 0.9749 0.0354
0.6692 0.9775 0.0329
0.6696 0.9793 0.0312
0.6700 0.9777 0.0329
0.6704 0.9770 0.0336
0.6708 0.9819 0.0287
0.6712 0.9837 0.0270
0.6716 0.9874 0.0233
0.6720 0.9916 0.0192
0.6724 0.9911 0.0197
0.6728 0.9920 0.0189
0.6732 0.9938 0.0171
0.6736 0.9925 0.0185
0.6740 0.9924 0.0186
0.6744 0.9942 0.0169
0.6748 0.9888 0.0224
0.6752 0.9845 0.0267
0.6756 0.9820 0.0293
0.6760 0.9802 0.0311
0.6764 0.9827 0.0286
0.6768 0.9846 0.0268
0.6772 0.9780 0.0333
0.6776 0.9753 0.0361
0.6780 0.9748 0.0367
0.6784 0.9742 0.0373
0.6788 0.9741 0.0374
0.6792 0.9768 0.0348
0.6796 0.9784 0.0332
0.6800 0.9806 0.0310
0.6804 0.9786 0.0331
0.6808 0.9739 0.0378
0.6812 0.9724 0.0393
0.6816 0.9715 0.0403
0.6820 0.9742 0.0375
0.6824 0.9785 0.0332
0.6828 0.9825 0.0293
0.6832 0.9835 0.0283
0.6836 0.9846 0.0272
0.6840 0.9883 0.0236
0.6844 0.9831 0.0287
0.6848 0.9790 0.0328
0.6852 0.9785 0.0334
0.6856 0.9697 0.0421
0.6860 0.9503 0.0615
0.6864 0.9440 0.0678
0.6868 0.9436 0.0682
0.6872 0.9402 0.0716
0.6876 0.9451 0.0667
0.6880 0.9592 0.0526
0.6884 0.9644 0.0473
0.6888 0.9622 0.0495
0.6892 0.9640 0.0477
0.6896 0.9650 0.0467
0.6900 0.9610 0.0506
0.6904 0.9614 0.0502
0.6908 0.9653 0.0463
0.6912 0.9701 0.0414
0.6916 0.9714 0.0401
0.6920 0.9721 0.0393
0.6924 0.9750 0.0364
0.6928 0.9753 0.0361
0.6932 0.9713 0.0401
0.6936 0.9754 0.0359
0.6940 0.9839 0.0274
0.6944 0.9858 0.0254
0.6948 0.9852 0.0260
0.6952 0.9906 0.0205
0.6956 0.9936 0.0175
0.6960 0.9895 0.0216
0.6964 0.9833 0.0277
0.6968 0.9825 0.0286
0.6972 0.9858 0.0252
0.6976 0.9852 0.0258
0.6980 0.9871 0.0239
0.6984 0.9916 0.0193
0.6988 0.9951 0.0158
0.6992 0.9948 0.0160
0.6996 0.9933 0.0175
0.7000 0.9901 0.0206
0.7004 0.9910 0.0197
0.7008 0.9897 0.0210
0.7012 0.9828 0.0278
0.7016 0.9773 0.0333
0.7020 0.9704 0.0402
0.7024 0.9652 0.0453
0.7028 0.9665 0.0440
0.7032 0.9691 0.0414
0.7036 0.9691 0.0413
0.7040 0.9733 0.0371
0.7044 0.9766 0.0338
0.7048 0.9746 0.0357
0.7052 0.9741 0.0362
0.7056 0.9791 0.0312
0.7060 0.9847 0.0255
0.7064 0.9872 0.0230
0.7068 0.9852 0.0250
0.7072 0.9844 0.0258
0.7076 0.9845 0.0257
0.7080 0.9822 0.0279
0.7084 0.9801 0.0300
0.7088 0.9825 0.0275
0.7092 0.9794 0.0306
0.7096 0.9748 0.0352
0.7100 0.9742 0.0357
0.7104 0.9742 0.0358
0.7108 0.9731 0.0368
0.7112 0.9755 0.0343
0.7116 0.9777 0.0321
0.7120 0.9757 0.0342
0.7124 0.9702 0.0396
0.7128 0.9647 0.0451
0.7132 0.9641 0.0456
0.7136 0.9649 0.0449
0.7140 0.9712 0.0385
0.7144 0.9845 0.0252
0.7148 0.9959 0.0138
0.7152 0.9974 0.0123
0.7156 0.9974 0.0122
0.7160 0.9974 0.0122
0.7164 0.9941 0.0155
0.7168 0.9927 0.0169
0.7172 0.9971 0.0125
0.7176 0.9979 0.0117
0.7180 0.9903 0.0192
0.7184 0.9801 0.0294
0.7188 0.9713 0.0382
0.7192 0.9643 0.0452
0.7196 0.9594 0.0501
0.7200 0.9529 0.0565
0.7204 0.9594 0.0500
0.7208 0.9681 0.0413
0.7212 0.9692 0.0402
0.7216 0.9719 0.0375
0.7220 0.9821 0.0273
0.7224 0.9816 0.0277
0.7228 0.9760 0.0333
0.7232 0.9749 0.0344
0.7236 0.9753 0.0340
0.7240 0.9755 0.0338
0.7244 0.9752 0.0341
0.7248 0.9755 0.0338
0.7252 0.9788 0.0305
0.7256 0.9816 0.0277
0.7260 0.9812 0.0281
0.7264 0.9821 0.0272
0.7268 0.9853 0.0240
0.7272 0.9825 0.0267
0.7276 0.9751 0.0342
0.7280 0.9714 0.0378
0.7284 0.9698 0.0395
0.7288 0.9643 0.0449
0.7292 0.9653 0.0440
0.7296 0.9681 0.0412
0.7300 0.9646 0.0447
0.7304 0.9592 0.0500
0.7308 0.9617 0.0476
0.7312 0.9651 0.0441
0.7316 0.9699 0.0393
0.7320 0.9738 0.0355
0.7324 0.9730 0.0362
0.7328 0.9714 0.0378
0.7332 0.9722 0.0371
0.7336 0.9696 0.0396
0.7340 0.9695 0.0398
0.7344 0.9757 0.0336
0.7348 0.9779 0.0313
0.7352 0.9692 0.0400
0.7356 0.9658 0.0434
0.7360 0.9677 0.0416
0.7364 0.9675 0.0418
0.7368 0.9652 0.0440
0.7372 0.9666 0.0426
0.7376 0.9686 0.0406
0.7380 0.9659 0.0433
0.7384 0.9607 0.0485
0.7388 0.9657 0.0435
0.7392 0.9777 0.0315
0.7396 0.9765 0.0327
0.7400 0.9689 0.0403
0.7404 0.9688 0.0403
0.7408 0.9685 0.0406
0.7412 0.9641 0.0449
0.7416 0.9669 0.0421
0.7420 0.9731 0.0359
0.7424 0.9744 0.0345
0.7428 0.9664 0.0424
0.7432 0.9606 0.0482
0.7436 0.9655 0.0433
0.7440 0.9734 0.0353
0.7444 0.9770 0.0317
0.7448 0.9844 0.0242
0.7452 0.9850 0.0236
0.7456 0.9738 0.0347
0.7460 0.9677 0.0407
0.7464 0.9720 0.0363
0.7468 0.9771 0.0312
0.7472 0.9796 0.0286
0.7476 0.9838 0.0243
0.7480 0.9865 0.0215
0.7484 0.9826 0.0253
0.7488 0.9787 0.0291
0.7492 0.9835 0.0243
0.7496 0.9893 0.0183
0.7500 0.9911 0.0165
0.7504 0.9936 0.0138
0.7508 0.9919 0.0155
0.7512 0.9816 0.0257
0.7516 0.9761 0.0310
0.7520 0.9755 0.0315
0.7524 0.9738 0.0331
0.7528 0.9737 0.0331
0.7532 0.9731 0.0336
0.7536 0.9754 0.0312
0.7540 0.9763 0.0302
0.7544 0.9749 0.0314
0.7548 0.9753 0.0309
0.7552 0.9802 0.0258
0.7556 0.9771 0.0288
0.7560 0.9738 0.0320
0.7564 0.9704 0.0352
0.7568 0.9632 0.0423
0.7572 0.9627 0.0427
0.7576 0.9639 0.0413
0.7580 0.9639 0.0411
0.7584 0.9672 0.0378
0.7588 0.9729 0.0319
0.7592 0.9733 0.0313
0.7596 0.9735 0.0310
0.7600 0.9737 0.0307
0.7604 0.9738 0.0303
0.7608 0.9740 0.0300
0.7612 0.9742 0.0296
0.7616 0.9744 0.0293
0.7620 0.9746 0.0289
0.7624 0.9748 0.0286
0.7628 0.9749 0.0282
0.7632 0.9751 0.0279
0.7636 0.9753 0.0275
0.7640 0.9755 0.0272
0.7644 0.9757 0.0268
0.7648 0.9759 0.0265
0.7652 0.9760 0.0261
0.7656 0.9773 0.0247
0.7660 0.9753 0.0266
0.7664 0.9818 0.0199
0.7668 0.9849 0.0166
0.7672 0.9871 0.0143
0.7676 0.9879 0.0133
0.7680 0.9883 0.0127
0.7684 0.9841 0.0168
0.7688 0.9799 0.0208
0.7692 0.9790 0.0216
0.7696 0.9756 0.0248
0.7700 0.9731 0.0272
0.7704 0.9792 0.0209
0.7708 0.9928 0.0072
0.7712 0.9973 0.0025
0.7716 0.9977 0.0019
0.7720 1.0022 0.0027
0.7724 0.9945 0.0049
0.7728 0.9735 0.0257
0.7732 0.9657 0.0335
0.7736 0.9708 0.0282
0.7740 0.9701 0.0288
0.7744 0.9630 0.0358
0.7748 0.9669 0.0317
0.7752 0.9675 0.0310
0.7756 0.9639 0.0345
0.7760 0.9641 0.0342
0.7764 0.9693 0.0289
0.7768 0.9722 0.0259
0.7772 0.9684 0.0296
0.7776 0.9642 0.0337
0.7780 0.9685 0.0293
0.7784 0.9757 0.0220
0.7788 0.9742 0.0234
0.7792 0.9690 0.0286
0.7796 0.9691 0.0284
0.7800 0.9663 0.0311
0.7804 0.9632 0.0341
0.7808 0.9706 0.0267
0.7812 0.9837 0.0135
0.7816 0.9869 0.0102
0.7820 0.9838 0.0133
0.7824 0.9784 0.0186
0.7828 0.9708 0.0262
0.7832 0.9665 0.0304
0.7836 0.9708 0.0261
0.7840 0.9750 0.0218
0.7844 0.9757 0.0210
0.7848 0.9780 0.0188
0.7852 0.9835 0.0132
0.7856 0.9874 0.0093
0.7860 0.9930 0.0036
0.7864 1.0011 0.0045
0.7868 1.0053 0.0087
0.7872 1.0049 0.0083
0.7876 1.0042 0.0076
0.7880 1.0015 0.0050
0.7884 1.0011 0.0046
0.7888 1.0033 0.0068
0.7892 1.0033 0.0068
0.7896 0.9956 0.0019
0.7900 0.9828 0.0137
0.7904 0.9705 0.0260
0.7908 0.9632 0.0333
0.7912 0.9552 0.0413
0.7916 0.9513 0.0452
0.7920 0.9658 0.0307
0.7924 0.9846 0.0120
0.7928 0.9980 0.0014
0.7932 1.0097 0.0131
0.7936 1.0225 0.0259
0.7940 1.0270 0.0304
0.7944 1.0195 0.0228
0.7948 1.0055 0.0088
0.7952 0.9943 0.0025
0.7956 0.9831 0.0137
0.7960 0.9720 0.0248
0.7964 0.9711 0.0257
0.7968 0.9703 0.0266
0.7972 0.9645 0.0324
0.7976 0.9606 0.0364
0.7980 0.9574 0.0396
0.7984 0.9496 0.0474
0.7988 0.9495 0.0476
0.7992 0.9468 0.0503
0.7996 0.9457 0.0516
0.8000 0.9432 0.0541
0.8004 0.9340 0.0633
0.8008 0.9292 0.0682
0.8012 0.9355 0.0620
0.8016 0.9397 0.0578
0.8020 0.9435 0.0541
0.8024 0.9545 0.0432
0.8028 0.9589 0.0388
0.8032 0.9591 0.0387
0.8036 0.9523 0.0456
0.8040 0.9443 0.0536
0.8044 0.9377 0.0603
0.8048 0.9315 0.0666
0.8052 0.9376 0.0606
0.8056 0.9522 0.0461
0.8060 0.9563 0.0421
0.8064 0.9571 0.0413
0.8068 0.9660 0.0325
0.8072 0.9600 0.0386
0.8076 0.9495 0.0492
0.8080 0.9508 0.0479
0.8084 0.9578 0.0411
0.8088 0.9565 0.0424
0.8092 0.9551 0.0439
0.8096 0.9608 0.0383
0.8100 0.9615 0.0377
0.8104 0.9572 0.0421
0.8108 0.9578 0.0416
0.8112 0.9655 0.0340
0.8116 0.9687 0.0308
0.8120 0.9691 0.0305
0.8124 0.9684 0.0313
0.8128 0.9643 0.0355
0.8132 0.9576 0.0423
0.8136 0.9514 0.0485
0.8140 0.9546 0.0455
0.8144 0.9588 0.0414
0.8148 0.9622 0.0380
0.8152 0.9653 0.0350
0.8156 0.9585 0.0419
0.8160 0.9455 0.0550
0.8164 0.9381 0.0624
0.8168 0.9292 0.0714
0.8172 0.9146 0.0861
0.8176 0.9121 0.0887
0.8180 0.9273 0.0736
0.8184 0.9324 0.0686
0.8188 0.9426 0.0585
0.8192 0.9643 0.0369
0.8196 0.9740 0.0272
0.8200 0.9712 0.0300
0.8204 0.9748 0.0266
0.8208 0.9748 0.0267
0.8212 0.9703 0.0312
0.8216 0.9710 0.0306
0.8220 0.9625 0.0391
0.8224 0.9516 0.0502
0.8228 0.9500 0.0518
0.8232 0.9553 0.0466
0.8236 0.9584 0.0436
0.8240 0.9574 0.0446
0.8244 0.9556 0.0466
0.8248 0.9520 0.0502
0.8252 0.9440 0.0583
0.8256 0.9394 0.0630
0.8260 0.9451 0.0574
0.8264 0.9483 0.0542
0.8268 0.9463 0.0563
0.8272 0.9516 0.0511
0.8276 0.9583 0.0444
0.8280 0.9574 0.0454
0.8284 0.9656 0.0373
0.8288 0.9697 0.0333
0.8292 0.9623 0.0408
0.8296 0.9536 0.0497
0.8300 0.9528 0.0505
0.8304 0.9516 0.0518
