0.370083 0.848810 0.012732
0.370279 0.874423 0.013116
0.370475 0.882326 0.013235
0.370671 0.882326 0.013235
0.370867 0.883041 0.013246
0.371063 0.887575 0.013314
0.371259 0.874423 0.013116
0.371454 0.882326 0.013235
0.371650 0.887575 0.013314
0.371846 0.894213 0.013413
0.372042 0.896173 0.013443
0.372238 0.894817 0.013422
0.372434 0.894817 0.013422
0.372630 0.909792 0.013647
0.372826 0.894213 0.013413
0.373022 0.874113 0.013112
0.373218 0.911021 0.013665
0.373414 0.894817 0.013422
0.373610 0.896780 0.013452
0.373805 0.902144 0.013532
0.374001 0.904592 0.013569
0.374197 0.902144 0.013532
0.374393 0.902144 0.013532
0.374589 0.888221 0.013323
0.374785 0.896780 0.013452
0.374981 0.904592 0.013569
0.375177 0.902144 0.013532
0.375373 0.905396 0.013581
0.375569 0.906331 0.013595
0.375765 0.916691 0.013750
0.375961 0.882510 0.013238
0.376157 0.900752 0.013511
0.376352 0.901698 0.013525
0.376548 0.888149 0.013322
0.376744 0.886820 0.013302
0.376940 0.891880 0.013378
0.377136 0.897121 0.013457
0.377332 0.891326 0.013370
0.377528 0.902854 0.013543
0.377724 0.900752 0.013511
0.377920 0.904487 0.013567
0.378116 0.901698 0.013525
0.378312 0.900752 0.013511
0.378508 0.902854 0.013543
0.378703 0.903222 0.013548
0.378899 0.904487 0.013567
0.379095 0.918435 0.013777
0.379291 0.903222 0.013548
0.379487 0.892114 0.013382
0.379683 0.917186 0.013758
0.379879 0.917186 0.013758
0.380075 0.899581 0.013494
0.380271 0.908968 0.013635
0.380467 0.926940 0.013904
0.380663 0.909893 0.013648
0.380859 0.910744 0.013661
0.381054 0.909893 0.013648
0.381250 0.910744 0.013661
0.381446 0.917186 0.013758
0.381642 0.920045 0.013801
0.381838 0.920045 0.013801
0.382034 0.926536 0.013898
0.382230 0.920045 0.013801
0.382426 0.904509 0.013568
0.382622 0.920045 0.013801
0.382818 0.924429 0.013866
0.383014 0.929861 0.013948
0.383210 0.928076 0.013921
0.383406 0.926112 0.013892
0.383601 0.909632 0.013644
0.383797 0.924249 0.013864
0.383993 0.912069 0.013681
0.384189 0.924238 0.013864
0.384385 0.913344 0.013700
0.384581 0.911867 0.013678
0.384777 0.924249 0.013864
0.384973 0.929992 0.013950
0.385169 0.913344 0.013700
0.385365 0.912069 0.013681
0.385561 0.907688 0.013615
0.385757 0.900911 0.013514
0.385952 0.900273 0.013504
0.386148 0.922216 0.013833
0.386344 0.921511 0.013823
0.386540 0.920594 0.013809
0.386736 0.909480 0.013642
0.386932 0.890330 0.013355
0.387128 0.900977 0.013515
0.387324 0.912304 0.013685
0.387520 0.903585 0.013554
0.387716 0.917942 0.013769
0.387912 0.912514 0.013688
0.388108 0.912514 0.013688
0.388304 0.912514 0.013688
0.388499 0.903557 0.013553
0.388695 0.908789 0.013632
0.388891 0.903589 0.013554
0.389087 0.912514 0.013688
0.389283 0.919100 0.013786
0.389479 0.927045 0.013906
0.389675 0.927045 0.013906
0.389871 0.934241 0.014014
0.390067 0.931767 0.013977
0.390263 0.931816 0.013977
0.390459 0.917039 0.013756
0.390655 0.931605 0.013974
0.390850 0.912417 0.013686
0.391046 0.926334 0.013895
0.391242 0.932109 0.013982
0.391438 0.949358 0.014240
0.391634 0.941839 0.014128
0.391830 0.915600 0.013734
0.392026 0.918394 0.013776
0.392222 0.947480 0.014212
0.392418 0.928172 0.013923
0.392614 0.932554 0.013988
0.392810 0.935374 0.014031
0.393006 0.945018 0.014175
0.393201 0.917315 0.013760
0.393397 0.915586 0.013734
0.393593 0.919393 0.013791
0.393789 0.932554 0.013988
0.393985 0.936657 0.014050
0.394181 0.935374 0.014031
0.394377 0.942216 0.014133
0.394573 0.938005 0.014070
0.394769 0.924030 0.013860
0.394965 0.921937 0.013829
0.395161 0.945127 0.014177
0.395357 0.952454 0.014287
0.395553 0.951381 0.014271
0.395748 0.961601 0.014424
0.395944 0.942216 0.014133
0.396140 0.942216 0.014133
0.396336 0.942323 0.014135
0.396532 0.942323 0.014135
0.396728 0.941874 0.014128
0.396924 0.936054 0.014041
0.397120 0.943188 0.014148
0.397316 0.942781 0.014142
0.397512 0.936216 0.014043
0.397708 0.942323 0.014135
0.397904 0.937517 0.014063
0.398099 0.942781 0.014142
0.398295 0.935049 0.014026
0.398491 0.943188 0.014148
0.398687 0.946328 0.014195
0.398883 0.943595 0.014154
0.399079 0.931766 0.013976
0.399275 0.931329 0.013970
0.399471 0.929906 0.013949
0.399667 0.928528 0.013928
0.399863 0.924854 0.013873
0.400059 0.939107 0.014087
0.400255 0.939410 0.014091
0.400450 0.931505 0.013973
0.400646 0.926452 0.013897
0.400842 0.927698 0.013915
0.401038 0.937217 0.014058
0.401234 0.914492 0.013717
0.401430 0.912447 0.013687
0.401626 0.928117 0.013922
0.401822 0.937538 0.014063
0.402018 0.928073 0.013921
0.402214 0.938081 0.014071
0.402410 0.928640 0.013930
0.402606 0.944481 0.014167
0.402802 0.956558 0.014348
0.402997 0.955520 0.014333
0.403193 0.934047 0.014011
0.403389 0.932850 0.013993
0.403585 0.935360 0.014030
0.403781 0.940269 0.014104
0.403977 0.948990 0.014235
0.404173 0.946913 0.014204
0.404369 0.947246 0.014209
0.404565 0.948990 0.014235
0.404761 0.947246 0.014209
0.404957 0.942782 0.014142
0.405153 0.955997 0.014340
0.405348 0.954401 0.014316
0.405544 0.959536 0.014393
0.405740 0.962043 0.014431
0.405936 0.955822 0.014337
0.406132 0.953637 0.014305
0.406328 0.949158 0.014237
0.406524 0.938687 0.014080
0.406720 0.948851 0.014233
0.406916 0.953397 0.014301
0.407112 0.955576 0.014334
0.407308 0.948797 0.014232
0.407504 0.948375 0.014226
0.407699 0.944278 0.014164
0.407895 0.930962 0.013964
0.408091 0.948375 0.014226
0.408287 0.948375 0.014226
0.408483 0.948375 0.014226
0.408679 0.926059 0.013891
0.408875 0.945298 0.014179
0.409071 0.946142 0.014192
0.409267 0.931449 0.013972
0.409463 0.930962 0.013964
0.409659 0.930962 0.013964
0.409855 0.931449 0.013972
0.410051 0.959638 0.014395
0.410246 0.945298 0.014179
0.410442 0.927375 0.013911
0.410638 0.943990 0.014160
0.410834 0.944221 0.014163
0.411030 0.931449 0.013972
0.411226 0.929983 0.013950
0.411422 0.940032 0.014100
0.411618 0.941346 0.014120
0.411814 0.943990 0.014160
0.412010 0.944221 0.014163
0.412206 0.950150 0.014252
0.412402 0.939254 0.014089
0.412597 0.948603 0.014229
0.412793 0.960431 0.014406
0.412989 0.961703 0.014426
0.413185 0.948420 0.014226
0.413381 0.934044 0.014011
0.413577 0.932031 0.013980
0.413773 0.940331 0.014105
0.413969 0.941278 0.014119
0.414165 0.950253 0.014254
0.414361 0.948032 0.014220
0.414557 0.944595 0.014169
0.414753 0.947756 0.014216
0.414948 0.941807 0.014127
0.415144 0.950716 0.014261
0.415340 0.950860 0.014263
0.415536 0.951133 0.014267
0.415732 0.946401 0.014196
0.415928 0.940535 0.014108
0.416124 0.950860 0.014263
0.416320 0.933231 0.013998
0.416516 0.955379 0.014331
0.416712 0.956850 0.014353
0.416908 0.951664 0.014275
0.417104 0.959110 0.014387
0.417300 0.952524 0.014288
0.417495 0.953479 0.014302
0.417691 0.957271 0.014359
0.417887 0.950931 0.014264
0.418083 0.935046 0.014026
0.418279 0.939857 0.014098
0.418475 0.948563 0.014228
0.418671 0.951053 0.014266
0.418867 0.952491 0.014287
0.419063 0.943277 0.014149
0.419259 0.947322 0.014210
0.419455 0.953111 0.014297
0.419651 0.947322 0.014210
0.419846 0.943277 0.014149
0.420042 0.954891 0.014323
0.420238 0.952457 0.014287
0.420434 0.941863 0.014128
0.420630 0.923231 0.013848
0.420826 0.931482 0.013972
0.421022 0.938587 0.014079
0.421218 0.935457 0.014032
0.421414 0.935749 0.014036
0.421610 0.929129 0.013937
0.421806 0.926292 0.013894
0.422002 0.939204 0.014088
0.422198 0.939090 0.014086
0.422393 0.938587 0.014079
0.422589 0.954797 0.014322
0.422785 0.956212 0.014343
0.422981 0.947741 0.014216
0.423177 0.933595 0.014004
0.423373 0.939090 0.014086
0.423569 0.943898 0.014158
0.423765 0.943642 0.014155
0.423961 0.931517 0.013973
0.424157 0.930995 0.013965
0.424353 0.940063 0.014101
0.424549 0.939404 0.014091
0.424744 0.939404 0.014091
0.424940 0.939404 0.014091
0.425136 0.946378 0.014196
0.425332 0.945678 0.014185
0.425528 0.940063 0.014101
0.425724 0.945781 0.014187
0.425920 0.941094 0.014116
0.426116 0.929573 0.013944
0.426312 0.939404 0.014091
0.426508 0.939404 0.014091
0.426704 0.923098 0.013846
0.426900 0.934963 0.014024
0.427095 0.953629 0.014304
0.427291 0.952505 0.014288
0.427487 0.940289 0.014104
0.427683 0.921942 0.013829
0.427879 0.923759 0.013856
0.428075 0.925445 0.013882
0.428271 0.934977 0.014025
0.428467 0.933549 0.014003
0.428663 0.938678 0.014080
0.428859 0.933549 0.014003
0.429055 0.946594 0.014199
0.429251 0.924762 0.013871
0.429446 0.929930 0.013949
0.429642 0.940772 0.014112
0.429838 0.942554 0.014138
0.430034 0.933237 0.013999
0.430230 0.932616 0.013989
0.430426 0.927423 0.013911
0.430622 0.923622 0.013854
0.430818 0.918198 0.013773
0.431014 0.937200 0.014058
0.431210 0.923571 0.013854
0.431406 0.927423 0.013911
0.431602 0.910823 0.013662
0.431798 0.913707 0.013706
0.431993 0.910528 0.013658
0.432189 0.923622 0.013854
0.432385 0.923622 0.013854
0.432581 0.931923 0.013979
0.432777 0.937422 0.014061
0.432973 0.921205 0.013818
0.433169 0.917213 0.013758
0.433365 0.936210 0.014043
0.433561 0.931923 0.013979
0.433757 0.941010 0.014115
0.433953 0.941010 0.014115
0.434149 0.937422 0.014061
0.434344 0.953194 0.014298
0.434540 0.936210 0.014043
0.434736 0.920010 0.013800
0.434932 0.929727 0.013946
0.435128 0.941010 0.014115
0.435324 0.947897 0.014218
0.435520 0.946162 0.014192
0.435716 0.931719 0.013976
0.435912 0.931167 0.013968
0.436108 0.924657 0.013870
0.436304 0.923782 0.013857
0.436500 0.933585 0.014004
0.436696 0.935661 0.014035
0.436891 0.939946 0.014099
0.437087 0.945092 0.014176
0.437283 0.944806 0.014172
0.437479 0.951707 0.014276
0.437675 0.935668 0.014035
0.437871 0.923527 0.013853
0.438067 0.942061 0.014131
0.438263 0.944806 0.014172
0.438459 0.944806 0.014172
0.438655 0.963264 0.014449
0.438851 0.948158 0.014222
0.439047 0.950902 0.014264
0.439242 0.942065 0.014131
0.439438 0.942471 0.014137
0.439634 0.937428 0.014061
0.439830 0.949020 0.014235
0.440026 0.945705 0.014186
0.440222 0.944626 0.014169
0.440418 0.960534 0.014408
0.440614 0.950895 0.014263
0.440810 0.962513 0.014438
0.441006 0.938305 0.014075
0.441202 0.943209 0.014148
0.441398 0.950895 0.014263
0.441593 0.962419 0.014436
0.441789 0.952739 0.014291
0.441985 0.951183 0.014268
0.442181 0.952655 0.014290
0.442377 0.963496 0.014452
0.442573 0.963922 0.014459
0.442769 0.958316 0.014375
0.442965 0.953121 0.014297
0.443161 0.962214 0.014433
0.443357 0.969800 0.014547
0.443553 0.961559 0.014423
0.443749 0.955156 0.014327
0.443944 0.947921 0.014219
0.444140 0.960066 0.014401
0.444336 0.957401 0.014361
0.444532 0.945812 0.014187
0.444728 0.949889 0.014248
0.444924 0.945611 0.014184
0.445120 0.949695 0.014245
0.445316 0.961061 0.014416
0.445512 0.973307 0.014600
0.445708 0.977754 0.014666
0.445904 0.975412 0.014631
0.446100 0.977637 0.014665
0.446296 0.961819 0.014427
0.446491 0.959660 0.014395
0.446687 0.951704 0.014276
0.446883 0.962332 0.014435
0.447079 0.960374 0.014406
0.447275 0.950765 0.014261
0.447471 0.959197 0.014388
0.447667 0.941206 0.014118
0.447863 0.959197 0.014388
0.448059 0.967800 0.014517
0.448255 0.964938 0.014474
0.448451 0.949770 0.014247
0.448647 0.944302 0.014165
0.448842 0.949936 0.014249
0.449038 0.950914 0.014264
0.449234 0.956393 0.014346
0.449430 0.965163 0.014477
0.449626 0.958251 0.014374
0.449822 0.948188 0.014223
0.450018 0.943366 0.014150
0.450214 0.947528 0.014213
0.450410 0.953971 0.014310
0.450606 0.940804 0.014112
0.450802 0.945510 0.014183
0.450998 0.948851 0.014233
0.451194 0.950942 0.014264
0.451389 0.952965 0.014294
0.451585 0.951850 0.014278
0.451781 0.947325 0.014210
0.451977 0.951563 0.014273
0.452173 0.948609 0.014229
0.452369 0.951102 0.014267
0.452565 0.961019 0.014415
0.452761 0.969799 0.014547
0.452957 0.972705 0.014591
0.453153 0.953429 0.014301
0.453349 0.971634 0.014575
0.453545 0.955185 0.014328
0.453740 0.953429 0.014301
0.453936 0.961019 0.014415
0.454132 0.952031 0.014280
0.454328 0.956553 0.014348
0.454524 0.948869 0.014233
0.454720 0.963114 0.014447
0.454916 0.964823 0.014472
0.455112 0.957497 0.014362
0.455308 0.971528 0.014573
0.455504 0.965563 0.014483
0.455700 0.961691 0.014425
0.455896 0.951137 0.014267
0.456092 0.953191 0.014298
0.456287 0.948251 0.014224
0.456483 0.961088 0.014416
0.456679 0.961866 0.014428
0.456875 0.953575 0.014304
0.457071 0.957622 0.014364
0.457267 0.957240 0.014359
0.457463 0.953768 0.014307
0.457659 0.948640 0.014230
0.457855 0.952381 0.014286
0.458051 0.965563 0.014483
0.458247 0.972168 0.014583
0.458443 0.970861 0.014563
0.458638 0.967494 0.014512
0.458834 0.966520 0.014498
0.459030 0.952963 0.014294
0.459226 0.955660 0.014335
0.459422 0.973158 0.014597
0.459618 0.962748 0.014441
0.459814 0.960573 0.014409
0.460010 0.956003 0.014340
0.460206 0.958389 0.014376
0.460402 0.954969 0.014325
0.460598 0.955597 0.014334
0.460794 0.956152 0.014342
0.460989 0.953458 0.014302
0.461185 0.953501 0.014303
0.461381 0.961875 0.014428
0.461577 0.962284 0.014434
0.461773 0.957585 0.014364
0.461969 0.955947 0.014339
0.462165 0.958431 0.014376
0.462361 0.958718 0.014381
0.462557 0.958195 0.014373
0.462753 0.961523 0.014423
0.462949 0.956442 0.014347
0.463145 0.955687 0.014335
0.463340 0.956266 0.014344
0.463536 0.957238 0.014359
0.463732 0.961477 0.014422
0.463928 0.969726 0.014546
0.464124 0.967560 0.014513
0.464320 0.973907 0.014609
0.464516 0.974155 0.014612
0.464712 0.982246 0.014734
0.464908 0.964532 0.014468
0.465104 0.978303 0.014675
0.465300 0.963088 0.014446
0.465496 0.964532 0.014468
0.465692 0.962497 0.014437
0.465887 0.959895 0.014398
0.466083 0.959540 0.014393
0.466279 0.949088 0.014236
0.466475 0.970216 0.014553
0.466671 0.968178 0.014523
0.466867 0.984702 0.014771
0.467063 0.984799 0.014772
0.467259 0.976272 0.014644
0.467455 0.968178 0.014523
0.467651 0.959820 0.014397
0.467847 0.963389 0.014451
0.468043 0.966631 0.014499
0.468238 0.970037 0.014551
0.468434 0.968922 0.014534
0.468630 0.961930 0.014429
0.468826 0.968984 0.014535
0.469022 0.979221 0.014688
0.469218 0.977890 0.014668
0.469414 0.965004 0.014475
0.469610 0.971276 0.014569
0.469806 0.974016 0.014610
0.470002 0.977306 0.014660
0.470198 0.985861 0.014788
0.470394 0.981281 0.014719
0.470590 0.983183 0.014748
0.470785 0.984417 0.014766
0.470981 0.972689 0.014590
0.471177 0.969180 0.014538
0.471373 0.976643 0.014650
0.471569 0.976469 0.014647
0.471765 0.968005 0.014520
0.471961 0.963701 0.014456
0.472157 0.964064 0.014461
0.472353 0.961584 0.014424
0.472549 0.962040 0.014431
0.472745 0.957352 0.014360
0.472941 0.968463 0.014527
0.473136 0.973884 0.014608
0.473332 0.975772 0.014637
0.473528 0.964880 0.014473
0.473724 0.965782 0.014487
0.473920 0.966919 0.014504
0.474116 0.964751 0.014471
0.474312 0.963873 0.014458
0.474508 0.965835 0.014488
0.474704 0.963144 0.014447
0.474900 0.965288 0.014479
0.475096 0.965560 0.014483
0.475292 0.963593 0.014454
0.475487 0.970659 0.014560
0.475683 0.962962 0.014444
0.475879 0.962140 0.014432
0.476075 0.958078 0.014371
0.476271 0.962727 0.014441
0.476467 0.973301 0.014600
0.476663 0.980207 0.014703
0.476859 0.975860 0.014638
0.477055 0.967803 0.014517
0.477251 0.966699 0.014500
0.477447 0.961329 0.014420
0.477643 0.955220 0.014328
0.477838 0.949327 0.014240
0.478034 0.956184 0.014343
0.478230 0.964416 0.014466
0.478426 0.959614 0.014394
0.478622 0.957578 0.014364
0.478818 0.968775 0.014532
0.479014 0.966651 0.014500
0.479210 0.960121 0.014402
0.479406 0.959335 0.014390
0.479602 0.953110 0.014297
0.479798 0.951161 0.014267
0.479994 0.952170 0.014283
0.480190 0.962114 0.014432
0.480385 0.967031 0.014505
0.480581 0.967495 0.014512
0.480777 0.966199 0.014493
0.480973 0.967885 0.014518
0.481169 0.965000 0.014475
0.481365 0.966398 0.014496
0.481561 0.963775 0.014457
0.481757 0.958317 0.014375
0.481953 0.959085 0.014386
0.482149 0.958037 0.014371
0.482345 0.960629 0.014409
0.482541 0.965623 0.014484
0.482736 0.957825 0.014367
0.482932 0.962592 0.014439
0.483128 0.966294 0.014494
0.483324 0.969310 0.014540
0.483520 0.971083 0.014566
0.483716 0.968735 0.014531
0.483912 0.965293 0.014479
0.484108 0.974237 0.014614
0.484304 0.983441 0.014752
0.484500 0.975145 0.014627
0.484696 0.965985 0.014490
0.484892 0.971087 0.014566
0.485088 0.971501 0.014573
0.485283 0.975091 0.014626
0.485479 0.981030 0.014715
0.485675 0.971502 0.014573
0.485871 0.987869 0.014818
0.486067 0.996927 0.014954
0.486263 0.978895 0.014683
0.486459 0.978895 0.014683
0.486655 0.985450 0.014782
0.486851 0.974216 0.014613
0.487047 0.977886 0.014668
0.487243 0.981887 0.014728
0.487439 0.989296 0.014839
0.487634 0.986932 0.014804
0.487830 0.978895 0.014683
0.488026 0.972808 0.014592
0.488222 0.971214 0.014568
0.488418 0.970199 0.014553
0.488614 0.977105 0.014657
0.488810 0.982922 0.014744
0.489006 0.989251 0.014839
0.489202 0.990081 0.014851
0.489398 0.986052 0.014791
0.489594 0.970971 0.014565
0.489790 0.966808 0.014502
0.489985 0.959341 0.014390
0.490181 0.971414 0.014571
0.490377 0.985530 0.014783
0.490573 0.979346 0.014690
0.490769 0.968507 0.014528
0.490965 0.974588 0.014619
0.491161 0.986392 0.014796
0.491357 0.981399 0.014721
0.491553 0.966836 0.014503
0.491749 0.970335 0.014555
0.491945 0.989200 0.014838
0.492141 0.980380 0.014706
0.492336 0.980380 0.014706
0.492532 0.999809 0.014997
0.492728 0.987598 0.014814
0.492924 0.981140 0.014717
0.493120 0.971069 0.014566
0.493316 0.966747 0.014501
0.493512 0.970520 0.014558
0.493708 0.974626 0.014619
0.493904 0.980380 0.014706
0.494100 0.988902 0.014834
0.494296 0.981999 0.014730
0.494492 0.977285 0.014659
0.494688 0.970655 0.014560
0.494883 0.972270 0.014584
0.495079 0.977075 0.014656
0.495275 0.971536 0.014573
0.495471 0.974344 0.014615
0.495667 0.986082 0.014791
0.495863 0.990708 0.014861
0.496059 0.988398 0.014826
0.496255 0.982859 0.014743
0.496451 0.977634 0.014665
0.496647 0.985177 0.014778
0.496843 0.987206 0.014808
0.497039 0.981978 0.014730
0.497234 0.976193 0.014643
0.497430 0.968070 0.014521
0.497626 0.965761 0.014486
0.497822 0.965686 0.014485
0.498018 0.976352 0.014645
0.498214 0.981806 0.014727
0.498410 0.993962 0.014909
0.498606 1.000740 0.015011
0.498802 0.994654 0.014920
0.498998 0.978900 0.014683
0.499194 0.975698 0.014635
0.499390 0.976330 0.014645
0.499585 0.973175 0.014598
0.499781 0.984502 0.014768
0.499977 0.982795 0.014742
0.500173 0.988913 0.014834
0.500369 0.989228 0.014838
0.500565 0.997431 0.014961
0.500761 1.005040 0.015076
0.500957 0.989710 0.014846
0.501153 0.976581 0.014649
0.501349 0.981664 0.014725
0.501545 0.990912 0.014864
0.501741 1.000930 0.015014
0.501937 0.998214 0.014973
0.502132 0.990640 0.014860
0.502328 0.994728 0.014921
0.502524 0.988514 0.014828
0.502720 0.977038 0.014656
0.502916 0.981118 0.014717
0.503112 0.982624 0.014739
0.503308 0.974514 0.014618
0.503504 0.971093 0.014566
0.503700 0.971067 0.014566
0.503896 0.981631 0.014724
0.504092 0.994566 0.014918
0.504288 0.995099 0.014926
0.504483 0.984469 0.014767
0.504679 0.977992 0.014670
0.504875 0.981622 0.014724
0.505071 0.979416 0.014691
0.505267 0.982799 0.014742
0.505463 0.985441 0.014782
0.505659 0.985038 0.014776
0.505855 0.978061 0.014671
0.506051 0.973664 0.014605
0.506247 0.969655 0.014545
0.506443 0.975017 0.014625
0.506639 0.980200 0.014703
0.506835 0.981590 0.014724
0.507030 0.983777 0.014757
0.507226 0.986942 0.014804
0.507422 0.978817 0.014682
0.507618 0.977846 0.014668
0.507814 0.982073 0.014731
0.508010 0.992515 0.014888
0.508206 0.998441 0.014977
0.508402 0.996457 0.014947
0.508598 0.985515 0.014783
0.508794 0.984642 0.014770
0.508990 0.974254 0.014614
0.509186 0.976002 0.014640
0.509381 0.968756 0.014531
0.509577 0.972605 0.014589
0.509773 0.980239 0.014704
0.509969 0.993525 0.014903
0.510165 0.998621 0.009986
0.510361 0.978491 0.009785
0.510557 0.974692 0.009747
0.510753 0.979468 0.009795
0.510949 0.982121 0.009821
0.511145 0.994134 0.009941
0.511341 0.985552 0.009856
0.511537 0.978978 0.009790
0.511732 0.971826 0.009718
0.511928 0.972944 0.009729
0.512124 0.974187 0.009742
0.512320 0.982431 0.009824
0.512516 0.987833 0.009878
0.512712 0.992263 0.009923
0.512908 0.992713 0.009927
0.513104 0.989930 0.009899
0.513300 0.983772 0.009838
0.513496 0.978932 0.009789
0.513692 0.983475 0.009835
0.513888 0.988769 0.009888
0.514083 0.987224 0.009872
0.514279 0.989246 0.009892
0.514475 0.993515 0.009935
0.514671 0.997648 0.009976
0.514867 0.992293 0.009923
0.515063 0.989973 0.009900
0.515259 0.987458 0.009875
0.515455 0.985009 0.009850
0.515651 0.975207 0.009752
0.515847 0.976279 0.009763
0.516043 0.977812 0.009778
0.516239 0.982452 0.009825
0.516435 0.975379 0.009754
0.516630 0.993861 0.009939
0.516826 0.987458 0.009875
0.517022 0.987458 0.009875
0.517218 0.993861 0.009939
0.517414 0.993861 0.009939
0.517610 1.002800 0.010028
0.517806 0.985731 0.009857
0.518002 0.994754 0.009948
0.518198 0.979347 0.009793
0.518394 1.013850 0.010138
0.518590 0.994754 0.009948
0.518786 0.994754 0.009948
0.518981 1.000550 0.010006
0.519177 0.992901 0.009929
0.519373 0.989907 0.009899
0.519569 1.001390 0.010014
0.519765 0.991935 0.009919
0.519961 0.988722 0.009887
0.520157 0.988653 0.009887
0.520353 0.980675 0.009807
0.520549 1.000380 0.010004
0.520745 1.009420 0.010094
0.520941 1.004430 0.010044
0.521137 0.999824 0.009998
0.521333 0.997144 0.009971
0.521528 0.988953 0.009890
0.521724 0.992252 0.009923
0.521920 0.990482 0.009905
0.522116 0.985085 0.009851
0.522312 0.998729 0.009987
0.522508 0.997462 0.009975
0.522704 1.011950 0.010119
0.522900 1.016400 0.010164
0.523096 0.998729 0.009987
0.523292 1.004800 0.010048
0.523488 1.006830 0.010068
0.523684 1.001140 0.010011
0.523879 0.997522 0.009975
0.524075 0.990242 0.009902
0.524271 0.994144 0.009941
0.524467 0.993449 0.009934
0.524663 0.995833 0.009958
0.524859 0.994893 0.009949
0.525055 0.990780 0.009908
0.525251 0.990429 0.009904
0.525447 0.999043 0.009990
0.525643 0.997957 0.009980
0.525839 0.985318 0.009853
0.526035 0.982800 0.009828
0.526230 0.987998 0.009880
0.526426 0.996675 0.009967
0.526622 1.005700 0.010057
0.526818 0.991423 0.009914
0.527014 0.997724 0.009977
0.527210 0.997724 0.009977
0.527406 1.015770 0.010158
0.527602 0.995592 0.009956
0.527798 1.002970 0.010030
0.527994 0.989439 0.009894
0.528190 0.993359 0.009934
0.528386 0.999777 0.009998
0.528581 0.997724 0.009977
0.528777 0.995592 0.009956
0.528973 0.987265 0.009873
0.529169 0.985228 0.009852
0.529365 0.986980 0.009870
0.529561 0.988214 0.009882
0.529757 0.994684 0.009947
0.529953 1.000050 0.010000
0.530149 0.996906 0.009969
0.530345 0.999032 0.009990
0.530541 0.994771 0.009948
0.530737 0.989708 0.009897
0.530933 0.980561 0.009806
0.531128 0.986838 0.009868
0.531324 0.981716 0.009817
0.531520 0.989792 0.009898
0.531716 0.999428 0.009994
0.531912 0.985857 0.009859
0.532108 0.995006 0.009950
0.532304 0.977665 0.009777
0.532500 0.988331 0.009883
0.532696 1.007420 0.010074
0.532892 1.002570 0.010026
0.533088 1.007120 0.010071
0.533284 0.993013 0.009930
0.533479 0.997972 0.009980
0.533675 0.991943 0.009919
0.533871 0.983942 0.009839
0.534067 0.997302 0.009973
0.534263 1.001520 0.010015
0.534459 0.993782 0.009938
0.534655 0.985108 0.009851
0.534851 1.000940 0.010009
0.535047 0.997558 0.009976
0.535243 0.991345 0.009913
0.535439 0.997593 0.009976
0.535635 0.990253 0.009903
0.535831 0.981046 0.009810
0.536026 0.981035 0.009810
0.536222 0.981945 0.009819
0.536418 0.989590 0.009896
0.536614 1.000660 0.010007
0.536810 1.001370 0.010014
0.537006 1.003210 0.010032
0.537202 1.009930 0.010099
0.537398 1.006310 0.010063
0.537594 0.989868 0.009899
0.537790 0.991797 0.009918
0.537986 0.991173 0.009912
0.538182 0.994321 0.009943
0.538377 0.997987 0.009980
0.538573 0.998355 0.009984
0.538769 0.985708 0.009857
0.538965 0.992532 0.009925
0.539161 0.999065 0.009991
0.539357 0.996368 0.009964
0.539553 0.998586 0.009986
0.539749 1.001510 0.010015
0.539945 1.005520 0.010055
0.540141 1.003300 0.010033
0.540337 1.003850 0.010038
0.540533 1.007280 0.010073
0.540728 1.020950 0.010209
0.540924 1.018260 0.010183
0.541120 1.006330 0.010063
0.541316 1.007750 0.010077
0.541512 1.007020 0.010070
0.541708 0.999360 0.009994
0.541904 0.991461 0.009915
0.542100 0.988594 0.009886
0.542296 1.000010 0.010000
0.542492 0.999600 0.009996
0.542688 1.000060 0.010001
0.542884 0.999251 0.009993
0.543079 0.992863 0.009929
0.543275 1.003830 0.010038
0.543471 1.005430 0.010054
0.543667 1.001110 0.010011
0.543863 0.998518 0.009985
0.544059 0.984820 0.009848
0.544255 0.979363 0.009794
0.544451 0.989004 0.009890
0.544647 1.007470 0.010075
0.544843 1.007580 0.010076
0.545039 0.990489 0.009905
0.545235 0.987695 0.009877
0.545431 0.990399 0.009904
0.545626 0.992787 0.009928
0.545822 0.996677 0.009967
0.546018 0.994307 0.009943
0.546214 0.994228 0.009942
0.546410 0.994802 0.009948
0.546606 1.000880 0.010009
0.546802 0.992697 0.009927
0.546998 0.995841 0.009958
0.547194 0.985170 0.009852
0.547390 0.991847 0.009918
0.547586 0.999930 0.009999
0.547782 1.012100 0.010121
0.547977 1.014460 0.010145
0.548173 1.011660 0.010117
0.548369 1.000750 0.010007
0.548565 0.990117 0.009901
0.548761 0.996377 0.009964
0.548957 0.998842 0.009988
0.549153 0.996029 0.009960
0.549349 0.998481 0.009985
0.549545 1.001470 0.010015
0.549741 0.995535 0.009955
0.549937 1.000100 0.010001
0.550133 0.998808 0.009988
0.550329 1.003880 0.010039
0.550524 1.001670 0.010017
0.550720 1.007460 0.010075
0.550916 1.003020 0.010030
0.551112 0.999065 0.009991
0.551308 1.004950 0.010050
0.551504 1.003130 0.010031
0.551700 1.005040 0.010050
0.551896 0.996653 0.009967
0.552092 0.996459 0.009965
0.552288 0.993125 0.009931
0.552484 0.994267 0.009943
0.552680 0.997686 0.009977
0.552875 1.006660 0.010067
0.553071 0.995183 0.009952
0.553267 1.003390 0.010034
0.553463 1.004420 0.010044
0.553659 1.003440 0.010034
0.553855 1.006130 0.010061
0.554051 0.995332 0.009953
0.554247 1.004820 0.010048
0.554443 0.992475 0.009925
0.554639 0.999459 0.009995
0.554835 1.004540 0.010045
0.555031 0.998518 0.009985
0.555227 0.997471 0.009975
0.555422 1.001220 0.010012
0.555618 0.992652 0.009927
0.555814 0.996357 0.009964
0.556010 0.999866 0.009999
0.556206 0.989851 0.009899
0.556402 1.002430 0.010024
0.556598 0.997009 0.009970
0.556794 1.008130 0.010081
0.556990 0.996862 0.009969
0.557186 1.007220 0.010072
0.557382 1.008430 0.010084
0.557578 1.015000 0.010150
0.557773 1.013200 0.010132
0.557969 1.009110 0.010091
0.558165 1.004460 0.010045
0.558361 0.991287 0.009913
0.558557 1.005200 0.010052
0.558753 1.010450 0.010104
0.558949 1.021400 0.010214
0.559145 1.027130 0.010271
0.559341 1.019190 0.010192
0.559537 1.010860 0.010109
0.559733 0.998395 0.009984
0.559929 0.997830 0.009978
0.560124 1.015570 0.010156
0.560320 1.016730 0.010167
0.560516 1.002170 0.010022
0.560712 0.996461 0.009965
0.560908 0.990298 0.009903
0.561104 0.990489 0.009905
0.561300 0.992690 0.009927
0.561496 0.996231 0.009962
0.561692 1.014800 0.010148
0.561888 1.017680 0.010177
0.562084 0.997474 0.009975
0.562280 0.997694 0.009977
0.562475 1.012030 0.010120
0.562671 1.006070 0.010061
0.562867 1.004460 0.010045
0.563063 0.999216 0.009992
0.563259 0.990072 0.009901
0.563455 1.001370 0.010014
0.563651 1.001140 0.010011
0.563847 1.004140 0.010041
0.564043 1.007980 0.010080
0.564239 1.013330 0.010133
0.564435 1.005370 0.010054
0.564631 1.007470 0.010075
0.564827 1.011400 0.010114
0.565022 1.003340 0.010033
0.565218 1.004750 0.010048
0.565414 1.005650 0.010057
0.565610 1.009470 0.010095
0.565806 1.008640 0.010086
0.566002 1.013810 0.010138
0.566198 1.014640 0.010146
0.566394 1.016330 0.010163
0.566590 1.003770 0.010038
0.566786 1.007620 0.010076
0.566982 1.011190 0.010112
0.567178 1.006950 0.010069
0.567373 1.005900 0.010059
0.567569 1.002150 0.010022
0.567765 1.003840 0.010038
0.567961 0.997031 0.009970
0.568157 1.008550 0.010085
0.568353 1.009500 0.010095
0.568549 1.000680 0.010007
0.568745 1.010240 0.010102
0.568941 1.009160 0.010092
0.569137 1.002310 0.010023
0.569333 1.001820 0.010018
0.569529 1.002240 0.010022
0.569725 0.999633 0.009996
0.569920 0.994488 0.009945
0.570116 1.003720 0.010037
0.570312 1.004310 0.010043
0.570508 1.000360 0.010004
0.570704 1.016700 0.010167
0.570900 1.012630 0.010126
0.571096 1.006600 0.010066
0.571292 1.012360 0.010124
0.571488 1.000720 0.010007
0.571684 0.990853 0.009909
0.571880 1.000990 0.010010
0.572076 1.000990 0.010010
0.572271 0.997632 0.009976
0.572467 1.002900 0.010029
0.572663 0.999053 0.009991
0.572859 1.001520 0.010015
0.573055 0.998113 0.009981
0.573251 1.000990 0.010010
0.573447 0.992936 0.009929
0.573643 1.000830 0.010008
0.573839 1.001800 0.010018
0.574035 1.000080 0.010001
0.574231 0.985226 0.009852
0.574427 0.995268 0.009953
0.574622 0.988970 0.009890
0.574818 0.997422 0.009974
0.575014 0.993657 0.009937
0.575210 0.998934 0.009989
0.575406 0.996137 0.009961
0.575602 1.004630 0.010046
0.575798 1.004700 0.010047
0.575994 1.000340 0.010003
0.576190 1.013110 0.010131
0.576386 1.011870 0.010119
0.576582 1.005920 0.010059
0.576778 0.998582 0.009986
0.576973 0.996303 0.009963
0.577169 1.001150 0.010011
0.577365 0.997491 0.009975
0.577561 0.999324 0.009993
0.577757 0.995199 0.009952
0.577953 1.000800 0.010008
0.578149 0.996629 0.009966
0.578345 1.008840 0.010088
0.578541 1.013500 0.010135
0.578737 1.010880 0.010109
0.578933 1.002680 0.010027
0.579129 1.009880 0.010099
0.579325 0.996366 0.009964
0.579520 0.997032 0.009970
0.579716 1.001360 0.010014
0.579912 0.997902 0.009979
0.580108 1.000020 0.010000
0.580304 0.998914 0.009989
0.580500 0.997260 0.009973
0.580696 1.009560 0.010096
0.580892 1.012180 0.010122
0.581088 1.005660 0.010057
0.581284 0.994866 0.009949
0.581480 1.003480 0.010035
0.581676 1.007060 0.010071
0.581871 1.000430 0.010004
0.582067 1.004600 0.010046
0.582263 0.995457 0.009955
0.582459 0.997738 0.009977
0.582655 0.998816 0.009988
0.582851 1.001850 0.010018
0.583047 0.999715 0.009997
0.583243 1.016890 0.010169
0.583439 1.001510 0.010015
0.583635 0.999240 0.009992
0.583831 1.003550 0.010035
0.584027 0.999017 0.009990
0.584223 1.014080 0.010141
0.584418 0.994544 0.009945
0.584614 0.991624 0.009916
0.584810 0.996736 0.009967
0.585006 1.008760 0.010088
0.585202 1.003800 0.010038
0.585398 0.990589 0.009906
0.585594 1.003980 0.010040
0.585790 1.019460 0.010195
0.585986 1.009860 0.010099
0.586182 1.003350 0.010034
0.586378 1.007740 0.010077
0.586574 1.004570 0.010046
0.586769 1.008290 0.010083
0.586965 1.004340 0.010043
0.587161 1.010730 0.010107
0.587357 1.007050 0.010070
0.587553 1.009870 0.010099
0.587749 1.007560 0.010076
0.587945 1.006830 0.010068
0.588141 0.999290 0.009993
0.588337 1.006380 0.010064
0.588533 0.997793 0.009978
0.588729 1.008910 0.010089
0.588925 1.000450 0.010004
0.589120 1.013800 0.010138
0.589316 1.016480 0.010165
0.589512 1.019360 0.010194
0.589708 1.006830 0.010068
0.589904 1.008910 0.010089
0.590100 1.016370 0.010164
0.590296 1.008910 0.010089
0.590492 1.012770 0.010128
0.590688 1.000850 0.010008
0.590884 0.998269 0.009983
0.591080 0.995813 0.009958
0.591276 1.005460 0.010055
0.591472 1.009460 0.010095
0.591667 1.009690 0.010097
0.591863 1.005900 0.010059
0.592059 1.006530 0.010065
0.592255 1.003840 0.010038
0.592451 1.000070 0.010001
0.592647 0.998477 0.009985
0.592843 0.996755 0.009968
0.593039 1.006740 0.010067
0.593235 1.005580 0.010056
0.593431 1.007630 0.010076
0.593627 1.007040 0.010070
0.593823 1.004260 0.010043
0.594018 1.002530 0.010025
0.594214 0.995349 0.009953
0.594410 1.003050 0.010030
0.594606 1.001210 0.010012
0.594802 1.010830 0.010108
0.594998 1.009020 0.010090
0.595194 1.011530 0.010115
0.595390 1.012870 0.010129
0.595586 1.008220 0.010082
0.595782 1.008250 0.010083
0.595978 1.008790 0.010088
0.596174 1.007840 0.010078
0.596369 1.011760 0.010118
0.596565 1.000890 0.010009
0.596761 1.000560 0.010006
0.596957 1.006510 0.010065
0.597153 1.011470 0.010115
0.597349 1.007480 0.010075
0.597545 1.001080 0.010011
0.597741 1.004110 0.010041
0.597937 1.006340 0.010063
0.598133 1.003660 0.010037
0.598329 1.005730 0.010057
0.598525 1.013000 0.010130
0.598721 1.018410 0.010184
0.598916 1.016640 0.010166
0.599112 1.013470 0.010135
0.599308 1.008480 0.010085
0.599504 1.004300 0.010043
0.599700 1.005480 0.010055
0.599896 1.006060 0.010061
0.600092 1.007320 0.010073
0.600288 1.007620 0.010076
0.600484 1.007660 0.010077
0.600680 1.014150 0.010142
0.600876 1.018180 0.010182
0.601072 1.014020 0.010140
0.601267 1.012360 0.010124
0.601463 1.011850 0.010118
0.601659 1.010560 0.010106
0.601855 1.017540 0.010175
0.602051 1.020320 0.010203
0.602247 1.016510 0.010165
0.602443 1.019340 0.010193
0.602639 1.013310 0.010133
0.602835 1.013620 0.010136
0.603031 1.011570 0.010116
0.603227 1.012890 0.010129
0.603423 1.008080 0.010081
0.603619 1.008520 0.010085
0.603814 1.015180 0.010152
0.604010 1.014230 0.010142
0.604206 1.006930 0.010069
0.604402 1.012160 0.010122
0.604598 1.007790 0.010078
0.604794 0.997359 0.009974
0.604990 1.005040 0.010050
0.605186 1.005820 0.010058
0.605382 1.000170 0.010002
0.605578 1.010920 0.010109
0.605774 1.012990 0.010130
0.605970 1.011320 0.010113
0.606165 1.000440 0.010004
0.606361 1.003860 0.010039
0.606557 1.014430 0.010144
0.606753 1.017690 0.010177
0.606949 1.005980 0.010060
0.607145 1.001980 0.010020
0.607341 1.007960 0.010080
0.607537 1.016480 0.010165
0.607733 1.001130 0.010011
0.607929 1.011380 0.010114
0.608125 1.005680 0.010057
0.608321 1.004320 0.010043
0.608516 1.006090 0.010061
0.608712 1.019240 0.010192
0.608908 1.014190 0.010142
0.609104 1.008980 0.010090
0.609300 1.015840 0.010158
0.609496 1.017400 0.010174
0.609692 1.010510 0.010105
0.609888 1.004090 0.010041
0.610084 1.009530 0.010095
0.610280 1.017700 0.010177
0.610476 1.016510 0.010165
0.610672 1.027620 0.010276
0.610867 1.025220 0.010252
0.611063 1.027880 0.010279
0.611259 1.020430 0.010204
0.611455 1.005340 0.010053
0.611651 1.002340 0.010023
0.611847 1.003150 0.010031
0.612043 1.005960 0.010060
0.612239 1.017550 0.010176
0.612435 1.020520 0.010205
0.612631 1.018170 0.010182
0.612827 1.014710 0.010147
0.613023 1.025710 0.010257
0.613219 1.004970 0.010050
0.613414 1.005960 0.010060
0.613610 1.013560 0.010136
0.613806 1.018490 0.010185
0.614002 1.021360 0.010214
0.614198 1.025410 0.010254
0.614394 1.022600 0.010226
0.614590 1.016360 0.010164
0.614786 1.013220 0.010132
0.614982 1.010080 0.010101
0.615178 1.007980 0.010080
0.615374 1.014670 0.010147
0.615570 1.021560 0.010216
0.615765 1.013130 0.010131
0.615961 1.009330 0.010093
0.616157 1.017670 0.010177
0.616353 1.025280 0.010253
0.616549 1.031390 0.010314
0.616745 1.031270 0.010313
0.616941 1.026270 0.010263
0.617137 1.025260 0.010253
0.617333 1.024350 0.010244
0.617529 1.017500 0.010175
0.617725 1.017850 0.010178
0.617921 1.022850 0.010228
0.618117 1.020100 0.010201
0.618312 1.013070 0.010131
0.618508 1.014750 0.010147
0.618704 1.015900 0.010159
0.618900 1.010780 0.010108
0.619096 1.018180 0.010182
0.619292 1.017820 0.010178
0.619488 1.014890 0.010149
0.619684 1.028710 0.010287
0.619880 1.013500 0.010135
0.620076 1.017990 0.010180
0.620272 1.017560 0.010176
0.620468 1.012630 0.010126
0.620663 1.010160 0.010102
0.620859 1.008080 0.010081
0.621055 1.014840 0.010148
0.621251 1.003090 0.010031
0.621447 1.006700 0.010067
0.621643 1.021150 0.010211
0.621839 1.012750 0.010127
0.622035 1.024100 0.010241
0.622231 1.024340 0.010243
0.622427 1.028840 0.010288
0.622623 1.014610 0.010146
0.622819 1.005300 0.010053
0.623014 1.017670 0.010177
0.623210 1.015350 0.010153
0.623406 1.018150 0.010181
0.623602 1.028250 0.010282
0.623798 1.014610 0.010146
0.623994 1.013950 0.010139
0.624190 1.003620 0.010036
0.624386 1.019010 0.010190
0.624582 1.017000 0.010170
0.624778 1.020760 0.010208
0.624974 1.019920 0.010199
0.625170 1.016270 0.010163
0.625365 1.010380 0.010104
0.625561 1.020150 0.010201
0.625757 1.028660 0.010287
0.625953 1.029580 0.010296
0.626149 1.025230 0.010252
0.626345 1.019900 0.010199
0.626541 1.015730 0.010157
0.626737 1.011550 0.010115
0.626933 1.009730 0.010097
0.627129 1.007700 0.010077
0.627325 1.005570 0.010056
0.627521 1.004940 0.010049
0.627717 1.000440 0.010004
0.627912 1.002250 0.010022
0.628108 1.010320 0.010103
0.628304 1.012090 0.010121
0.628500 1.018290 0.010183
0.628696 1.016260 0.010163
0.628892 1.003630 0.010036
0.629088 0.999359 0.009994
0.629284 0.998374 0.009984
0.629480 1.004620 0.010046
0.629676 0.999684 0.009997
0.629872 1.000830 0.010008
0.630068 1.007580 0.010076
0.630263 1.016360 0.010164
0.630459 1.024280 0.010243
0.630655 1.021840 0.010218
0.630851 1.016630 0.010166
0.631047 1.012980 0.010130
0.631243 1.009600 0.010096
0.631439 1.013190 0.010132
0.631635 1.026970 0.010270
0.631831 1.027900 0.010279
0.632027 1.030570 0.010306
0.632223 1.024670 0.010247
0.632419 1.018920 0.010189
0.632615 1.009460 0.010095
0.632810 1.002130 0.010021
0.633006 1.003140 0.010031
0.633202 1.015330 0.010153
0.633398 1.019190 0.010192
0.633594 1.013540 0.010135
0.633790 1.027150 0.010271
0.633986 1.018410 0.010184
0.634182 1.024740 0.010247
0.634378 1.026050 0.010260
0.634574 1.022270 0.010223
0.634770 1.035910 0.010359
0.634966 1.017360 0.010174
0.635161 1.013510 0.010135
0.635357 1.011450 0.010115
0.635553 1.010750 0.010108
0.635749 1.008340 0.010083
0.635945 1.020690 0.010207
0.636141 1.032390 0.010324
0.636337 1.038400 0.010384
0.636533 1.031270 0.010313
0.636729 1.028750 0.010287
0.636925 1.029620 0.010296
0.637121 1.029110 0.010291
0.637317 1.024560 0.010246
0.637512 1.018340 0.010183
0.637708 1.022800 0.010228
0.637904 1.025270 0.010253
0.638100 1.017550 0.010176
0.638296 1.025870 0.010259
0.638492 1.031900 0.010319
0.638688 1.021820 0.010218
0.638884 1.018440 0.010184
0.639080 1.014630 0.010146
0.639276 1.019050 0.010190
0.639472 1.021330 0.010213
0.639668 1.017120 0.010171
0.639864 1.021010 0.010210
0.640059 1.033830 0.010338
0.640255 1.037140 0.010371
0.640451 1.028470 0.010285
0.640647 1.018160 0.010182
0.640843 1.024490 0.010245
0.641039 1.033550 0.010336
0.641235 1.034250 0.010343
0.641431 1.042250 0.010422
0.641627 1.029610 0.010296
0.641823 1.031400 0.010314
0.642019 1.023410 0.010234
0.642215 1.023200 0.010232
0.642410 1.036610 0.010366
0.642606 1.025030 0.010250
0.642802 1.021350 0.010213
0.642998 1.012820 0.010128
0.643194 1.024120 0.010241
0.643390 1.024960 0.010250
0.643586 1.021000 0.010210
0.643782 1.012680 0.010127
0.643978 1.028370 0.010284
0.644174 1.034980 0.010350
0.644370 1.026030 0.010260
0.644566 1.020810 0.010208
0.644761 1.012880 0.010129
0.644957 1.014340 0.010143
0.645153 1.024390 0.010244
0.645349 1.029650 0.010296
0.645545 1.027720 0.010277
0.645741 1.027900 0.010279
0.645937 1.018490 0.010185
0.646133 1.016400 0.010164
0.646329 1.020530 0.010205
0.646525 1.024730 0.010247
0.646721 1.026940 0.010269
0.646917 1.024130 0.010241
0.647112 1.022520 0.010225
0.647308 1.021780 0.010218
0.647504 1.021310 0.010213
0.647700 1.023590 0.010236
0.647896 1.028570 0.010286
0.648092 1.026450 0.010265
0.648288 1.017180 0.010172
0.648484 1.026970 0.010270
0.648680 1.030200 0.010302
0.648876 1.021660 0.010217
0.649072 1.012250 0.010122
0.649268 1.021960 0.010220
0.649464 1.026590 0.010266
0.649659 1.028670 0.010287
0.649855 1.044700 0.010447
0.650051 1.041180 0.010412
0.650247 1.044050 0.010440
0.650443 1.042420 0.010424
0.650639 1.033680 0.010337
0.650835 1.030540 0.010305
0.651031 1.024720 0.010247
0.651227 1.017240 0.010172
0.651423 1.016140 0.010161
0.651619 1.023650 0.010236
0.651815 1.014480 0.010145
0.652010 1.021680 0.010217
0.652206 1.019270 0.010193
0.652402 1.026920 0.010269
0.652598 1.035290 0.010353
0.652794 1.031120 0.010311
0.652990 1.033720 0.010337
0.653186 1.034390 0.010344
0.653382 1.033980 0.010340
0.653578 1.033180 0.010332
0.653774 1.030610 0.010306
0.653970 1.025180 0.010252
0.654166 1.023920 0.010239
0.654362 1.024750 0.010247
0.654557 1.024200 0.010242
0.654753 1.026140 0.010261
0.654949 1.033700 0.010337
0.655145 1.025920 0.010259
0.655341 1.009080 0.010091
0.655537 1.019130 0.010191
0.655733 1.012420 0.010124
0.655929 1.025920 0.010259
0.656125 1.026140 0.010261
0.656321 1.025570 0.010256
0.656517 1.030430 0.010304
0.656713 1.033700 0.010337
0.656908 1.034820 0.010348
0.657104 1.046960 0.010470
0.657300 1.046200 0.010462
0.657496 1.042020 0.010420
0.657692 1.039800 0.010398
0.657888 1.034820 0.010348
0.658084 1.020080 0.010201
0.658280 1.030430 0.010304
0.658476 1.038500 0.010385
0.658672 1.038010 0.010380
0.658868 1.025910 0.010259
0.659064 1.021910 0.010219
0.659259 1.028900 0.010289
0.659455 1.044240 0.010442
0.659651 1.044450 0.010445
0.659847 1.030890 0.010309
0.660043 1.034350 0.010344
0.660239 1.028100 0.010281
0.660435 1.027350 0.010273
0.660631 1.030550 0.010305
0.660827 1.035330 0.010353
0.661023 1.039600 0.010396
0.661219 1.037320 0.010373
0.661415 1.036390 0.010364
0.661610 1.033470 0.010335
0.661806 1.026990 0.010270
0.662002 1.024730 0.010247
0.662198 1.021660 0.010217
0.662394 1.017950 0.010180
0.662590 1.021320 0.010213
0.662786 1.026680 0.010267
0.662982 1.030240 0.010302
0.663178 1.035780 0.010358
0.663374 1.031790 0.010318
0.663570 1.043760 0.010438
0.663766 1.037670 0.010377
0.663962 1.029230 0.010292
0.664157 1.034270 0.010343
0.664353 1.038630 0.010386
0.664549 1.036890 0.010369
0.664745 1.032730 0.010327
0.664941 1.024260 0.010243
0.665137 1.022280 0.010223
0.665333 1.028100 0.010281
0.665529 1.027130 0.010271
0.665725 1.036330 0.010363
0.665921 1.031320 0.010313
0.666117 1.031950 0.010319
0.666313 1.023650 0.010236
0.666508 1.028680 0.010287
0.666704 1.035930 0.010359
0.666900 1.041930 0.010419
0.667096 1.038100 0.010381
0.667292 1.034630 0.010346
0.667488 1.033280 0.010333
0.667684 1.035140 0.010351
0.667880 1.040880 0.010409
0.668076 1.037790 0.010378
0.668272 1.036420 0.010364
0.668468 1.036530 0.010365
0.668664 1.037630 0.010376
0.668860 1.040060 0.010401
0.669055 1.034420 0.010344
0.669251 1.039640 0.010396
0.669447 1.034680 0.010347
0.669643 1.031270 0.010313
0.669839 1.037060 0.010371
0.670035 1.036640 0.010366
0.670231 1.035060 0.010351
0.670427 1.041850 0.010418
0.670623 1.037340 0.010373
0.670819 1.037180 0.010372
0.671015 1.041090 0.010411
0.671211 1.039760 0.010398
0.671406 1.034430 0.010344
0.671602 1.031930 0.010319
0.671798 1.045760 0.010458
0.671994 1.042350 0.010424
0.672190 1.047370 0.010474
0.672386 1.046820 0.010468
0.672582 1.041870 0.010419
0.672778 1.039740 0.010397
0.672974 1.034060 0.010341
0.673170 1.033720 0.010337
0.673366 1.029140 0.010291
0.673562 1.041480 0.010415
0.673757 1.040080 0.010401
0.673953 1.035640 0.010356
0.674149 1.033710 0.010337
0.674345 1.027640 0.010276
0.674541 1.028060 0.010281
0.674737 1.033030 0.010330
0.674933 1.035060 0.010351
0.675129 1.031610 0.010316
0.675325 1.030940 0.010309
0.675521 1.041600 0.010416
0.675717 1.034080 0.010341
0.675913 1.035960 0.010360
0.676108 1.045160 0.010452
0.676304 1.045040 0.010450
0.676500 1.039740 0.010397
0.676696 1.036340 0.010363
0.676892 1.034830 0.010348
0.677088 1.023110 0.010231
0.677284 1.033340 0.010333
0.677480 1.040660 0.010407
0.677676 1.037860 0.010379
0.677872 1.035090 0.010351
0.678068 1.039080 0.010391
0.678264 1.041040 0.010410
0.678460 1.045290 0.010453
0.678655 1.041250 0.010412
0.678851 1.041250 0.010412
0.679047 1.038180 0.010382
0.679243 1.029230 0.010292
0.679439 1.038730 0.010387
0.679635 1.037800 0.010378
0.679831 1.037290 0.010373
0.680027 1.036860 0.010369
0.680223 1.043900 0.010439
0.680419 1.049480 0.010495
0.680615 1.042290 0.010423
0.680811 1.036450 0.010364
0.681006 1.032640 0.010326
0.681202 1.038140 0.010381
0.681398 1.047210 0.010472
0.681594 1.036510 0.010365
0.681790 1.032770 0.010328
0.681986 1.043950 0.010439
0.682182 1.045490 0.010455
0.682378 1.050890 0.010509
0.682574 1.034310 0.010343
0.682770 1.038660 0.010387
0.682966 1.037920 0.010379
0.683162 1.037010 0.010370
0.683358 1.039680 0.010397
0.683553 1.045860 0.010459
0.683749 1.032140 0.010321
0.683945 1.035800 0.010358
0.684141 1.041030 0.010410
0.684337 1.053140 0.010531
0.684533 1.050100 0.010501
0.684729 1.052440 0.010524
0.684925 1.047770 0.010478
0.685121 1.043040 0.010430
0.685317 1.034910 0.010349
0.685513 1.033540 0.010335
0.685709 1.045560 0.010456
0.685904 1.047360 0.010474
0.686100 1.035180 0.010352
0.686296 1.030320 0.010303
0.686492 1.022670 0.010227
0.686688 1.030320 0.010303
0.686884 1.030320 0.010303
0.687080 1.026140 0.010261
0.687276 1.025200 0.010252
0.687472 1.019730 0.010197
0.687668 1.016120 0.010161
0.687864 1.019950 0.010200
0.688060 1.019730 0.010197
0.688256 1.035670 0.010357
0.688451 1.026140 0.010261
0.688647 1.030580 0.010306
0.688843 1.012560 0.010126
0.689039 1.025200 0.010252
0.689235 1.024880 0.010249
0.689431 1.018950 0.010189
0.689627 1.013270 0.010133
0.689823 1.018520 0.010185
0.690019 1.026440 0.010264
0.690215 1.030330 0.010303
0.690411 1.049030 0.010490
0.690607 1.052290 0.010523
0.690802 1.038520 0.010385
0.690998 1.039780 0.010398
0.691194 1.039790 0.010398
0.691390 1.041250 0.010412
0.691586 1.047660 0.010477
0.691782 1.039080 0.010391
0.691978 1.042380 0.010424
0.692174 1.053320 0.010533
0.692370 1.041150 0.010411
0.692566 1.044370 0.010444
0.692762 1.057290 0.010573
0.692958 1.050300 0.010503
0.693153 1.048790 0.010488
0.693349 1.037050 0.010370
0.693545 1.043910 0.010439
0.693741 1.039700 0.010397
0.693937 1.035000 0.010350
0.694133 1.031510 0.010315
0.694329 1.040430 0.010404
0.694525 1.052810 0.010528
0.694721 1.041790 0.010418
0.694917 1.052970 0.010530
0.695113 1.047530 0.010475
0.695309 1.048440 0.010484
0.695504 1.045850 0.010459
0.695700 1.050360 0.010504
0.695896 1.051030 0.010510
0.696092 1.040340 0.010403
0.696288 1.041450 0.010414
0.696484 1.051230 0.010512
0.696680 1.052060 0.010521
0.696876 1.051450 0.010514
0.697072 1.050140 0.010501
0.697268 1.043240 0.010432
0.697464 1.042320 0.010423
0.697660 1.045890 0.010459
0.697856 1.035850 0.010359
0.698051 1.046750 0.010467
0.698247 1.054660 0.010547
0.698443 1.046750 0.010467
0.698639 1.052320 0.010523
0.698835 1.046170 0.010462
0.699031 1.047830 0.010478
0.699227 1.050450 0.010504
0.699423 1.046060 0.010461
0.699619 1.046170 0.010462
0.699815 1.036690 0.010367
0.700011 1.052320 0.010523
0.700207 1.037270 0.010373
0.700402 1.040980 0.010410
0.700598 1.052080 0.010521
0.700794 1.059580 0.010596
0.700990 1.066890 0.010669
0.701186 1.067630 0.010676
0.701382 1.061830 0.010618
0.701578 1.057490 0.010575
0.701774 1.056330 0.010563
0.701970 1.057290 0.010573
0.702166 1.047990 0.010480
0.702362 1.045440 0.010454
0.702558 1.051470 0.010515
0.702754 1.072010 0.010720
0.702949 1.056890 0.010569
0.703145 1.056330 0.010563
0.703341 1.064490 0.010645
0.703537 1.045990 0.010460
0.703733 1.055210 0.010552
0.703929 1.051120 0.010511
0.704125 1.057520 0.010575
0.704321 1.051870 0.010519
0.704517 1.037670 0.010377
0.704713 1.054100 0.010541
0.704909 1.061170 0.010612
0.705105 1.061880 0.010619
0.705300 1.054590 0.010546
0.705496 1.048890 0.010489
0.705692 1.040830 0.010408
0.705888 1.038840 0.010388
0.706084 1.042370 0.010424
0.706280 1.045140 0.010451
0.706476 1.049770 0.010498
0.706672 1.057250 0.010572
0.706868 1.065290 0.010653
0.707064 1.056150 0.010561
0.707260 1.051640 0.010516
0.707456 1.037510 0.010375
0.707651 1.030870 0.010309
0.707847 1.050290 0.010503
0.708043 1.042140 0.010421
0.708239 1.061460 0.010615
0.708435 1.045600 0.010456
0.708631 1.064980 0.010650
0.708827 1.047930 0.010479
0.709023 1.040940 0.010409
0.709219 1.048540 0.010485
0.709415 1.052050 0.010521
0.709611 1.058710 0.010587
0.709807 1.060220 0.010602
0.710144 1.046110 0.010461
0.710428 1.035170 0.010352
0.710711 1.038560 0.010386
0.710994 1.039390 0.010394
0.711277 1.046030 0.010460
0.711560 1.044210 0.010442
0.711843 1.042290 0.010423
0.712126 1.046620 0.010466
0.712409 1.043070 0.010431
0.712692 1.039830 0.010398
0.712975 1.044200 0.010442
0.713258 1.038740 0.010387
0.713541 1.041450 0.010414
0.713824 1.035710 0.010357
0.714107 1.030480 0.010305
0.714390 1.031620 0.010316
0.714673 1.032120 0.010321
0.714956 1.040760 0.010408
0.715239 1.053820 0.010538
0.715522 1.055660 0.010557
0.715805 1.045440 0.010454
0.716088 1.036720 0.010367
0.716371 1.037000 0.010370
0.716654 1.042140 0.010421
0.716937 1.042470 0.010425
0.717221 1.039070 0.010391
0.717504 1.035250 0.010352
0.717787 1.038490 0.010385
0.718070 1.039150 0.010391
0.718353 1.029730 0.010297
0.718636 1.034320 0.010343
0.718919 1.035140 0.010351
0.719202 1.038510 0.010385
0.719485 1.034310 0.010343
0.719768 1.030680 0.010307
0.720051 1.042970 0.010430
0.720334 1.033720 0.010337
0.720617 1.038660 0.010387
0.720900 1.041960 0.010420
0.721183 1.049850 0.010498
0.721466 1.058000 0.010580
0.721749 1.049050 0.010490
0.722032 1.042660 0.010427
0.722315 1.046730 0.010467
0.722598 1.044210 0.010442
0.722881 1.042170 0.010422
0.723164 1.036570 0.010366
0.723447 1.044680 0.010447
0.723730 1.046770 0.010468
0.724013 1.050310 0.010503
0.724296 1.049650 0.010496
0.724580 1.046560 0.010466
0.724863 1.043910 0.010439
0.725146 1.043810 0.010438
0.725429 1.044560 0.010446
0.725712 1.038040 0.010380
0.725995 1.045210 0.010452
0.726278 1.038550 0.010386
0.726561 1.044900 0.010449
0.726844 1.044890 0.010449
0.727127 1.046790 0.010468
0.727410 1.051860 0.010519
0.727693 1.046260 0.010463
0.727976 1.033190 0.010332
0.728259 1.027010 0.010270
0.728542 1.029460 0.010295
0.728825 1.035880 0.010359
0.729108 1.043990 0.010440
0.729391 1.049710 0.010497
0.729674 1.052170 0.010522
0.729957 1.049060 0.010491
0.730240 1.050220 0.010502
0.730523 1.051790 0.010518
0.730806 1.044270 0.010443
0.731089 1.042030 0.010420
0.731373 1.035300 0.010353
0.731656 1.049240 0.010492
0.731939 1.050790 0.010508
0.732222 1.054610 0.010546
0.732505 1.063890 0.010639
0.732788 1.054750 0.010547
0.733071 1.046900 0.010469
0.733354 1.056320 0.010563
0.733637 1.060060 0.010601
0.733920 1.055550 0.010555
0.734203 1.043720 0.010437
0.734486 1.039380 0.010394
0.734769 1.035300 0.010353
0.735052 1.044600 0.010446
0.735335 1.052140 0.010521
0.735618 1.044330 0.010443
0.735901 1.058220 0.010582
0.736184 1.061040 0.010610
0.736467 1.052250 0.010522
0.736750 1.054600 0.010546
0.737033 1.053000 0.010530
0.737316 1.049350 0.010494
0.737599 1.044610 0.010446
0.737882 1.040990 0.010410
0.738165 1.044340 0.010443
0.738448 1.047160 0.010472
0.738732 1.049110 0.010491
0.739015 1.056530 0.010565
0.739298 1.062000 0.010620
0.739581 1.058100 0.010581
0.739864 1.048480 0.010485
0.740147 1.043290 0.010433
0.740430 1.039930 0.010399
0.740713 1.041370 0.010414
0.740996 1.044160 0.010442
0.741279 1.047460 0.010475
0.741562 1.048180 0.010482
0.741845 1.055140 0.010551
0.742128 1.063490 0.010635
0.742411 1.059270 0.010593
0.742694 1.065880 0.010659
0.742977 1.068020 0.010680
0.743260 1.059250 0.010592
0.743543 1.047880 0.010479
0.743826 1.045300 0.010453
0.744109 1.043850 0.010438
0.744392 1.050530 0.010505
0.744675 1.050710 0.010507
0.744958 1.059450 0.010595
0.745241 1.068620 0.010686
0.745525 1.064550 0.010646
0.745808 1.063050 0.010631
0.746091 1.054430 0.010544
0.746374 1.045090 0.010451
0.746657 1.042110 0.010421
0.746940 1.043690 0.010437
0.747223 1.046170 0.010462
0.747506 1.053990 0.010540
0.747789 1.063930 0.010639
0.748072 1.068620 0.010686
0.748355 1.073730 0.010737
0.748638 1.069730 0.010697
0.748921 1.056180 0.010562
0.749204 1.046320 0.010463
0.749487 1.043120 0.010431
0.749770 1.037630 0.010376
0.750053 1.038440 0.010384
0.750336 1.033420 0.010334
0.750619 1.051770 0.010518
0.750902 1.052710 0.010527
0.751185 1.060760 0.010608
0.751468 1.062360 0.010624
0.751751 1.067900 0.010679
0.752034 1.063690 0.010637
0.752317 1.059300 0.010593
0.752600 1.054310 0.010543
0.752884 1.052710 0.010527
0.753167 1.052710 0.010527
0.753450 1.042420 0.010424
0.753733 1.046170 0.010462
0.754016 1.051310 0.010513
0.754299 1.054310 0.010543
0.754582 1.058970 0.010590
0.754865 1.062890 0.010629
0.755148 1.068800 0.010688
0.755431 1.073980 0.010740
0.755714 1.071140 0.010711
0.755997 1.062400 0.010624
0.756280 1.054850 0.010548
0.756563 1.048520 0.010485
0.756846 1.040600 0.010406
0.757129 1.038800 0.010388
0.757412 1.046750 0.010467
0.757695 1.062040 0.010620
0.757978 1.072150 0.010722
0.758261 1.069020 0.010690
0.758544 1.066970 0.010670
0.758827 1.055650 0.010556
0.759110 1.015130 0.010151
0.759393 1.047450 0.010474
0.759677 1.046750 0.010467
0.759960 1.040600 0.010406
0.760243 1.038800 0.010388
0.760526 1.038800 0.010388
0.760809 1.038800 0.010388
0.761092 1.069580 0.010696
0.761375 1.047450 0.010474
0.761658 1.047450 0.010474
0.761941 1.087250 0.010873
0.762224 1.047450 0.010474
0.762507 1.011680 0.010117
0.762790 1.047450 0.010474
0.763073 1.057350 0.010573
0.763356 1.057350 0.010573
0.763639 1.024920 0.010249
0.763922 1.038340 0.010383
0.764205 1.057350 0.010573
0.764488 1.066200 0.010662
0.764771 1.060170 0.010602
0.765054 1.063510 0.010635
0.765337 1.078160 0.010782
0.765620 1.084410 0.010844
0.765903 1.075920 0.010759
0.766186 1.073250 0.010732
0.766469 1.058290 0.010583
0.766752 1.057380 0.010574
0.767036 1.051620 0.010516
0.767319 1.058100 0.010581
0.767602 1.052820 0.010528
0.767885 1.056930 0.010569
0.768168 1.073380 0.010734
0.768451 1.078270 0.010783
0.768734 1.084470 0.010845
0.769017 1.082070 0.010821
0.769300 1.079330 0.010793
0.769583 1.080130 0.010801
0.769866 1.075730 0.010757
0.770149 1.066940 0.010669
0.770432 1.063170 0.010632
0.770715 1.060620 0.010606
0.770998 1.053650 0.010537
0.771281 1.049830 0.010498
0.771564 1.054180 0.010542
0.771847 1.062620 0.010626
0.772130 1.070230 0.010702
0.772413 1.073890 0.010739
0.772696 1.079340 0.010793
0.772979 1.090320 0.010903
0.773262 1.087010 0.010870
0.773545 1.082590 0.010826
0.773829 1.075410 0.010754
0.774112 1.067490 0.010675
0.774395 1.056800 0.010568
0.774678 1.047360 0.010474
0.774961 1.048130 0.010481
0.775244 1.049650 0.010496
0.775527 1.056960 0.010570
0.775810 1.070870 0.010709
0.776093 1.080730 0.010807
0.776376 1.089380 0.010894
0.776659 1.096650 0.010966
0.776942 1.099050 0.010991
0.777225 1.094440 0.010944
0.777508 1.087170 0.010872
0.777791 1.077550 0.010775
0.778074 1.065800 0.010658
0.778357 1.063450 0.010634
0.778640 1.069070 0.010691
0.778923 1.061970 0.010620
0.779206 1.053000 0.010530
0.779489 1.065410 0.010654
0.779772 1.075780 0.010758
0.780055 1.077570 0.010776
0.780338 1.077440 0.010774
0.780621 1.085700 0.010857
0.780904 1.079470 0.010795
0.781188 1.084660 0.010847
0.781471 1.072750 0.010727
0.781754 1.070220 0.010702
0.782037 1.053530 0.010535
0.782320 1.064880 0.010649
0.782603 1.048680 0.010487
0.782886 1.050780 0.010508
0.783169 1.052750 0.010527
0.783452 1.062640 0.010626
0.783735 1.071130 0.010711
0.784018 1.080290 0.010803
0.784301 1.090150 0.010901
0.784584 1.089160 0.010892
0.784867 1.080670 0.010807
0.785150 1.069940 0.010699
0.785433 1.059480 0.010595
0.785716 1.055410 0.010554
0.785999 1.043530 0.010435
0.786282 1.053360 0.010534
0.786565 1.058510 0.010585
0.786848 1.061320 0.010613
0.787131 1.079640 0.010796
0.787414 1.066870 0.010669
0.787697 1.078050 0.010781
0.787981 1.073240 0.010732
0.788264 1.087580 0.010876
0.788547 1.082320 0.010823
0.788830 1.083270 0.010833
0.789113 1.072370 0.010724
0.789396 1.063020 0.010630
0.789679 1.052050 0.010521
0.789962 1.051050 0.010510
0.790245 1.051840 0.010518
0.790528 1.054160 0.010542
0.790811 1.064990 0.010650
0.791094 1.075310 0.010753
0.791377 1.076280 0.010763
0.791660 1.076710 0.010767
0.791943 1.085510 0.010855
0.792226 1.092440 0.010924
0.792509 1.082800 0.010828
0.792792 1.075170 0.010752
0.793075 1.063490 0.010635
0.793358 1.054490 0.010545
0.793641 1.043110 0.010431
0.793924 1.039590 0.010396
0.794207 1.036620 0.010366
0.794490 1.040950 0.010409
0.794773 1.052120 0.010521
0.795056 1.054970 0.010550
0.795340 1.068800 0.010688
0.795623 1.083770 0.010838
0.795906 1.091950 0.010920
0.796189 1.097670 0.010977
0.796472 1.101320 0.011013
0.796755 1.096360 0.010964
0.797038 1.087000 0.010870
0.797321 1.079390 0.010794
0.797604 1.070830 0.010708
0.797887 1.055000 0.010550
0.798170 1.039070 0.010391
0.798453 1.043800 0.010438
0.798736 1.042510 0.010425
0.799019 1.045520 0.010455
0.799302 1.061640 0.010616
0.799585 1.065220 0.010652
0.799868 1.070910 0.010709
0.800151 1.085810 0.010858
0.800434 1.089720 0.010897
0.800717 1.089570 0.010896
0.801000 1.094930 0.010949
0.801283 1.087950 0.010879
0.801566 1.086590 0.010866
0.801849 1.079400 0.010794
0.802133 1.071420 0.010714
0.802416 1.066610 0.010666
0.802699 1.063480 0.010635
0.802982 1.062030 0.010620
0.803265 1.061890 0.010619
0.803548 1.061410 0.010614
0.803831 1.064160 0.010642
0.804114 1.074620 0.010746
0.804397 1.081170 0.010812
0.804680 1.071730 0.010717
0.804963 1.075510 0.010755
0.805246 1.099160 0.010992
0.805529 1.085330 0.010853
0.805812 1.076670 0.010767
0.806095 1.089700 0.010897
0.806378 1.083850 0.010839
0.806661 1.073240 0.010732
0.806944 1.052210 0.010522
0.807227 1.048690 0.010487
0.807510 1.051250 0.010512
0.807793 1.045650 0.010456
0.808076 1.051150 0.010511
0.808359 1.054170 0.010542
0.808642 1.064050 0.010640
0.808925 1.079720 0.010797
0.809208 1.081470 0.010815
0.809492 1.084210 0.010842
0.809775 1.097490 0.010975
0.810058 1.094380 0.010944
0.810341 1.090770 0.010908
0.810624 1.086900 0.010869
0.810907 1.073370 0.010734
0.811190 1.070130 0.010701
0.811473 1.057160 0.010572
0.811756 1.035420 0.010354
0.812039 1.040460 0.010405
0.812322 1.043190 0.010432
0.812605 1.040620 0.010406
0.812888 1.045070 0.010451
0.813171 1.054020 0.010540
0.813454 1.064730 0.010647
0.813737 1.072950 0.010730
0.814020 1.085650 0.010856
0.814303 1.097920 0.010979
0.814586 1.104310 0.011043
0.814869 1.064730 0.010647
0.815152 1.064730 0.010647
0.815435 1.101220 0.011012
0.815718 1.079710 0.010797
0.816001 1.068600 0.010686
0.816285 1.066350 0.010664
0.816568 1.064480 0.010645
0.816851 1.060040 0.010600
0.817134 1.058610 0.010586
0.817417 1.063540 0.010635
0.817700 1.055030 0.010550
0.817983 1.062750 0.010627
0.818266 1.064800 0.010648
0.818549 1.069450 0.010695
0.818832 1.087390 0.010874
0.819115 1.090800 0.010908
0.819398 1.081550 0.010815
0.819681 1.075780 0.010758
0.819964 1.074400 0.010744
0.820247 1.063260 0.010633
0.820530 1.048170 0.010482
0.820813 1.068500 0.010685
0.821096 1.069450 0.010695
0.821379 1.069450 0.010695
0.821662 1.048740 0.010487
0.821945 1.060710 0.010607
0.822228 1.068500 0.010685
0.822511 1.058590 0.010586
0.822794 1.066520 0.010665
0.823077 1.089630 0.010896
0.823360 1.090090 0.010901
0.823644 1.063260 0.010633
0.823927 1.063260 0.010633
0.824210 1.066520 0.010665
0.824493 1.104360 0.011044
0.824776 1.086640 0.010866
0.825059 1.068600 0.010686
0.825342 1.061290 0.010613
0.825625 1.055840 0.010558
0.825908 1.086640 0.010866
0.826191 1.086640 0.010866
0.826474 1.059360 0.010594
0.826757 1.058760 0.010588
0.827040 1.052300 0.010523
0.827323 1.067650 0.010676
0.827606 1.080270 0.010803
0.827889 1.100320 0.011003
0.828172 1.100690 0.011007
0.828455 1.069350 0.010693
0.828738 1.105800 0.011058
0.829021 1.098840 0.010988
0.829304 1.101740 0.011017
0.829587 1.088630 0.010886
0.829870 1.076650 0.010766
0.830153 1.075470 0.010755
0.830437 1.070800 0.010708
0.830720 1.063490 0.010635
0.831003 1.055550 0.010555
0.831286 1.053360 0.010534
0.831569 1.062660 0.010627
0.831852 1.069350 0.010693
0.832135 1.078080 0.010781
0.832418 1.070080 0.010701
0.832701 1.079100 0.010791
0.832984 1.083330 0.010833
0.833267 1.092370 0.010924
0.833550 1.107340 0.011073
0.833833 1.109090 0.011091
0.834116 1.110130 0.011101
0.834399 1.102150 0.011021
0.834682 1.085190 0.010852
0.834965 1.073780 0.010738
0.835248 1.066040 0.010660
0.835531 1.059860 0.010599
0.835814 1.051220 0.010512
0.836097 1.047210 0.010472
0.836380 1.049510 0.010495
0.836663 1.057410 0.010574
0.836946 1.071670 0.010717
0.837229 1.070310 0.010703
0.837512 1.073510 0.010735
0.837796 1.080920 0.010809
0.838079 1.095410 0.010954
0.838362 1.095160 0.010952
0.838645 1.099350 0.010993
0.838928 1.102660 0.011027
0.839211 1.104350 0.011043
0.839494 1.097500 0.010975
0.839777 1.098400 0.010984
0.840060 1.085220 0.010852
0.840343 1.078100 0.010781
0.840626 1.067410 0.010674
0.840909 1.061120 0.010611
0.841192 1.061220 0.010612
0.841475 1.060150 0.010602
0.841758 1.065380 0.010654
0.842041 1.078550 0.010785
0.842324 1.084820 0.010848
0.842607 1.074310 0.010743
0.842890 1.091170 0.010912
0.843173 1.101740 0.011017
0.843456 1.074310 0.010743
0.843739 1.070800 0.010708
0.844022 1.107850 0.011078
0.844305 1.105890 0.011059
0.844588 1.096060 0.010961
0.844872 1.081070 0.010811
0.845155 1.065300 0.010653
0.845438 1.058390 0.010584
0.845721 1.053970 0.010540
0.846004 1.047830 0.010478
0.846287 1.087770 0.010878
0.846570 1.052400 0.010524
0.846853 1.063020 0.010630
0.847136 1.063200 0.010632
0.847419 1.070800 0.010708
0.847702 1.087770 0.010878
0.847985 1.097180 0.010972
0.848268 1.094210 0.010942
0.848551 1.070800 0.010708
0.848834 1.109490 0.011095
0.849117 1.105050 0.011050
0.849400 1.095550 0.010955
0.849683 1.082240 0.010822
0.849966 1.070220 0.010702
0.850249 1.069150 0.016037
0.850532 1.075460 0.016132
0.850815 1.069150 0.016037
0.851098 1.065120 0.015977
0.851381 1.070520 0.016058
0.851664 1.072860 0.016093
0.851948 1.080280 0.016204
0.852231 1.078120 0.016172
0.852514 1.076070 0.016141
0.852797 1.085170 0.016278
0.853080 1.099770 0.016497
0.853363 1.107300 0.016610
0.853646 1.098300 0.016474
0.853929 1.076060 0.016141
0.854212 1.067430 0.016011
0.854495 1.086500 0.016298
0.854778 1.092670 0.016390
0.855061 1.094400 0.016416
0.855344 1.098910 0.016484
0.855627 1.089190 0.016338
0.855910 1.065540 0.015983
0.856193 1.050760 0.015761
0.856476 1.052780 0.015792
0.856759 1.059640 0.015895
0.857042 1.067050 0.016006
0.857325 1.071600 0.016074
0.857608 1.085140 0.016277
0.857891 1.101980 0.016530
0.858174 1.076930 0.016154
0.858457 1.084750 0.016271
0.858741 1.101480 0.016522
0.859024 1.103990 0.016560
0.859307 1.102530 0.016538
0.859590 1.083470 0.016252
0.859873 1.075620 0.016134
0.860156 1.073040 0.016096
0.860439 1.069090 0.016036
0.860722 1.062020 0.015930
0.861005 1.050560 0.015758
0.861288 1.085140 0.016277
0.861571 1.050920 0.015764
0.861854 1.065390 0.015981
0.862137 1.082230 0.016233
0.862420 1.084540 0.016268
0.862703 1.092410 0.016386
0.862986 1.104160 0.016562
0.863269 1.078190 0.016173
0.863552 1.113940 0.016709
0.863835 1.082230 0.016233
0.864118 1.122060 0.016831
0.864401 1.114730 0.016721
0.864684 1.100020 0.016500
0.864967 1.089280 0.016339
0.865250 1.078190 0.016173
0.865533 1.067810 0.016017
0.865817 1.059040 0.015886
0.866100 1.093300 0.016399
0.866383 1.093300 0.016399
0.866666 1.061980 0.015930
0.866949 1.098720 0.016481
0.867232 1.090600 0.016359
0.867515 1.114910 0.016724
0.867798 1.078190 0.016173
0.868081 1.075950 0.016139
0.868364 1.112480 0.016687
0.868647 1.107740 0.016616
0.868930 1.093300 0.016399
0.869213 1.083800 0.016257
0.869496 1.075950 0.016139
0.869779 1.066080 0.015991
0.870062 1.058400 0.015876
0.870345 1.090600 0.016359
0.870628 1.090600 0.016359
0.870911 1.090040 0.016351
0.871194 1.083800 0.016257
0.871477 1.066410 0.015996
0.871760 1.069550 0.016043
0.872043 1.077250 0.016159
0.872326 1.091630 0.016374
0.872609 1.104780 0.016572
0.872892 1.105270 0.016579
0.873175 1.113560 0.016703
0.873459 1.115650 0.016735
0.873742 1.100880 0.016513
0.874025 1.090040 0.016351
0.874308 1.083490 0.016252
0.874591 1.077320 0.016160
0.874874 1.072840 0.016093
0.875157 1.064130 0.015962
0.875440 1.097700 0.016465
0.875723 1.070300 0.016054
0.876006 1.065060 0.015976
0.876289 1.080040 0.016201
0.876572 1.097700 0.016465
0.876855 1.100930 0.016514
0.877138 1.109710 0.016646
0.877421 1.083490 0.016252
0.877704 1.080040 0.016201
0.877987 1.080040 0.016201
0.878270 1.080040 0.016201
0.878553 1.121540 0.016823
0.878836 1.110470 0.016657
0.879119 1.095760 0.016436
0.879402 1.083660 0.016255
0.879685 1.072040 0.016081
0.879968 1.097060 0.016456
0.880252 1.097060 0.016456
0.880535 1.095940 0.016439
0.880818 1.095760 0.016436
0.881101 1.064040 0.015961
0.881384 1.071660 0.016075
0.881667 1.097060 0.016456
0.881950 1.093890 0.016408
0.882233 1.106540 0.016598
0.882516 1.073110 0.016097
0.882799 1.111230 0.016668
0.883082 1.102080 0.016531
0.883365 1.095940 0.016439
0.883648 1.085820 0.016287
0.883931 1.073110 0.016097
0.884214 1.072240 0.016084
0.884497 1.070620 0.016059
0.884780 1.058870 0.015883
0.885063 1.060900 0.015913
0.885346 1.066420 0.015996
0.885629 1.067140 0.016007
0.885912 1.083360 0.016250
0.886195 1.080790 0.016212
0.886478 1.092670 0.016390
0.886761 1.116030 0.016740
0.887045 1.073110 0.016097
0.887328 1.072240 0.016084
0.887611 1.072240 0.016084
0.887894 1.111180 0.016668
0.888177 1.101370 0.016521
0.888460 1.108860 0.016633
0.888743 1.090050 0.016351
0.889026 1.070950 0.016064
0.889309 1.061750 0.015926
0.889592 1.061460 0.015922
0.889875 1.101370 0.016521
0.890158 1.106300 0.016594
0.890441 1.106300 0.016594
0.890724 1.104140 0.016562
0.891007 1.061330 0.015920
0.891290 1.084890 0.016273
0.891573 1.097340 0.016460
0.891856 1.106300 0.016594
0.892139 1.112240 0.016684
0.892422 1.070950 0.016064
0.892705 1.070950 0.016064
0.892988 1.074510 0.016118
0.893271 1.119100 0.016786
0.893554 1.114190 0.016713
0.893838 1.122220 0.016833
0.894121 1.086250 0.016294
0.894404 1.104140 0.016562
0.894687 1.069010 0.016035
0.894970 1.106650 0.016600
0.895253 1.108730 0.016631
0.895536 1.108730 0.016631
0.895819 1.108730 0.016631
0.896102 1.069630 0.016044
0.896385 1.074510 0.016118
0.896668 1.090010 0.016350
0.896951 1.106650 0.016600
0.897234 1.108730 0.016631
0.897517 1.118520 0.016778
0.897800 1.123990 0.016860
0.898083 1.090010 0.016350
0.898366 1.128280 0.016924
0.898649 1.126760 0.016901
0.898932 1.116050 0.016741
0.899215 1.107800 0.016617
0.899498 1.096210 0.016443
0.899781 1.086370 0.016296
0.900064 1.089590 0.016344
0.900347 1.071120 0.016067
0.900630 1.108730 0.016631
0.900913 1.108730 0.016631
0.901196 1.071280 0.016069
0.901479 1.093570 0.016404
0.901763 1.115050 0.016726
0.902046 1.119070 0.016786
0.902329 1.115740 0.016736
0.902612 1.108680 0.016630
0.902895 1.089590 0.016344
0.903178 1.086370 0.016296
0.903461 1.085970 0.016290
0.903744 1.120370 0.016806
0.904027 1.103120 0.016547
0.904310 1.096050 0.016441
0.904593 1.085460 0.016282
0.904876 1.076080 0.016141
0.905159 1.070630 0.016059
0.905442 1.068140 0.016022
0.905725 1.069380 0.016041
0.906008 1.066720 0.016001
0.906291 1.067070 0.016006
0.906574 1.067090 0.016006
0.906857 1.074630 0.016119
0.907140 1.085970 0.016290
0.907423 1.089550 0.016343
0.907706 1.106120 0.016592
0.907989 1.093960 0.016409
0.908272 1.111690 0.016675
0.908556 1.072840 0.016093
0.908839 1.072840 0.016093
0.909122 1.102170 0.016533
0.909405 1.091640 0.016375
0.909688 1.085210 0.016278
0.909971 1.071890 0.016078
0.910254 1.065990 0.015990
0.910537 1.058310 0.015875
0.910820 1.091640 0.016375
0.911103 1.069570 0.016044
0.911386 1.065730 0.015986
0.911669 1.059740 0.015896
0.911952 1.072840 0.016093
0.912235 1.078970 0.016185
0.912518 1.105930 0.016589
0.912801 1.108310 0.016625
0.913084 1.100270 0.016504
0.913367 1.099990 0.016500
0.913650 1.101580 0.016524
0.913933 1.102620 0.016539
0.914216 1.100500 0.016507
0.914499 1.086000 0.016290
0.914782 1.077140 0.016157
0.915065 1.064500 0.015967
0.915349 1.057280 0.015859
0.915632 1.052790 0.015792
0.915915 1.050860 0.015763
0.916198 1.087060 0.016306
0.916481 1.057820 0.015867
0.916764 1.070330 0.016055
0.917047 1.079870 0.016198
0.917330 1.077220 0.016158
0.917613 1.077770 0.016167
0.917896 1.099570 0.016494
0.918179 1.070330 0.016055
0.918462 1.070330 0.016055
0.918745 1.070330 0.016055
0.919028 1.073130 0.016097
0.919311 1.104860 0.016573
0.919594 1.086800 0.016302
0.919877 1.087060 0.016306
0.920160 1.067210 0.016008
0.920443 1.068630 0.016029
0.920726 1.059470 0.015892
0.921009 1.063410 0.015951
0.921292 1.102360 0.016535
0.921575 1.102360 0.016535
0.921858 1.102360 0.016535
0.922142 1.073130 0.016097
0.922425 1.102360 0.016535
0.922708 1.113110 0.016697
0.922991 1.107780 0.016617
0.923274 1.073130 0.016097
0.923557 1.068630 0.016029
0.923840 1.068630 0.016029
0.924123 1.071500 0.016072
0.924406 1.073130 0.016097
0.924689 1.110140 0.016652
0.924972 1.096770 0.016452
0.925255 1.083940 0.016259
0.925538 1.066920 0.016004
0.925821 1.102360 0.016535
0.926104 1.065770 0.015987
0.926387 1.102390 0.016536
0.926670 1.102370 0.016536
0.926953 1.096770 0.016452
0.927236 1.057770 0.015867
0.927519 1.071500 0.016072
0.927802 1.085070 0.016276
0.928085 1.079530 0.016193
0.928368 1.102390 0.016536
0.928651 1.109360 0.016640
0.928934 1.070470 0.016057
0.929217 1.070150 0.016052
0.929500 1.070150 0.016052
0.929783 1.070150 0.016052
0.930067 1.102370 0.016536
0.930350 1.080410 0.016206
0.930633 1.084800 0.016272
0.930916 1.070470 0.016057
0.931199 1.060250 0.015904
0.931482 1.048770 0.015732
0.931765 1.091680 0.016375
0.932048 1.091680 0.016375
0.932331 1.059890 0.015898
0.932614 1.070150 0.016052
0.932897 1.067880 0.016018
0.933180 1.060100 0.015901
0.933463 1.069560 0.016043
0.933746 1.091680 0.016375
0.934029 1.097420 0.016461
0.934312 1.100520 0.016508
0.934595 1.068890 0.016033
0.934878 1.068890 0.016033
0.935161 1.069560 0.016043
0.935444 1.105620 0.016584
0.935727 1.068890 0.016033
0.936010 1.079770 0.016197
0.936293 1.073210 0.016098
0.936576 1.064520 0.015968
0.936860 1.060330 0.015905
0.937143 1.099710 0.016496
0.937426 1.099710 0.016496
0.937709 1.099710 0.016496
0.937992 1.062350 0.015935
0.938275 1.092130 0.016382
0.938558 1.103640 0.016555
0.938841 1.101040 0.016516
0.939124 1.073210 0.016098
0.939407 1.068890 0.016033
0.939690 1.064520 0.015968
0.939973 1.064520 0.015968
0.940256 1.064520 0.015968
0.940539 1.110930 0.016664
0.940822 1.099710 0.016496
0.941105 1.082090 0.016231
0.941388 1.054150 0.015812
0.941671 1.099710 0.016496
0.941954 1.100500 0.016507
0.942237 1.100500 0.016507
0.942520 1.099710 0.016496
0.942803 1.087550 0.016313
0.943086 1.086900 0.016304
0.943369 1.058270 0.015874
0.943653 1.074390 0.016116
0.943936 1.072230 0.016083
0.944219 1.100500 0.016507
0.944502 1.074390 0.016116
0.944785 1.074390 0.016116
0.945068 1.074390 0.016116
0.945351 1.115150 0.016727
0.945634 1.104010 0.016560
0.945917 1.086900 0.016304
0.946200 1.087550 0.016313
0.946483 1.071240 0.016069
0.946766 1.085620 0.016284
0.947049 1.086220 0.016293
0.947332 1.067800 0.016017
0.947615 1.064320 0.015965
0.947898 1.070270 0.016054
0.948181 1.077300 0.016159
0.948464 1.090920 0.016364
0.948747 1.095060 0.016426
0.949030 1.102270 0.016534
0.949313 1.110720 0.016661
0.949596 1.122560 0.016838
0.949879 1.126370 0.016896
0.950162 1.109640 0.016645
0.950445 1.126340 0.016895
0.950729 1.117320 0.016760
0.951012 1.099310 0.016490
0.951295 1.072750 0.016091
0.951578 1.081270 0.016219
0.951861 1.074550 0.016118
0.952144 1.070130 0.016052
0.952427 1.084120 0.016262
0.952710 1.092920 0.016394
0.952993 1.089920 0.016349
0.953276 1.084940 0.016274
0.953559 1.080870 0.016213
0.953842 1.082270 0.016234
0.954125 1.098670 0.016480
0.954408 1.103790 0.016557
0.954691 1.117850 0.016768
0.954974 1.084810 0.016272
0.955257 1.084940 0.016274
0.955540 1.108740 0.016631
0.955823 1.100030 0.016500
0.956106 1.095260 0.016429
0.956389 1.102790 0.016542
0.956672 1.093290 0.016399
0.956955 1.084810 0.016272
0.957238 1.079010 0.016185
0.957521 1.067740 0.016016
0.957804 1.071510 0.016073
0.958088 1.077920 0.016169
0.958371 1.069960 0.016049
0.958654 1.070540 0.016058
0.958937 1.089120 0.016337
0.959220 1.077100 0.016157
0.959503 1.088470 0.016327
0.959786 1.097160 0.016457
0.960069 1.097710 0.016466
0.960352 1.100820 0.016512
0.960635 1.116130 0.016742
0.960918 1.114120 0.016712
0.961201 1.099630 0.016494
0.961484 1.093860 0.016408
0.961767 1.081710 0.016226
0.962050 1.090530 0.016358
0.962333 1.077700 0.016166
0.962616 1.087950 0.016319
0.962899 1.055840 0.015838
0.963182 1.082640 0.016240
0.963465 1.056720 0.015851
0.963748 1.066420 0.015996
0.964031 1.067680 0.016015
0.964314 1.071610 0.016074
0.964597 1.084750 0.016271
0.964880 1.101080 0.016516
0.965164 1.110480 0.016657
0.965447 1.096930 0.016454
0.965730 1.071540 0.016073
0.966013 1.082830 0.016242
0.966296 1.102440 0.016537
0.966579 1.107690 0.016615
0.966862 1.108760 0.016631
0.967145 1.096120 0.016442
0.967428 1.093920 0.016409
0.967711 1.074100 0.016112
0.967994 1.073610 0.016104
0.968277 1.073300 0.016099
0.968560 1.067400 0.016011
0.968843 1.060440 0.015907
0.969126 1.051690 0.015775
0.969409 1.066750 0.016001
0.969692 1.074390 0.016116
0.969975 1.088540 0.016328
0.974320 1.151260 0.017269
0.979120 1.135140 0.017027
0.983980 1.107370 0.016611
0.988910 1.104290 0.016564
0.993880 1.102950 0.016544
0.998930 1.123550 0.016853
1.004030 1.143420 0.017151
1.009200 1.155370 0.017331
1.014440 1.159600 0.017394
1.019740 1.134880 0.017023
1.025100 1.129280 0.016939
1.030520 1.134860 0.017023
1.036030 1.161090 0.017416
1.041580 1.173320 0.017600
1.047220 1.164630 0.017469
1.052920 1.157070 0.017356
1.058680 1.163130 0.017447
1.064510 1.178680 0.017680
1.070430 1.185250 0.017779
1.076420 1.171450 0.017572
1.082460 1.166200 0.017493
1.088600 1.145630 0.017184
1.094790 1.144720 0.017171
1.101060 1.169090 0.017536
1.107410 1.193270 0.017899
1.113840 1.217480 0.018262
1.120330 1.220850 0.018313
1.126910 1.203600 0.018054
1.133560 1.223460 0.018352
1.140280 1.262400 0.018936
1.147090 1.258460 0.018877
1.153970 1.223160 0.018347
1.160920 1.208180 0.018123
1.167960 1.219810 0.018297
1.175080 1.229310 0.018440
1.182280 1.191770 0.017877
1.189550 1.213340 0.018200
1.196910 1.223720 0.018356
1.204340 1.227510 0.018413
1.211850 1.235630 0.018534
1.219430 1.239730 0.018596
1.227080 1.291470 0.019372
1.234850 1.239900 0.018598
1.242670 1.241150 0.018617
1.250570 1.268260 0.019024
1.258540 1.302070 0.019531
1.266600 1.277600 0.019164
1.274730 1.253190 0.018798
1.282940 1.245380 0.018681
1.291200 1.258020 0.018870
1.299570 1.271850 0.019078
1.308000 1.286880 0.019303
1.316500 1.306080 0.019591
1.325070 1.329120 0.019937
1.333730 1.342090 0.020131
1.342450 1.346490 0.026930
1.351230 1.313650 0.026273
1.360060 1.281860 0.025637
1.369000 1.316260 0.026325
1.414580 1.341020 0.026820
1.423860 1.404940 0.028099
1.433230 1.386130 0.027723
1.442640 1.351610 0.027032
1.452100 1.328070 0.026561
1.461600 1.335280 0.026706
1.471200 1.318750 0.026375
1.480810 1.308030 0.026161
1.490460 1.355160 0.027103
1.500180 1.369460 0.027389
1.509950 1.340500 0.026810
1.519730 1.344050 0.026881
1.529600 1.342260 0.020134
1.539480 1.351930 0.020279
1.549400 1.370900 0.020564
1.559350 1.383530 0.020753
1.569340 1.386890 0.020803
1.579380 1.372260 0.020584
1.589430 1.372510 0.020588
1.599530 1.391270 0.020869
1.609660 1.373270 0.020599
1.619780 1.366340 0.020495
1.629930 1.390260 0.020854
1.640110 1.409840 0.021148
1.650330 1.417120 0.021257
1.660560 1.428670 0.021430
1.670800 1.449800 0.021747
1.681060 1.457650 0.021865
1.691330 1.462630 0.021939
1.701600 1.469480 0.022042
1.711930 1.457220 0.021858
1.722250 1.448190 0.021723
1.732550 1.431660 0.021475
1.742860 1.427100 0.021406
1.753190 1.454020 0.043621
1.763530 1.476280 0.044288
1.773850 1.477940 0.044338
1.784190 1.487820 0.044635
1.794540 1.471340 0.044140
1.804870 1.466630 0.043999
1.815210 1.465740 0.043972
1.959030 1.506380 0.045191
1.969210 1.478290 0.044349
1.979360 1.505530 0.045166
1.989490 1.547350 0.046420
1.999620 1.522140 0.045664
2.079880 1.547420 0.023211
2.089790 1.581030 0.023715
2.099720 1.570310 0.023555
2.109600 1.569760 0.023546
2.119470 1.575830 0.023637
2.129310 1.577410 0.023661
2.139120 1.632680 0.024490
2.148920 1.641470 0.024622
2.158680 1.673650 0.025105
2.168410 1.663740 0.024956
2.178140 1.670430 0.025056
2.187820 1.651950 0.024779
2.197480 1.644000 0.024660
2.207110 1.634740 0.024521
2.216720 1.648750 0.024731
2.226320 1.656920 0.024854
2.235850 1.664000 0.024960
2.245400 1.655990 0.024840
2.254900 1.660200 0.024903
2.264400 1.694070 0.025411
2.273830 1.696010 0.025440
2.283240 1.683400 0.025251
2.292640 1.685810 0.025287
2.302000 1.672570 0.025089
2.311360 1.679940 0.025199
2.320660 1.691990 0.025380
2.329950 1.703430 0.025551
2.339220 1.718530 0.025778
2.348440 1.718860 0.025783
2.357630 1.697580 0.025464
2.366810 1.703300 0.025549
2.375970 1.692030 0.025380
2.385080 1.670600 0.025059
2.394180 1.688080 0.025321
2.403230 1.732080 0.025981
2.412270 1.762590 0.026439
2.421290 1.739940 0.026099
2.430270 1.725530 0.025883
2.439220 1.755100 0.026326
2.448150 1.777000 0.026655
