0.401102 0.935655 0.014035
0.401837 0.948506 0.014228
0.402571 0.948506 0.014228
0.403305 0.948506 0.014228
0.404039 0.948506 0.014228
0.404774 0.945323 0.014180
0.406242 0.961915 0.014429
0.406976 0.944038 0.014161
0.407711 0.935655 0.014035
0.408445 0.926404 0.013896
0.409179 0.932221 0.013983
0.409914 0.929114 0.013937
0.410648 0.928829 0.013932
0.411382 0.948506 0.014228
0.412116 0.916709 0.013751
0.412851 0.916709 0.013751
0.413585 0.908190 0.013623
0.414319 0.928253 0.013924
0.415054 0.928829 0.013932
0.415788 0.871072 0.013066
0.416522 0.883732 0.013256
0.417256 0.894322 0.013415
0.417991 0.914576 0.013719
0.418725 0.916709 0.013751
0.419459 0.932221 0.013983
0.420194 0.929114 0.013937
0.420928 0.916709 0.013751
0.421662 0.908190 0.013623
0.422396 0.895652 0.013435
0.423131 0.900883 0.013513
0.423865 0.870980 0.013065
0.424599 0.879709 0.013196
0.425333 0.900883 0.013513
0.426068 0.900883 0.013513
0.426802 0.886877 0.013303
0.427536 0.900883 0.013513
0.428271 0.900883 0.013513
0.429005 0.870709 0.013061
0.429739 0.884790 0.013272
0.430473 0.908190 0.013623
0.431208 0.928899 0.013933
0.431942 0.914576 0.013719
0.432676 0.944868 0.014173
0.433410 0.944340 0.014165
0.434145 0.923889 0.013858
0.434879 0.923889 0.013858
0.435613 0.900883 0.013513
0.436348 0.930705 0.013961
0.437082 0.930705 0.013961
0.437816 0.930732 0.013961
0.438550 0.959330 0.014390
0.439285 0.911940 0.013679
0.440019 0.923889 0.013858
0.440753 0.935097 0.014026
0.441488 0.934798 0.014022
0.442222 0.952958 0.014294
0.442956 0.960738 0.014411
0.443690 0.948210 0.014223
0.444425 0.934065 0.014011
0.445159 0.930705 0.013961
0.445893 0.976339 0.014645
0.446627 0.949928 0.014249
0.447362 0.920253 0.013804
0.448096 0.943231 0.014148
0.448830 0.934023 0.014010
0.449565 0.969772 0.014547
0.450299 0.955877 0.014338
0.451033 0.943231 0.014148
0.451767 0.935284 0.014029
0.452502 0.955979 0.014340
0.453236 0.959795 0.014397
0.453970 0.963316 0.014450
0.454705 0.935097 0.014026
0.455439 0.944093 0.014161
0.456173 0.937713 0.014066
0.456907 0.938222 0.014073
0.457642 0.933518 0.014003
0.458376 0.947365 0.014210
0.459110 0.960939 0.014414
0.459845 0.966444 0.014497
0.460579 0.943390 0.014151
0.461313 0.924347 0.013865
0.462047 0.918041 0.013771
0.462782 0.944093 0.014161
0.463516 0.925214 0.013878
0.464250 0.955106 0.014327
0.464984 0.944116 0.014162
0.465719 0.935761 0.014036
0.466453 0.942922 0.014144
0.467187 0.965313 0.014480
0.467922 0.958752 0.014381
0.468656 0.948758 0.014231
0.469390 0.924174 0.013863
0.470124 0.964576 0.014469
0.470859 0.978015 0.014670
0.471593 0.969905 0.014549
0.472327 0.945364 0.014180
0.473062 0.938198 0.014073
0.473796 0.943871 0.014158
0.474530 0.940391 0.014106
0.475264 0.919081 0.013786
0.475999 0.948901 0.014234
0.476733 0.965440 0.014482
0.477467 0.966814 0.014502
0.478201 0.946620 0.014199
0.478936 0.940715 0.014111
0.479670 0.945352 0.014180
0.480404 0.955018 0.014325
0.481139 0.980184 0.014703
0.481873 0.939903 0.014099
0.482607 0.927168 0.013908
0.483341 0.965548 0.014483
0.484076 0.959721 0.014396
0.484810 0.939920 0.014099
0.485544 0.954387 0.014316
0.486279 0.961797 0.014427
0.487013 0.955018 0.014325
0.487747 0.991007 0.014865
0.488481 0.959210 0.014388
0.489216 0.956764 0.014351
0.489950 0.956764 0.014351
0.490684 0.945203 0.014178
0.491418 0.935189 0.014028
0.492153 0.938375 0.014076
0.492887 0.931921 0.013979
0.493621 0.954387 0.014316
0.494356 0.975959 0.014639
0.495090 0.962594 0.014439
0.495824 0.953850 0.014308
0.496558 0.959872 0.014398
0.497293 0.957260 0.014359
0.498027 0.956199 0.014343
0.498761 0.976915 0.014654
0.499496 0.951718 0.014276
0.500230 0.957663 0.014365
0.500964 0.957142 0.014357
0.501698 0.943406 0.014151
0.502433 0.979839 0.014698
0.503167 0.977495 0.014662
0.503901 0.967259 0.014509
0.504635 0.955579 0.014334
0.505370 0.974384 0.014616
0.506104 0.976419 0.014646
0.506838 0.956206 0.014343
0.507573 0.945998 0.014190
0.508307 0.943069 0.014146
0.509041 0.961488 0.014422
0.509775 0.968269 0.014524
0.510510 0.941440 0.009414
0.511244 0.947488 0.009475
0.511978 0.972223 0.009722
0.512713 0.956696 0.009567
0.513447 0.965295 0.009653
0.514181 0.952876 0.009529
0.514915 0.961488 0.009615
0.515650 0.956988 0.009570
0.516384 0.949099 0.009491
0.517118 0.957150 0.009571
0.517852 0.990280 0.009903
0.518587 0.991011 0.009910
0.519321 0.985587 0.009856
0.520055 0.982465 0.009825
0.520790 0.988159 0.009882
0.521524 0.989915 0.009899
0.522258 0.978124 0.009781
0.522992 1.000020 0.010000
0.523727 0.992640 0.009926
0.524461 0.971215 0.009712
0.525195 0.967345 0.009673
0.525930 0.965214 0.009652
0.526664 0.969526 0.009695
0.527398 0.979169 0.009792
0.528132 1.005650 0.010057
0.528867 0.973857 0.009739
0.529601 0.983663 0.009837
0.530335 0.999628 0.009996
0.531069 0.995823 0.009958
0.531804 0.960942 0.009609
0.532538 0.974625 0.009746
0.533272 0.967628 0.009676
0.534007 0.998179 0.009982
0.534741 1.000050 0.010000
0.535475 0.994951 0.009950
0.536209 0.975508 0.009755
0.536944 0.979169 0.009792
0.537678 0.994827 0.009948
0.538412 0.953348 0.009533
0.539147 0.946961 0.009470
0.539881 0.965825 0.009658
0.540615 1.003850 0.010038
0.541349 0.986737 0.009867
0.542084 0.985080 0.009851
0.542818 0.996174 0.009962
0.543552 0.994335 0.009943
0.544286 0.984132 0.009841
0.545021 0.964100 0.009641
0.545755 0.976768 0.009768
0.546489 0.976843 0.009768
0.547224 0.979877 0.009799
0.547958 0.994678 0.009947
0.548692 1.020230 0.010202
0.549426 0.991899 0.009919
0.550161 0.990840 0.009908
0.550895 1.001580 0.010016
0.551629 0.995454 0.009955
0.552364 0.972225 0.009722
0.553098 0.985485 0.009855
0.553832 1.003500 0.010035
0.554566 1.007730 0.010077
0.555301 0.988323 0.009883
0.556035 0.991508 0.009915
0.556769 1.005100 0.010051
0.557503 1.015370 0.010154
0.558238 1.002600 0.010026
0.558972 1.015900 0.010159
0.559706 1.015550 0.010155
0.560441 1.008130 0.010081
0.561175 0.995947 0.009959
0.561909 0.986013 0.009860
0.562643 1.002020 0.010020
0.563378 1.005820 0.010058
0.564112 0.998644 0.009986
0.564846 0.984432 0.009844
0.565581 1.005000 0.010050
0.566315 1.011410 0.010114
0.567049 1.015670 0.010157
0.567783 1.001100 0.010011
0.568518 1.003840 0.010038
0.569252 1.032450 0.010324
0.569986 0.985447 0.009854
0.570721 1.012570 0.010126
0.571455 1.015280 0.010153
0.572189 1.018890 0.010189
0.572923 0.974257 0.009743
0.573658 1.000360 0.010004
0.574392 1.006460 0.010065
0.575126 0.998886 0.009989
0.575860 0.998067 0.009981
0.576595 1.013050 0.010130
0.577329 0.993350 0.009933
0.578063 0.998785 0.009988
0.578798 1.028900 0.010289
0.579532 1.019450 0.010194
0.580266 0.986504 0.009865
0.581000 0.998676 0.009987
0.581735 1.002340 0.010023
0.582469 0.997772 0.009978
0.583203 0.987097 0.009871
0.583938 0.982269 0.009823
0.584672 0.986849 0.009868
0.585406 0.975695 0.009757
0.586140 1.030540 0.010305
0.586875 1.032710 0.010327
0.587609 0.985146 0.009851
0.588343 0.962760 0.009628
0.589077 1.003820 0.010038
0.589812 1.026840 0.010268
0.590546 1.032540 0.010325
0.591280 0.998140 0.009981
0.592015 0.993006 0.009930
0.592749 1.005530 0.010055
0.593483 1.009440 0.010094
0.594217 0.997377 0.009974
0.594952 0.990600 0.009906
0.595686 1.015540 0.010155
0.596420 1.021970 0.010220
0.597154 1.005400 0.010054
0.597889 0.999617 0.009996
0.598623 0.999334 0.009993
0.599357 0.997047 0.009970
0.600092 1.005160 0.010052
0.600826 0.991404 0.009914
0.601560 0.993154 0.009932
0.602294 1.000690 0.010007
0.603029 1.023520 0.010235
0.603763 1.025340 0.010253
0.604497 1.008640 0.010086
0.605232 1.008040 0.010080
0.605966 1.010950 0.010109
0.606700 1.008730 0.010087
0.607434 1.004880 0.010049
0.608169 1.011210 0.010112
0.608903 1.009630 0.010096
0.609637 1.018320 0.010183
0.610371 0.998598 0.009986
0.611106 0.997292 0.009973
0.611840 0.999120 0.009991
0.612574 1.000440 0.010004
0.613309 1.004810 0.010048
0.614043 1.007100 0.010071
0.614777 1.025270 0.010253
0.615511 1.005550 0.010056
0.616246 1.007940 0.010079
0.616980 1.022910 0.010229
0.617714 1.030000 0.010300
0.618449 1.026060 0.010261
0.619183 1.025250 0.010252
0.619917 1.027270 0.010273
0.620651 1.011110 0.010111
0.621386 1.008620 0.010086
0.622120 1.020760 0.010208
0.622854 0.998609 0.009986
0.623589 1.013680 0.010137
0.624323 1.018560 0.010186
0.625057 1.012920 0.010129
0.625791 1.029520 0.010295
0.626526 1.017930 0.010179
0.627260 0.998330 0.009983
0.627994 0.988494 0.009885
0.628728 1.000120 0.010001
0.629463 1.003240 0.010032
0.630197 1.018900 0.010189
0.630931 1.021110 0.010211
0.631666 1.032390 0.010324
0.632400 1.038830 0.010388
0.633134 1.034140 0.010341
0.633868 1.023150 0.010231
0.634603 1.016310 0.010163
0.635337 1.030720 0.010307
0.636071 1.023580 0.010236
0.636806 1.032500 0.010325
0.637540 1.035310 0.010353
0.638274 1.025630 0.010256
0.639008 1.014520 0.010145
0.639743 1.014860 0.010149
0.640477 1.022010 0.010220
0.641211 1.025630 0.010256
0.641945 1.036750 0.010367
0.642680 1.022410 0.010224
0.643414 1.018380 0.010184
0.644148 1.022590 0.010226
0.644883 1.020430 0.010204
0.645617 1.047090 0.010471
0.646351 1.032800 0.010328
0.647085 1.015680 0.010157
0.647820 0.996161 0.009962
0.648554 1.009790 0.010098
0.649288 1.020430 0.010204
0.650023 1.051740 0.010517
0.650757 1.044230 0.010442
0.651491 1.015390 0.010154
0.652225 1.020590 0.010206
0.652960 1.015370 0.010154
0.653694 1.013090 0.010131
0.654428 1.008820 0.010088
0.655162 1.005150 0.010051
0.655897 1.024820 0.010248
0.656631 1.024960 0.010250
0.657365 1.024960 0.010250
0.658100 1.035660 0.010357
0.658834 1.025180 0.010252
0.659568 1.040360 0.010404
0.660302 1.052360 0.010524
0.661037 1.038060 0.010381
0.661771 1.029610 0.010296
0.662505 1.022920 0.010229
0.663240 1.014620 0.010146
0.663974 1.031950 0.010319
0.664708 1.024960 0.010250
0.665442 1.026390 0.010264
0.666177 1.030450 0.010304
0.666911 1.037690 0.010377
0.667645 1.060780 0.010608
0.668379 1.039360 0.010394
0.669114 1.010620 0.010106
0.669848 1.023190 0.010232
0.670582 1.040000 0.010400
0.671317 1.015510 0.010155
0.672051 1.046690 0.010467
0.672785 1.044190 0.010442
0.673519 1.053920 0.010539
0.674254 1.028950 0.010289
0.674988 1.029430 0.010294
0.675722 1.043170 0.010432
0.676457 1.019000 0.010190
0.677191 1.034430 0.010344
0.677925 1.046490 0.010465
0.678659 1.030790 0.010308
0.679394 1.026610 0.010266
0.680128 1.044570 0.010446
0.680862 1.032570 0.010326
0.681596 1.038750 0.010388
0.682331 1.059270 0.010593
0.683065 1.053810 0.010538
0.683799 1.024420 0.010244
0.684534 1.050210 0.010502
0.685268 1.045570 0.010456
0.686002 1.045570 0.010456
0.686736 1.018990 0.010190
0.687471 1.048020 0.010480
0.688205 1.037660 0.010377
0.688939 1.030590 0.010306
0.689674 1.068250 0.010682
0.690408 1.033660 0.010337
0.691142 1.029980 0.010300
0.691876 1.050310 0.010503
0.692611 1.047980 0.010480
0.693345 1.061370 0.010614
0.694079 1.067570 0.010676
0.694813 1.058650 0.010587
0.695548 1.067860 0.010679
0.696282 1.036790 0.010368
0.697016 1.053100 0.010531
0.697751 1.059760 0.010598
0.698485 1.064020 0.010640
0.699219 1.069130 0.010691
0.699953 1.063370 0.010634
0.700688 1.045160 0.010452
0.701422 1.059390 0.010594
0.702156 1.084540 0.010845
0.702891 1.071960 0.010720
0.703625 1.051370 0.010514
0.704359 1.057880 0.010579
0.705093 1.062290 0.010623
0.705828 1.042940 0.010429
0.706562 1.049270 0.010493
0.707296 1.063120 0.010631
0.708030 1.055850 0.010558
0.708765 1.055770 0.010558
0.709499 1.056830 0.010568
0.710233 1.054280 0.010543
0.710968 1.047030 0.010470
0.711702 1.056730 0.010567
0.712436 1.057230 0.010572
0.713170 1.043810 0.010438
0.713905 1.053520 0.010535
0.714639 1.051080 0.010511
0.715373 1.021940 0.010219
0.716108 1.032010 0.010320
0.716842 1.054490 0.010545
0.717576 1.040040 0.010400
0.718310 1.051760 0.010518
0.719045 1.076710 0.010767
0.719779 1.067230 0.010672
0.720513 1.059020 0.010590
0.721248 1.062270 0.010623
0.721982 1.074360 0.010744
0.722716 1.073470 0.010735
0.723450 1.053870 0.010539
0.724185 1.060390 0.010604
0.724919 1.078540 0.010785
0.725653 1.054420 0.010544
0.726387 1.055790 0.010558
0.727122 1.070000 0.010700
0.727856 1.048970 0.010490
0.728590 1.043490 0.010435
0.729325 1.085210 0.010852
0.730059 1.093360 0.010934
0.730793 1.073190 0.010732
0.731527 1.056730 0.010567
0.732262 1.088550 0.010885
0.732996 1.075850 0.010758
0.733730 1.081020 0.010810
0.734465 1.084560 0.010846
0.735199 1.084730 0.010847
0.735933 1.074030 0.010740
0.736667 1.086190 0.010862
0.737402 1.063370 0.010634
0.738136 1.086570 0.010866
0.738870 1.081180 0.010812
0.739604 1.060080 0.010601
0.740339 1.068630 0.010686
0.741073 1.074900 0.010749
0.741807 1.100010 0.011000
0.742542 1.073860 0.010739
0.743276 1.097950 0.010979
0.744010 1.042400 0.010424
0.744744 1.096480 0.010965
0.745479 1.064840 0.010648
0.746213 1.038380 0.010384
0.746947 1.074680 0.010747
0.747681 1.091990 0.010920
0.748416 1.080490 0.010805
0.749150 1.047530 0.010475
0.749884 1.081350 0.010813
0.750619 1.054190 0.010542
0.751353 1.071570 0.010716
0.752087 1.061820 0.010618
0.752821 1.081600 0.010816
0.753556 1.077520 0.010775
0.754290 1.061410 0.010614
0.755024 1.075730 0.010757
0.755759 1.089060 0.010891
0.756493 1.093500 0.010935
0.757227 1.060120 0.010601
0.757961 1.077650 0.010776
0.758696 1.077650 0.010776
0.759430 1.077520 0.010775
0.760164 1.077650 0.010776
0.760898 1.080490 0.010805
0.761633 1.080960 0.010810
0.762367 1.080490 0.010805
0.763101 1.081440 0.010814
0.763836 1.081350 0.010813
0.764570 1.081440 0.010814
0.765304 1.115260 0.011153
0.766038 1.110400 0.011104
0.766773 1.094980 0.010950
0.767507 1.071590 0.010716
0.768241 1.070500 0.010705
0.768976 1.085750 0.010857
0.769710 1.088410 0.010884
0.770444 1.088360 0.010884
0.771178 1.077650 0.010776
0.771913 1.090830 0.010908
0.772647 1.076960 0.010770
0.773381 1.076030 0.010760
0.774116 1.080960 0.010810
0.774850 1.091390 0.010914
0.775584 1.090790 0.010908
0.776318 1.069810 0.010698
0.777053 1.083240 0.010832
0.777787 1.082220 0.010822
0.778521 1.082810 0.010828
0.779255 1.080700 0.010807
0.779990 1.074360 0.010744
0.780724 1.097020 0.010970
0.781458 1.060560 0.010606
0.782193 1.082340 0.010823
0.782927 1.071690 0.010717
0.783661 1.094690 0.010947
0.784395 1.079090 0.010791
0.785130 1.081210 0.010812
0.785864 1.082170 0.010822
0.786598 1.071400 0.010714
0.787333 1.080790 0.010808
0.788067 1.064140 0.010641
0.788801 1.087720 0.010877
0.789535 1.102890 0.011029
0.790270 1.105780 0.011058
0.791004 1.094940 0.010949
0.791738 1.104110 0.011041
0.792472 1.070040 0.010700
0.793207 1.080080 0.010801
0.793941 1.069440 0.010694
0.794675 1.115720 0.011157
0.795410 1.082340 0.010823
0.796144 1.083760 0.010838
0.796878 1.079350 0.010793
0.797612 1.075470 0.010755
0.798347 1.071100 0.010711
0.799081 1.078850 0.010789
0.799815 1.091310 0.010913
0.800550 1.096040 0.010960
0.801284 1.089130 0.010891
0.802018 1.080990 0.010810
0.802752 1.087200 0.010872
0.803487 1.089030 0.010890
0.804221 1.080730 0.010807
0.804955 1.082650 0.010826
0.805689 1.086130 0.010861
0.806424 1.084720 0.010847
0.807158 1.090000 0.010900
0.807892 1.096730 0.010967
0.808627 1.091870 0.010919
0.809361 1.084810 0.010848
0.810095 1.099820 0.010998
0.810829 1.102320 0.011023
0.811564 1.075530 0.010755
0.812298 1.072490 0.010725
0.813032 1.094900 0.010949
0.813767 1.096950 0.010970
0.814501 1.080590 0.010806
0.815235 1.061500 0.010615
0.815969 1.088410 0.010884
0.816704 1.096660 0.010967
0.817438 1.089620 0.010896
0.818172 1.084590 0.010846
0.818906 1.097520 0.010975
0.819641 1.082340 0.010823
0.820375 1.112890 0.011129
0.821109 1.060520 0.010605
0.821844 1.084280 0.010843
0.822578 1.088410 0.010884
0.823312 1.104940 0.011049
0.824046 1.081960 0.010820
0.824781 1.113410 0.011134
0.825515 1.085130 0.010851
0.826249 1.113550 0.011135
0.826983 1.118360 0.011184
0.827718 1.104220 0.011042
0.828452 1.094190 0.010942
0.829186 1.088750 0.010887
0.829921 1.082320 0.010823
0.830655 1.078770 0.010788
0.831389 1.090170 0.010902
0.832123 1.060750 0.010607
0.832858 1.061800 0.010618
0.833592 1.103650 0.011036
0.834326 1.087190 0.010872
0.835061 1.063960 0.010640
0.835795 1.060320 0.010603
0.836529 1.064290 0.010643
0.837263 1.071000 0.010710
0.837998 1.078210 0.010782
0.838732 1.084190 0.010842
0.839466 1.092740 0.010927
0.840200 1.110040 0.011100
0.840935 1.117010 0.011170
0.841669 1.104270 0.011043
0.842403 1.094640 0.010946
0.843138 1.094460 0.010945
0.843872 1.088810 0.010888
0.844606 1.095400 0.010954
0.845340 1.110710 0.011107
0.846075 1.077130 0.010771
0.846809 1.081790 0.010818
0.847543 1.095500 0.010955
0.848278 1.093260 0.010933
0.849012 1.084320 0.010843
0.849746 1.093260 0.010933
0.850480 1.093260 0.016399
0.851215 1.127850 0.016918
0.851949 1.101040 0.016516
0.852683 1.105220 0.016578
0.853417 1.094640 0.016420
0.854152 1.094790 0.016422
0.854886 1.094640 0.016420
0.855620 1.094460 0.016417
0.856355 1.111990 0.016680
0.857089 1.066940 0.016004
0.857823 1.082010 0.016230
0.858558 1.079320 0.016190
0.859292 1.098480 0.016477
0.860026 1.098480 0.016477
0.860760 1.067460 0.016012
0.861495 1.119960 0.016799
0.862229 1.082790 0.016242
0.862963 1.051050 0.015766
0.863697 1.089320 0.016340
0.864432 1.070680 0.016060
0.865166 1.092700 0.016391
0.865900 1.087900 0.016319
0.866635 1.092700 0.016391
0.867369 1.092700 0.016391
0.868103 1.098530 0.016478
0.868837 1.085080 0.016276
0.869572 1.083790 0.016257
0.870306 1.085080 0.016276
0.871040 1.097780 0.016467
0.871775 1.081510 0.016223
0.872509 1.079460 0.016192
0.873243 1.089320 0.016340
0.873977 1.086910 0.016304
0.874712 1.105210 0.016578
0.875446 1.117300 0.016759
0.876180 1.114100 0.016711
0.876914 1.098910 0.016484
0.877649 1.085020 0.016275
0.878383 1.092700 0.016391
0.879117 1.093980 0.016410
0.879852 1.103690 0.016555
0.880586 1.113280 0.016699
0.881320 1.113430 0.016701
0.882054 1.134540 0.017018
0.882789 1.079020 0.016185
0.883523 1.070740 0.016061
0.884257 1.076730 0.016151
0.884992 1.112990 0.016695
0.885726 1.099200 0.016488
0.886460 1.061000 0.015915
0.887194 1.124790 0.016872
0.887929 1.108900 0.016633
0.888663 1.075440 0.016132
0.889397 1.133920 0.017009
0.890131 1.100940 0.016514
0.890866 1.100940 0.016514
0.891600 1.100940 0.016514
0.892334 1.107080 0.016606
0.893069 1.103100 0.016546
0.893803 1.108970 0.016635
0.894537 1.099940 0.016499
0.895271 1.115090 0.016726
0.896006 1.084810 0.016272
0.896740 1.066030 0.015990
0.897474 1.075050 0.016126
0.898208 1.077080 0.016156
0.898943 1.078150 0.016172
0.899677 1.104510 0.016568
0.900411 1.090790 0.016362
0.901146 1.101230 0.016518
0.901880 1.138500 0.017078
0.902614 1.104510 0.016568
0.903348 1.115420 0.016731
0.904083 1.100990 0.016515
0.904817 1.105830 0.016587
0.905551 1.099310 0.016490
0.906286 1.093880 0.016408
0.907020 1.108900 0.016633
0.907754 1.121240 0.016819
0.908488 1.118240 0.016774
0.909223 1.118980 0.016785
0.909957 1.109250 0.016639
0.910691 1.114860 0.016723
0.911425 1.099510 0.016493
0.912160 1.116970 0.016755
0.912894 1.122640 0.016840
0.913628 1.130370 0.016956
0.914363 1.115860 0.016738
0.915097 1.081840 0.016228
0.915831 1.126110 0.016892
0.916565 1.098810 0.016482
0.917300 1.096970 0.016455
0.918034 1.114860 0.016723
0.918768 1.153900 0.017308
0.919503 1.127660 0.016915
0.920237 1.142100 0.017131
0.920971 1.121110 0.016817
0.921705 1.124810 0.016872
0.922440 1.111660 0.016675
0.923174 1.118770 0.016782
0.923908 1.136270 0.017044
0.924642 1.137080 0.017056
0.925377 1.104810 0.016572
0.926111 1.117890 0.016768
0.926845 1.117890 0.016768
0.927580 1.117890 0.016768
0.928314 1.110420 0.016656
0.929048 1.094330 0.016415
0.929782 1.082920 0.016244
0.930517 1.081730 0.016226
0.931251 1.111660 0.016675
0.931985 1.087790 0.016317
0.932720 1.111660 0.016675
0.933454 1.098950 0.016484
0.934188 1.098470 0.016477
0.934922 1.093090 0.016396
0.935657 1.098120 0.016472
0.936391 1.128200 0.016923
0.937125 1.129170 0.016938
0.937859 1.125440 0.016882
0.938594 1.106350 0.016595
0.939328 1.106350 0.016595
0.940062 1.086350 0.016295
0.940797 1.104700 0.016570
0.941531 1.145340 0.017180
0.942265 1.112940 0.016694
0.942999 1.077050 0.016156
0.943734 1.091900 0.016378
0.944468 1.089500 0.016342
0.945202 1.113490 0.016702
0.945937 1.120270 0.016804
0.946671 1.142360 0.017135
0.947405 1.113490 0.016702
0.948139 1.106590 0.016599
0.948874 1.090030 0.016350
0.949608 1.125680 0.016885
0.950342 1.125440 0.016882
0.951076 1.138030 0.017070
0.951811 1.106350 0.016595
0.952545 1.135200 0.017028
0.953279 1.140800 0.017112
0.954014 1.158800 0.017382
0.954748 1.122680 0.016840
0.955482 1.112640 0.016690
0.956216 1.132660 0.016990
0.956951 1.089020 0.016335
0.957685 1.120270 0.016804
0.958419 1.113490 0.016702
0.959154 1.149810 0.017247
0.959888 1.122680 0.016840
0.960147 1.151880 0.017278
0.960836 1.172600 0.017589
0.961525 1.143300 0.017150
0.962214 1.171150 0.017567
0.962904 1.171620 0.017574
0.963593 1.134800 0.017022
0.964282 1.090050 0.016351
0.964971 1.134630 0.017019
0.965660 1.165000 0.017475
0.966349 1.160230 0.017403
0.967038 1.168230 0.017523
0.967727 1.148290 0.017224
0.968416 1.146610 0.017199
0.969105 1.144360 0.017165
0.969794 1.141780 0.017127
0.970483 1.147140 0.017207
0.971172 1.150650 0.017260
0.971861 1.140890 0.017113
0.972550 1.144240 0.017164
0.973239 1.161140 0.017417
0.973929 1.175200 0.017628
0.974618 1.166080 0.017491
0.975307 1.149580 0.017244
0.975996 1.163770 0.017457
0.976685 1.143320 0.017150
0.977374 1.119450 0.016792
0.978063 1.159970 0.017400
0.978752 1.121500 0.016823
0.979441 1.150240 0.017254
0.980130 1.154930 0.017324
0.980819 1.142670 0.017140
0.981508 1.141410 0.017121
0.982197 1.146110 0.017192
0.982886 1.128100 0.016921
0.983575 1.118410 0.016776
0.984264 1.151990 0.017280
0.984954 1.145990 0.017190
0.985643 1.156770 0.017352
0.986332 1.162090 0.017431
0.987021 1.160350 0.017405
0.987710 1.169840 0.017548
0.988399 1.156120 0.017342
0.989088 1.160710 0.017411
0.989777 1.160850 0.017413
0.990466 1.146510 0.017198
0.991155 1.140000 0.017100
0.991844 1.134300 0.017014
0.992533 1.139970 0.017100
0.993222 1.143900 0.017159
0.993911 1.137550 0.017063
0.994600 1.165720 0.017486
0.995289 1.138850 0.017083
0.995979 1.144450 0.017167
0.996668 1.138750 0.017081
0.997357 1.148300 0.017224
0.998046 1.151720 0.017276
0.998735 1.141860 0.017128
0.999424 1.132830 0.016992
1.000110 1.161830 0.017427
1.000800 1.154040 0.017311
1.001490 1.144570 0.017169
1.002180 1.139410 0.017091
1.002870 1.144060 0.017161
1.003560 1.165840 0.017488
1.004250 1.147930 0.017219
1.004940 1.160130 0.017402
1.005630 1.161660 0.017425
1.006310 1.135820 0.017037
1.007000 1.131040 0.016966
1.007690 1.131300 0.016970
1.008380 1.146200 0.017193
1.009070 1.149570 0.017244
1.009760 1.141750 0.017126
1.010450 1.163280 0.017449
1.011140 1.147000 0.017205
1.011830 1.155940 0.017339
1.012520 1.127180 0.016908
1.013210 1.150380 0.017256
1.013890 1.142530 0.017138
1.014580 1.144070 0.017161
1.015270 1.143030 0.017145
1.015960 1.153640 0.017305
1.016650 1.147610 0.017214
1.017340 1.158270 0.017374
1.018030 1.173940 0.017609
1.018720 1.145550 0.017183
1.019410 1.163420 0.017451
1.020100 1.169600 0.017544
1.020780 1.158940 0.017384
1.021470 1.158910 0.017384
1.022160 1.146750 0.017201
1.022850 1.162410 0.017436
1.023540 1.155520 0.017333
1.024230 1.134110 0.017012
1.024920 1.168720 0.017531
1.025610 1.166420 0.017496
1.026300 1.167410 0.017511
1.026990 1.171200 0.017568
1.027680 1.154430 0.017316
1.028360 1.162110 0.017432
1.029050 1.158510 0.017378
1.029740 1.149730 0.017246
1.030430 1.143620 0.017154
1.031120 1.153170 0.017298
1.031810 1.161160 0.017417
1.032500 1.174900 0.017624
1.033190 1.160920 0.017414
1.033880 1.161740 0.017426
1.034570 1.174860 0.017623
1.035260 1.163310 0.017450
1.035940 1.142320 0.017135
1.036630 1.154540 0.017318
1.037320 1.164450 0.017467
1.038010 1.154150 0.017312
1.038700 1.155440 0.017332
1.039390 1.167410 0.017511
1.040080 1.169520 0.017543
1.040770 1.168860 0.017533
1.041460 1.159920 0.017399
1.042150 1.182000 0.017730
1.042830 1.191740 0.017876
1.043520 1.180040 0.017701
1.044210 1.188390 0.017826
1.044900 1.157400 0.017361
1.045590 1.202580 0.018039
1.046280 1.194490 0.017917
1.046970 1.173890 0.017608
1.047660 1.173990 0.017610
1.048350 1.166790 0.017502
1.049040 1.175550 0.017633
1.049730 1.159690 0.017395
1.050410 1.163860 0.017458
1.051100 1.163770 0.017457
1.051790 1.173850 0.017608
1.052480 1.175710 0.017636
1.053170 1.167850 0.017518
1.053860 1.166460 0.017497
1.054550 1.162470 0.017437
1.055240 1.177030 0.017655
1.055930 1.183870 0.017758
1.056620 1.168970 0.017535
1.057310 1.166970 0.017505
1.057990 1.156850 0.017353
1.058680 1.163970 0.017460
1.059370 1.170580 0.017559
1.060060 1.168630 0.017529
1.060750 1.185660 0.017785
1.061440 1.184580 0.017769
1.062130 1.146640 0.017200
1.062820 1.175210 0.017628
1.063510 1.175220 0.017628
1.064200 1.166040 0.017491
1.064880 1.168350 0.017525
1.065570 1.165650 0.017485
1.066260 1.174720 0.017621
1.066950 1.200540 0.018008
1.067640 1.176570 0.017649
1.068330 1.189530 0.017843
1.069020 1.192630 0.017889
1.069710 1.170950 0.017564
1.070400 1.147980 0.017220
1.071090 1.150060 0.017251
1.071780 1.166500 0.017497
1.072460 1.175560 0.017633
1.073150 1.167300 0.017509
1.073840 1.179150 0.017687
1.074530 1.143050 0.017146
1.075220 1.156170 0.017343
1.075910 1.177910 0.017669
1.076600 1.163470 0.017452
1.077290 1.183430 0.017751
1.077980 1.184880 0.017773
1.078670 1.171990 0.017580
1.079360 1.161570 0.017424
1.080040 1.162620 0.017439
1.080730 1.160210 0.017403
1.081420 1.205730 0.018086
1.082110 1.195440 0.017932
1.082800 1.190650 0.017860
1.083490 1.214150 0.018212
1.084180 1.192080 0.017881
1.084870 1.166650 0.017500
1.085560 1.194080 0.017911
1.086250 1.188180 0.017823
1.086930 1.179940 0.017699
1.087620 1.167710 0.017516
1.088310 1.158270 0.017374
1.089000 1.182290 0.017734
1.089690 1.181300 0.017719
1.090380 1.182640 0.017740
1.091070 1.189500 0.017842
1.091760 1.196830 0.017952
1.092450 1.181580 0.017724
1.093140 1.194830 0.017922
1.093830 1.206010 0.018090
1.094510 1.210580 0.018159
1.095200 1.190050 0.017851
1.095890 1.163660 0.017455
1.096580 1.176650 0.017650
1.097270 1.171570 0.017574
1.097960 1.177000 0.017655
1.098650 1.183690 0.017755
1.099340 1.169120 0.017537
1.100030 1.158970 0.017385
1.100720 1.176540 0.017648
1.101410 1.173080 0.017596
1.102090 1.176230 0.017643
1.102780 1.188320 0.017825
1.103470 1.173630 0.017604
1.104160 1.159710 0.017396
1.104850 1.161920 0.017429
1.105540 1.172050 0.017581
1.106230 1.163460 0.017452
1.106920 1.169760 0.017546
1.107610 1.189130 0.017837
1.108300 1.174780 0.017622
1.108990 1.190580 0.017859
1.109670 1.179990 0.017700
1.110360 1.184540 0.017768
1.111050 1.198110 0.017972
1.111740 1.188360 0.017825
1.112430 1.187750 0.017816
1.113120 1.180040 0.017701
1.113810 1.204180 0.018063
1.114500 1.161020 0.017415
1.115190 1.154020 0.017310
1.115880 1.191510 0.017873
1.116560 1.190890 0.017863
1.117250 1.229800 0.018447
1.117940 1.145630 0.017184
1.118630 1.139200 0.017088
1.119320 1.169580 0.017544
1.120010 1.160830 0.017412
1.120700 1.157630 0.017364
1.121390 1.135630 0.017034
1.122080 1.174600 0.017619
1.122770 1.214960 0.018224
1.123460 1.174670 0.017620
1.124140 1.136320 0.017045
1.124830 1.125150 0.016877
1.125520 1.148390 0.017226
1.126210 1.229400 0.018441
1.126900 1.154420 0.017316
1.127590 1.118520 0.016778
1.128280 1.180830 0.017712
1.128970 1.189700 0.017846
1.129660 1.184250 0.017764
1.130350 1.194610 0.017919
1.131040 1.148700 0.017230
1.131720 1.148470 0.017227
1.132410 1.179780 0.017697
1.133100 1.210830 0.018162
1.133790 1.259700 0.018895
1.134480 1.184540 0.017768
1.135170 1.186030 0.017790
1.135860 1.164020 0.017460
1.136550 1.188320 0.017825
1.137240 1.187750 0.017816
1.137930 1.149720 0.017246
1.138610 1.195160 0.017927
1.139300 1.190930 0.017864
1.139990 1.191820 0.017877
1.140680 1.197580 0.017964
1.141370 1.211950 0.018179
1.142060 1.194790 0.017922
1.142750 1.160120 0.017402
1.143440 1.164920 0.017474
1.144130 1.212240 0.018184
1.144820 1.245440 0.018682
1.145510 1.204640 0.018070
1.146190 1.195180 0.017928
1.146880 1.211840 0.018178
1.147570 1.201840 0.018028
1.148260 1.130560 0.016958
1.148950 1.140050 0.017101
1.149640 1.183860 0.017758
1.150330 1.195450 0.017932
1.151020 1.173670 0.017605
1.151710 1.173130 0.017597
1.152400 1.172610 0.017589
1.153090 1.218510 0.018278
1.153770 1.173170 0.017598
1.154460 1.179270 0.017689
1.155150 1.206600 0.018099
1.155840 1.204180 0.018063
1.156530 1.186030 0.017790
1.157220 1.152660 0.017290
1.157910 1.184140 0.017762
1.158600 1.191800 0.017877
1.159290 1.197510 0.017963
1.159980 1.207880 0.018118
1.160660 1.214760 0.018221
1.161350 1.221210 0.018318
1.162040 1.205900 0.018088
1.162730 1.183310 0.017750
1.163420 1.192190 0.017883
1.164110 1.214760 0.018221
1.164800 1.191790 0.017877
1.165490 1.208140 0.018122
1.166180 1.213010 0.018195
1.166870 1.201290 0.018019
1.167560 1.191610 0.017874
1.168240 1.201680 0.018025
1.168930 1.192730 0.017891
1.169620 1.213180 0.018198
1.170310 1.192590 0.017889
1.171000 1.185280 0.017779
1.171690 1.202610 0.018039
1.172380 1.222070 0.018331
1.173070 1.209320 0.018140
1.173760 1.202870 0.018043
1.174450 1.219190 0.018288
1.175140 1.222880 0.018343
1.175820 1.224880 0.018373
1.176510 1.204980 0.018075
1.177200 1.213670 0.018205
1.177890 1.227260 0.018409
1.178580 1.223980 0.018360
1.179270 1.221340 0.018320
1.179960 1.199610 0.017994
1.180650 1.216430 0.018246
1.181340 1.229790 0.018447
1.182030 1.258550 0.018878
1.182710 1.260990 0.018915
1.183400 1.233450 0.018502
1.184090 1.223470 0.018352
1.184780 1.232370 0.018486
1.185470 1.224000 0.018360
1.186160 1.224850 0.018373
1.186850 1.222780 0.018342
1.187540 1.227580 0.018414
1.188230 1.233650 0.018505
1.188920 1.226450 0.018397
1.189610 1.207200 0.018108
1.190290 1.202030 0.018030
1.190980 1.206520 0.018098
1.191670 1.218630 0.018279
1.192360 1.223620 0.018354
1.193050 1.205960 0.018089
1.193740 1.210440 0.018157
1.194430 1.205720 0.018086
1.195120 1.216090 0.018241
1.195810 1.220070 0.018301
1.196500 1.207170 0.018108
1.197190 1.210450 0.018157
1.197870 1.223490 0.018352
1.198560 1.246380 0.018696
1.199250 1.247560 0.018713
1.199940 1.242150 0.018632
1.200630 1.223560 0.018353
1.201320 1.210310 0.018155
1.202010 1.215670 0.018235
1.202700 1.224060 0.018361
1.203390 1.216820 0.018252
1.204080 1.232810 0.018492
1.204760 1.214330 0.018215
1.205450 1.212640 0.018190
1.206140 1.216690 0.018250
1.206830 1.226040 0.018391
1.207520 1.226060 0.018391
1.208210 1.229880 0.018448
1.208900 1.245200 0.018678
1.209590 1.221960 0.018329
1.210280 1.220920 0.018314
1.210970 1.223010 0.018345
1.211660 1.227440 0.018412
1.212340 1.234260 0.018514
1.213030 1.209170 0.018138
1.213720 1.246990 0.018705
1.214410 1.262560 0.018938
1.215100 1.214530 0.018218
1.215790 1.200920 0.018014
1.216480 1.218590 0.018279
1.217170 1.244730 0.018671
1.217860 1.242860 0.018643
1.218550 1.230430 0.018456
1.219240 1.219700 0.018295
1.219920 1.214230 0.018213
1.220610 1.232250 0.018484
1.221300 1.241370 0.018621
1.221990 1.238060 0.018571
1.222680 1.233950 0.018509
1.223370 1.225340 0.018380
1.224060 1.212000 0.018180
1.224750 1.210030 0.018150
1.225440 1.218310 0.018275
1.226130 1.203360 0.018050
1.226810 1.227330 0.018410
1.227500 1.221160 0.018317
1.228190 1.222300 0.018335
1.228880 1.220920 0.018314
1.229570 1.212790 0.018192
1.230260 1.206310 0.018095
1.230950 1.193690 0.017905
1.231640 1.230160 0.018452
1.232330 1.242600 0.018639
1.233020 1.215270 0.018229
1.233710 1.245380 0.018681
1.234390 1.230340 0.018455
1.235080 1.226900 0.018403
1.235770 1.260310 0.018905
1.236460 1.244910 0.018674
1.237150 1.233830 0.018507
1.237840 1.225060 0.018376
1.238530 1.237960 0.018569
1.239220 1.237600 0.018564
1.239910 1.220500 0.018307
1.240600 1.224200 0.018363
1.241290 1.232690 0.018490
1.241970 1.226120 0.018392
1.242660 1.244740 0.018671
1.243350 1.233840 0.018508
1.244040 1.237740 0.018566
1.244730 1.216210 0.018243
1.245420 1.197240 0.017959
1.246110 1.214850 0.018223
1.246800 1.242550 0.018638
1.247490 1.196100 0.017941
1.248180 1.242520 0.018638
1.248870 1.250750 0.018761
1.249550 1.243790 0.018657
1.250240 1.215600 0.018234
1.250930 1.245320 0.018680
1.251620 1.250640 0.018760
1.252310 1.241350 0.018620
1.253000 1.236050 0.018541
1.253690 1.244490 0.018667
1.254380 1.186950 0.017804
1.255070 1.221460 0.018322
1.255760 1.256110 0.018842
1.256440 1.238620 0.018579
1.257130 1.232270 0.018484
1.257820 1.242070 0.018631
1.258510 1.252020 0.018780
1.259200 1.246920 0.018704
1.259890 1.236540 0.018548
1.260580 1.229950 0.018449
1.261270 1.238910 0.018584
1.261960 1.246230 0.018693
1.262650 1.248910 0.018734
1.263340 1.229990 0.018450
1.264020 1.216190 0.018243
1.264710 1.235310 0.018530
1.265400 1.260460 0.018907
1.266090 1.261830 0.018927
1.266780 1.250450 0.018757
1.267470 1.248710 0.018731
1.268160 1.264050 0.018961
1.268850 1.272290 0.019084
1.269540 1.237110 0.018557
1.270230 1.220000 0.018300
1.270920 1.238200 0.018573
1.271600 1.237730 0.018566
1.272290 1.228440 0.018427
1.272980 1.219280 0.018289
1.273670 1.239900 0.018598
1.274360 1.253470 0.018802
1.275050 1.240760 0.018611
1.275740 1.246850 0.018703
1.276430 1.242330 0.018635
1.277120 1.254940 0.018824
1.277810 1.256820 0.018852
1.278490 1.247420 0.018711
1.279180 1.267870 0.019018
1.279870 1.281990 0.019230
1.280560 1.255950 0.018839
1.281250 1.245210 0.018678
1.281940 1.311700 0.019675
1.282630 1.309960 0.019649
1.283320 1.252280 0.018784
1.284010 1.216180 0.018243
1.284700 1.247710 0.018716
1.285390 1.231430 0.018471
1.286070 1.243910 0.018659
1.286760 1.246550 0.018698
1.287450 1.262590 0.018939
1.288140 1.262000 0.018930
1.288830 1.277180 0.019158
1.289520 1.258620 0.018879
1.290210 1.252860 0.018793
1.290900 1.253390 0.018801
1.291590 1.276640 0.019150
1.292280 1.263390 0.018951
1.292970 1.244050 0.018661
1.293650 1.252270 0.018784
1.294340 1.258900 0.018884
1.295030 1.259260 0.018889
1.295720 1.255020 0.018825
1.296410 1.244130 0.018662
1.297100 1.253630 0.018804
1.297790 1.268010 0.019020
1.298480 1.267380 0.019011
1.299170 1.262380 0.018936
1.299860 1.237620 0.018564
1.300540 1.242450 0.018637
1.301230 1.267510 0.019013
1.301920 1.263890 0.018958
1.302610 1.270020 0.019050
1.303300 1.251840 0.018778
1.303990 1.263410 0.018951
1.304680 1.284250 0.019264
1.305370 1.268170 0.019023
1.306060 1.277080 0.019156
1.306750 1.294910 0.019424
1.307440 1.273400 0.019101
1.308120 1.251970 0.018780
1.308810 1.266350 0.018995
1.309500 1.278550 0.019178
1.310190 1.247520 0.018713
1.310880 1.256980 0.018855
1.311570 1.239520 0.018593
1.312260 1.250170 0.018753
1.312950 1.276430 0.019146
1.313640 1.276860 0.019153
1.314330 1.233830 0.018507
1.315020 1.240450 0.018607
1.315700 1.258620 0.018879
1.316390 1.255150 0.018827
1.317080 1.247790 0.018717
1.317770 1.238990 0.018585
1.318460 1.252310 0.018785
1.319150 1.259800 0.018897
1.319840 1.272790 0.019092
1.320530 1.273460 0.019102
1.321220 1.253330 0.018800
1.321910 1.242920 0.018644
1.322590 1.243620 0.018654
1.323280 1.249590 0.018744
1.323970 1.248580 0.018729
1.324660 1.248200 0.018723
1.325350 1.248770 0.018732
1.326040 1.244780 0.018672
1.326730 1.246310 0.018695
1.327420 1.248960 0.018734
1.328110 1.252720 0.018791
1.328800 1.278150 0.019172
1.329490 1.287700 0.019315
1.330170 1.266970 0.019005
1.330860 1.238050 0.018571
1.331550 1.240260 0.018604
1.332240 1.276620 0.019149
1.332930 1.276280 0.019144
1.333620 1.233960 0.018509
1.334310 1.216560 0.018248
1.335000 1.239560 0.018593
1.335690 1.229650 0.018445
1.336380 1.283620 0.019254
1.337070 1.270290 0.019054
1.337750 1.250950 0.018764
1.338440 1.242710 0.018641
1.339130 1.245360 0.018680
1.339820 1.247290 0.018709
1.340510 1.285290 0.025706
1.341200 1.281190 0.025624
1.341890 1.270120 0.025402
1.342580 1.254550 0.025091
1.343270 1.216490 0.024330
1.343960 1.265200 0.025304
1.344640 1.313440 0.026269
1.345330 1.281700 0.025634
1.346020 1.242290 0.024846
1.346710 1.221500 0.024430
1.347400 1.237740 0.024755
1.348090 1.248580 0.024972
1.348780 1.248770 0.024975
1.349470 1.247700 0.024954
1.350160 1.176180 0.023524
1.350850 1.237140 0.024743
1.351540 1.282890 0.025658
1.352220 1.253020 0.025060
1.352910 1.258450 0.025169
1.353600 1.326810 0.026536
1.354290 1.303060 0.026061
1.354980 1.247290 0.024946
1.355670 1.246310 0.024926
1.356360 1.246310 0.024926
1.357050 1.246310 0.024926
1.357740 1.245360 0.024907
1.358430 1.320200 0.026404
1.359120 1.175200 0.023504
1.359800 1.265970 0.025319
1.360490 1.243420 0.024868
1.361180 1.222540 0.024451
1.361870 1.242710 0.024854
1.362560 1.242710 0.024854
1.363250 1.242710 0.024854
1.363940 1.242290 0.024846
1.364630 1.155210 0.023104
1.365320 1.240260 0.024805
1.366010 1.242290 0.024846
1.366690 1.242290 0.024846
1.367380 1.242290 0.024846
1.368070 1.242710 0.024854
1.368760 1.242710 0.024854
1.369450 1.161630 0.023233
1.370140 1.242710 0.024854
1.370830 1.242710 0.024854
1.371520 1.242710 0.024854
1.372210 1.328160 0.026563
1.372900 1.237740 0.024755
1.373590 1.237740 0.024755
1.374270 1.237740 0.024755
1.374960 1.237140 0.024743
1.375650 1.223740 0.024475
1.376340 1.163620 0.023272
1.377030 1.223740 0.024475
1.377720 1.223740 0.024475
1.378410 1.223740 0.024475
1.379100 1.243420 0.024868
1.379790 1.263850 0.025277
1.380480 1.251500 0.025030
1.381170 1.242540 0.024851
1.381850 1.222540 0.024451
1.382540 1.266480 0.025330
1.383230 1.237760 0.024755
1.383920 1.245080 0.024902
1.384610 1.267760 0.025355
1.385300 1.237760 0.024755
1.385990 1.224580 0.024492
1.386680 1.220820 0.024416
1.387370 1.245080 0.024902
1.388060 1.260550 0.025211
1.388750 1.226420 0.024528
1.389430 1.205080 0.024102
1.390120 1.226390 0.024528
1.390810 1.244010 0.024880
1.391500 1.255690 0.025114
1.392190 1.261580 0.025232
1.392880 1.277760 0.025555
1.393570 1.253030 0.025061
1.394260 1.207760 0.024155
1.394950 1.256910 0.025138
1.395640 1.249520 0.024990
1.396320 1.247760 0.024955
1.397010 1.225080 0.024502
1.397700 1.207760 0.024155
1.398390 1.229520 0.024590
1.399080 1.239630 0.024793
1.399770 1.209630 0.024193
1.400460 1.209630 0.024193
1.401150 1.246480 0.024930
1.401840 1.223740 0.024475
1.402530 1.216480 0.024330
1.403220 1.216480 0.024330
1.403900 1.223740 0.024475
1.404590 1.312560 0.026251
1.405280 1.227490 0.024550
1.405970 1.216480 0.024330
1.406660 1.223740 0.024475
1.407350 1.266020 0.025320
1.408040 1.273880 0.025478
1.408730 1.238350 0.024767
1.409420 1.207760 0.024155
1.410110 1.238970 0.024779
1.410800 1.227490 0.024550
1.411480 1.238970 0.024779
1.412170 1.238970 0.024779
1.412860 1.243420 0.024868
1.413550 1.239950 0.024799
1.414240 1.238970 0.024779
1.414930 1.238350 0.024767
1.415620 1.235330 0.024707
1.416310 1.162920 0.023258
1.417000 1.151050 0.023021
1.417690 1.192810 0.023856
1.418370 1.251630 0.025033
1.419060 1.238350 0.024767
1.419750 1.238970 0.024779
1.420440 1.238970 0.024779
1.421130 1.196420 0.023928
1.421820 1.241690 0.024834
1.422510 1.251630 0.025033
1.423200 1.292210 0.025844
1.423890 1.251630 0.025033
1.424580 1.311760 0.026235
1.425270 1.209520 0.024190
1.425950 1.259760 0.025195
1.426640 1.209630 0.024193
1.427330 1.202290 0.024046
1.428020 1.342110 0.026842
1.428710 1.259760 0.025195
1.429400 1.333640 0.026673
1.430090 1.192690 0.023854
1.430780 1.262540 0.025251
1.431470 1.280530 0.025611
1.432160 1.262540 0.025251
1.432850 1.263610 0.025272
1.433530 1.238350 0.024767
1.434220 1.208880 0.024178
1.434910 1.263610 0.025272
1.435600 1.239950 0.024799
1.436290 1.203640 0.024073
1.436980 1.253800 0.025076
1.437670 1.335190 0.026704
1.438360 1.336630 0.026733
1.439050 1.201950 0.024039
1.439740 1.215580 0.024312
1.440420 1.287290 0.025746
1.441110 1.223410 0.024468
1.441800 1.268380 0.025368
1.442490 1.277090 0.025542
1.443180 1.282720 0.025654
1.443870 1.196750 0.023935
1.444560 1.201500 0.024030
1.445250 1.270750 0.025415
1.445940 1.271980 0.025440
1.446630 1.342440 0.026849
1.447320 1.235330 0.024707
1.448000 1.189240 0.023785
1.448690 1.195450 0.023909
1.449380 1.214390 0.024288
1.450070 1.272840 0.025457
1.450760 1.272840 0.025457
1.451450 1.274040 0.025481
1.452140 1.306330 0.026127
1.452830 1.203980 0.024080
1.453520 1.241690 0.024834
1.454210 1.233000 0.024660
1.454900 1.259760 0.025195
1.455580 1.329840 0.026597
1.456270 1.306890 0.026138
1.456960 1.243600 0.024872
1.457650 1.284860 0.025697
1.458340 1.262540 0.025251
1.459030 1.248700 0.024974
1.459720 1.286110 0.025722
1.460410 1.325840 0.026517
1.461100 1.345660 0.026913
1.461790 1.319920 0.026398
1.462470 1.247970 0.024959
1.463160 1.272670 0.025453
1.463850 1.325350 0.026507
1.464540 1.272290 0.025446
1.465230 1.252340 0.025047
1.465920 1.339650 0.026793
1.466610 1.343230 0.026865
1.467300 1.288260 0.025765
1.467990 1.288160 0.025763
1.468680 1.242250 0.024845
1.469370 1.238710 0.024774
1.470050 1.305050 0.026101
1.470740 1.347410 0.026948
1.471430 1.293830 0.025877
1.472120 1.321110 0.026422
1.472810 1.256120 0.025122
1.473500 1.268270 0.025365
1.474190 1.264210 0.025284
1.474880 1.211910 0.024238
1.475570 1.238500 0.024770
1.476260 1.289460 0.025789
1.476950 1.313150 0.026263
1.477630 1.319060 0.026381
1.478320 1.304130 0.026083
1.479010 1.271980 0.025440
1.479700 1.274040 0.025481
1.480390 1.326200 0.026524
1.481080 1.341650 0.026833
1.481770 1.305430 0.026109
1.482460 1.306500 0.026130
1.483150 1.320620 0.026412
1.483840 1.235440 0.024709
1.484520 1.293170 0.025863
1.485210 1.331820 0.026636
1.485900 1.281350 0.025627
1.486590 1.320530 0.026411
1.487280 1.297900 0.025958
1.487970 1.348220 0.026964
1.488660 1.336970 0.026739
1.489350 1.289450 0.025789
1.490040 1.279050 0.025581
1.490730 1.264970 0.025299
1.491420 1.275890 0.025518
1.492100 1.298850 0.025977
1.492790 1.294800 0.025896
1.493480 1.286210 0.025724
1.494170 1.288180 0.025764
1.494860 1.293830 0.025877
1.495550 1.323070 0.026461
1.496240 1.352030 0.027041
1.496930 1.323330 0.026467
1.497620 1.318770 0.026375
1.498310 1.295240 0.025905
1.499000 1.304500 0.026090
1.499680 1.314690 0.026294
1.500190 1.310610 0.026212
1.501210 1.320450 0.026409
1.502230 1.319310 0.026386
1.503250 1.313580 0.026272
1.504270 1.358520 0.027170
1.505290 1.332330 0.026647
1.506310 1.325780 0.026516
1.507330 1.319200 0.026384
1.508350 1.351900 0.027038
1.509370 1.350280 0.027006
1.510390 1.341320 0.026826
1.511410 1.372710 0.027454
1.512430 1.345190 0.026904
1.513450 1.348470 0.026969
1.514470 1.348850 0.026977
1.515490 1.315460 0.026309
1.516510 1.352780 0.027056
1.517530 1.374610 0.027492
1.518550 1.367220 0.027344
1.519570 1.357730 0.027155
1.520590 1.334440 0.020017
1.521610 1.334540 0.020018
1.522630 1.335280 0.020029
1.523650 1.312630 0.019689
1.524670 1.332110 0.019982
1.525690 1.347090 0.020206
1.526710 1.352950 0.020294
1.527730 1.357400 0.020361
1.528750 1.330490 0.019957
1.529770 1.352680 0.020290
1.530790 1.345340 0.020180
1.531810 1.346960 0.020204
1.532830 1.370540 0.020558
1.533850 1.343670 0.020155
1.534870 1.365840 0.020488
1.535890 1.359630 0.020394
1.536910 1.348330 0.020225
1.537930 1.333680 0.020005
1.538950 1.322630 0.019839
1.539970 1.327360 0.019910
1.540980 1.322220 0.019833
1.542000 1.325900 0.019888
1.543020 1.329000 0.019935
1.544040 1.313090 0.019696
1.545060 1.365000 0.020475
1.546080 1.363060 0.020446
1.547100 1.341960 0.020129
1.548120 1.330500 0.019957
1.549140 1.344890 0.020173
1.550160 1.350200 0.020253
1.551180 1.348610 0.020229
1.552200 1.354350 0.020315
1.553220 1.344610 0.020169
1.554240 1.353050 0.020296
1.555260 1.368470 0.020527
1.556280 1.358790 0.020382
1.557300 1.337840 0.020068
1.558320 1.332350 0.019985
1.559340 1.372650 0.020590
1.560360 1.350080 0.020251
1.561380 1.327980 0.019920
1.562400 1.360190 0.020403
1.563420 1.343810 0.020157
1.564440 1.356750 0.020351
1.565460 1.351340 0.020270
1.566480 1.369430 0.020541
1.567500 1.363540 0.020453
1.568520 1.344960 0.020174
1.569540 1.330620 0.019959
1.570560 1.329920 0.019949
1.571580 1.318200 0.019773
1.572600 1.330010 0.019950
1.573620 1.338480 0.020077
1.574640 1.332140 0.019982
1.575660 1.336920 0.020054
1.576680 1.350440 0.020257
1.577700 1.314400 0.019716
1.578720 1.310890 0.019663
1.579740 1.306610 0.019599
1.580760 1.330800 0.019962
1.581780 1.328400 0.019926
1.582800 1.356170 0.020343
1.583820 1.384410 0.020766
1.584840 1.328440 0.019927
1.585860 1.325770 0.019887
1.586880 1.362930 0.020444
1.587900 1.357350 0.020360
1.588920 1.351400 0.020271
1.589940 1.352910 0.020294
1.590960 1.319160 0.019787
1.591980 1.330460 0.019957
1.593000 1.334730 0.020021
1.594020 1.322690 0.019840
1.595040 1.341400 0.020121
1.596060 1.357060 0.020356
1.597080 1.338160 0.020072
1.598100 1.317990 0.019770
1.599120 1.356520 0.020348
1.600140 1.333890 0.020008
1.601160 1.364400 0.020466
1.602180 1.320210 0.019803
1.603200 1.344950 0.020174
1.604220 1.305190 0.019578
1.605240 1.343220 0.020148
1.606260 1.357870 0.020368
1.607280 1.363500 0.020452
1.608300 1.350200 0.020253
1.609320 1.356190 0.020343
1.610340 1.329110 0.019937
1.611360 1.325890 0.019888
1.612380 1.338630 0.020079
1.613400 1.353710 0.020306
1.614420 1.361620 0.020424
1.615440 1.365550 0.020483
1.616460 1.358790 0.020382
1.617480 1.373630 0.020604
1.618500 1.358240 0.020374
1.619520 1.355340 0.020330
1.620540 1.360030 0.020400
1.621560 1.341370 0.020121
1.622580 1.358000 0.020370
1.623600 1.360350 0.020405
1.624620 1.385870 0.020788
1.625630 1.342680 0.020140
1.626650 1.348270 0.020224
1.627670 1.353990 0.020310
1.628690 1.355600 0.020334
1.629710 1.362010 0.020430
1.630730 1.354060 0.020311
1.631750 1.381400 0.020721
1.632770 1.383660 0.020755
1.633790 1.349620 0.020244
1.634810 1.356580 0.020349
1.635830 1.356980 0.020355
1.636850 1.352900 0.020294
1.637870 1.367080 0.020506
1.638890 1.376780 0.020652
1.639910 1.359880 0.020398
1.640930 1.357600 0.020364
1.641950 1.336610 0.020049
1.642970 1.343510 0.020153
1.643990 1.344180 0.020163
1.645010 1.372300 0.020584
1.646030 1.352780 0.020292
1.647050 1.365350 0.020480
1.648070 1.379160 0.020687
1.649090 1.349650 0.020245
1.650110 1.367600 0.020514
1.651130 1.377690 0.020665
1.652150 1.383650 0.020755
1.653170 1.357190 0.020358
1.654190 1.372250 0.020584
1.655210 1.361320 0.020420
1.656230 1.379230 0.020688
1.657250 1.382420 0.020736
1.658270 1.356340 0.020345
1.659290 1.365980 0.020490
1.660310 1.377740 0.020666
1.661330 1.369710 0.020546
1.662350 1.363440 0.020452
1.663370 1.355380 0.020331
1.664390 1.383490 0.020752
1.665410 1.386980 0.020805
1.666430 1.390340 0.020855
1.667450 1.381060 0.020716
1.668470 1.384430 0.020766
1.669490 1.361160 0.020417
1.670510 1.389500 0.020843
1.671530 1.396890 0.020953
1.672550 1.410230 0.021153
1.673570 1.387020 0.020805
1.674590 1.378710 0.020681
1.675610 1.384200 0.020763
1.676630 1.394310 0.020915
1.677650 1.365730 0.020486
1.678670 1.365590 0.020484
1.679690 1.385770 0.020787
1.680710 1.374230 0.020613
1.681730 1.353250 0.020299
1.682750 1.369010 0.020535
1.683770 1.383930 0.020759
1.684790 1.391700 0.020876
1.685810 1.379320 0.020690
1.686830 1.400030 0.021000
1.687850 1.373630 0.020604
1.688870 1.373560 0.020603
1.689890 1.387650 0.020815
1.690910 1.370240 0.020554
1.691930 1.392320 0.020885
1.692950 1.373250 0.020599
1.693970 1.374880 0.020623
1.694990 1.372370 0.020586
1.696010 1.354120 0.020312
1.697030 1.350680 0.020260
1.698050 1.363870 0.020458
1.699070 1.410990 0.021165
1.700090 1.392700 0.020890
1.701110 1.410290 0.021154
1.702130 1.389460 0.020842
1.703150 1.394830 0.020922
1.704170 1.376590 0.020649
1.705190 1.383220 0.020748
1.706210 1.390930 0.020864
1.707230 1.377780 0.020667
1.708250 1.351460 0.020272
1.709270 1.378320 0.020675
1.710280 1.397550 0.020963
1.711300 1.406230 0.021093
1.712320 1.387080 0.020806
1.713340 1.385680 0.020785
1.714360 1.391650 0.020875
1.715380 1.411180 0.021168
1.716400 1.405940 0.021089
1.717420 1.399020 0.020985
1.718440 1.394310 0.020915
1.719460 1.403490 0.021052
1.720480 1.410210 0.021153
1.721500 1.399290 0.020989
1.722520 1.407010 0.021105
1.723540 1.420460 0.021307
1.724560 1.393040 0.020896
1.725580 1.397640 0.020965
1.726600 1.417060 0.021256
1.727620 1.415480 0.021232
1.728640 1.392850 0.020893
1.729660 1.403320 0.021050
1.730680 1.391570 0.020874
1.731700 1.393430 0.020901
1.732720 1.380660 0.020710
1.733740 1.375960 0.020639
1.734760 1.391510 0.020873
1.735780 1.393000 0.020895
1.736800 1.388360 0.020825
1.737820 1.352730 0.020291
1.738840 1.394300 0.020914
1.739860 1.416920 0.021254
1.740880 1.419620 0.021294
1.741900 1.403500 0.021052
1.742920 1.383860 0.020758
1.743940 1.406950 0.021104
1.744960 1.406600 0.021099
1.745980 1.407130 0.021107
1.747000 1.432410 0.021486
1.748020 1.380510 0.020708
1.749040 1.360270 0.020404
1.750060 1.375680 0.041270
1.751080 1.386380 0.041591
1.752100 1.373660 0.041210
1.753120 1.378880 0.041366
1.754140 1.408700 0.042261
1.755160 1.409580 0.042287
1.756180 1.388060 0.041642
1.757200 1.387960 0.041639
1.758220 1.386140 0.041584
1.759240 1.396800 0.041904
1.760260 1.385470 0.041564
1.761280 1.379170 0.041375
1.762300 1.395080 0.041852
1.763320 1.386360 0.041591
1.764340 1.344390 0.040332
1.765360 1.398000 0.041940
1.766380 1.401090 0.042033
1.767400 1.362100 0.040863
1.768420 1.403970 0.042119
1.769440 1.402750 0.042082
1.770460 1.427100 0.042813
1.771480 1.409750 0.042292
1.772500 1.399890 0.041997
1.773520 1.430860 0.042926
1.774540 1.388940 0.041668
1.775560 1.331210 0.039936
1.776580 1.402680 0.042080
1.777600 1.400710 0.042021
1.778620 1.392840 0.041785
1.779640 1.387000 0.041610
1.780660 1.383660 0.041510
1.781680 1.407920 0.042238
1.782700 1.380280 0.041408
1.783720 1.390030 0.041701
1.784740 1.432200 0.042966
1.785760 1.412150 0.042365
1.786780 1.381490 0.041445
1.787800 1.380110 0.041403
1.788820 1.394370 0.041831
1.789840 1.406630 0.042199
1.790860 1.416960 0.042509
1.791880 1.428400 0.042852
1.792900 1.436020 0.043081
1.793920 1.396830 0.041905
1.794940 1.363930 0.040918
1.795950 1.370200 0.041106
1.796970 1.339150 0.040174
1.797990 1.378000 0.041340
1.799010 1.363410 0.040902
1.800030 1.497030 0.044911
1.801050 1.380660 0.041420
1.802070 1.446020 0.043381
1.803090 1.320660 0.039620
1.804110 1.308990 0.039270
1.805130 1.326320 0.039790
1.806150 1.481660 0.044450
1.807170 1.411980 0.042359
1.808190 1.296060 0.038882
1.809210 1.362160 0.040865
1.810230 1.368660 0.041060
1.811250 1.433010 0.042990
1.812270 1.429650 0.042889
1.813290 1.325630 0.039769
1.814310 1.276660 0.038300
1.815330 1.385900 0.041577
1.816350 1.423410 0.042702
1.817370 1.310180 0.039305
1.818390 1.326100 0.039783
1.819410 1.361270 0.040838
1.820430 1.493460 0.044804
1.821450 1.460530 0.043816
1.822470 1.268060 0.038042
1.823490 1.381490 0.041445
1.824510 1.380660 0.041420
1.825530 1.386220 0.041587
1.826550 1.475450 0.044264
1.827570 1.409430 0.042283
1.828590 1.436620 0.043099
1.829610 1.452340 0.043570
1.830630 1.372110 0.041163
1.831650 1.296570 0.038897
1.832670 1.382550 0.041476
1.833690 1.381490 0.041445
1.834710 1.373140 0.041194
1.835730 1.380510 0.041415
1.836750 1.380510 0.041415
1.837770 1.425350 0.042760
1.838790 1.380280 0.041408
1.839810 1.380510 0.041415
1.840830 1.380660 0.041420
1.841850 1.381490 0.041445
1.842870 1.381490 0.041445
1.843890 1.381490 0.041445
1.844910 1.381490 0.041445
1.845930 1.306460 0.039194
1.846950 1.381490 0.041445
1.847970 1.381490 0.041445
1.848990 1.267120 0.038014
1.850010 1.381490 0.041445
1.851030 1.381490 0.041445
1.852050 1.381490 0.041445
1.853070 1.363780 0.040913
1.854090 1.307640 0.039229
1.855110 1.381490 0.041445
1.856130 1.274820 0.038245
1.857150 1.381490 0.041445
1.858170 1.381490 0.041445
1.859190 1.381490 0.041445
1.860210 1.443200 0.043296
1.861230 1.381490 0.041445
1.862250 1.381490 0.041445
1.863270 1.381490 0.041445
1.864290 1.328820 0.039865
1.865310 1.275540 0.038266
1.866330 1.383600 0.041508
1.867350 1.383600 0.041508
1.868370 1.383600 0.041508
1.869390 1.382550 0.041476
1.870410 1.382550 0.041476
1.871430 1.381490 0.041445
1.872450 1.380510 0.041415
1.873470 1.380280 0.041408
1.874490 1.302760 0.039083
1.875510 1.379170 0.041375
1.876530 1.379010 0.041370
1.877550 1.378880 0.041366
1.878570 1.378000 0.041340
1.879590 1.378000 0.041340
1.880610 1.263450 0.037903
1.881620 1.257060 0.037712
1.882640 1.377920 0.041338
1.883660 1.376530 0.041296
1.884680 1.394260 0.041828
1.885700 1.282920 0.038488
1.886720 1.373140 0.041194
1.887740 1.372110 0.041163
1.888760 1.372110 0.041163
1.889780 1.431960 0.042959
1.890800 1.456520 0.043696
1.891820 1.376880 0.041306
1.892840 1.337350 0.040121
1.893860 1.372110 0.041163
1.894880 1.372110 0.041163
1.895900 1.372110 0.041163
1.896920 1.366060 0.040982
1.897940 1.373140 0.041194
1.898960 1.373140 0.041194
1.899980 1.376530 0.041296
1.901000 1.337060 0.040112
1.902020 1.376530 0.041296
1.903040 1.376530 0.041296
1.904060 1.262440 0.037873
1.905080 1.366640 0.040999
1.906100 1.488040 0.044641
1.907120 1.376530 0.041296
1.908140 1.376880 0.041306
1.909160 1.376880 0.041306
1.910180 1.291650 0.038750
1.911200 1.468510 0.044055
1.912220 1.471010 0.044130
1.913240 1.379010 0.041370
1.914260 1.319200 0.039576
1.915280 1.376880 0.041306
1.916300 1.317520 0.039526
1.917320 1.376880 0.041306
1.918340 1.376880 0.041306
1.919360 1.392480 0.041774
1.920380 1.376880 0.041306
1.921400 1.325870 0.039776
1.922420 1.376880 0.041306
1.923440 1.317610 0.039528
1.924460 1.420790 0.042624
1.925480 1.357230 0.040717
1.926500 1.426360 0.042791
1.927520 1.377920 0.041338
1.928540 1.419590 0.042588
1.929560 1.351510 0.040545
1.930580 1.398270 0.041948
1.931600 1.328520 0.039856
1.932620 1.281320 0.038440
1.933640 1.339920 0.040198
1.934660 1.346620 0.040399
1.935680 1.342070 0.040262
1.936700 1.408220 0.042247
1.937720 1.440710 0.043221
1.938740 1.442820 0.043285
1.939760 1.414050 0.042421
1.940780 1.345380 0.040361
1.941800 1.284080 0.038522
1.942820 1.305710 0.039171
1.943840 1.418190 0.042546
1.944860 1.462190 0.043866
1.945880 1.366320 0.040990
1.946900 1.350780 0.040523
1.947920 1.410210 0.042306
1.948940 1.395830 0.041875
1.949960 1.361810 0.040854
1.950980 1.357010 0.040710
1.952000 1.383920 0.041518
1.953020 1.405820 0.042175
1.954040 1.400940 0.042028
1.955060 1.386960 0.041609
1.956080 1.360460 0.040814
1.957100 1.314140 0.039424
1.958120 1.383600 0.041508
1.959140 1.358840 0.040765
1.960160 1.400600 0.042018
1.961180 1.320930 0.039628
1.962200 1.386780 0.041603
1.963220 1.427470 0.042824
1.964240 1.382550 0.041476
1.965260 1.352560 0.040577
1.966280 1.343210 0.040296
1.967290 1.350870 0.040526
1.968310 1.363800 0.040914
1.969330 1.371340 0.041140
1.970350 1.414790 0.042444
1.971370 1.464800 0.043944
1.972390 1.429640 0.042889
1.973410 1.400600 0.042018
1.974430 1.421230 0.042637
1.975450 1.400040 0.042001
1.976470 1.425140 0.042754
1.977490 1.454100 0.043623
1.978510 1.474160 0.044225
1.979530 1.498160 0.044945
1.980550 1.485310 0.044559
1.981570 1.443800 0.043314
1.982590 1.474570 0.044237
1.983610 1.442490 0.043275
1.984630 1.459390 0.043782
1.985650 1.492350 0.044770
1.986670 1.491330 0.044740
1.987690 1.448180 0.043445
1.988710 1.442910 0.043287
1.989730 1.496960 0.044909
1.990750 1.476000 0.044280
1.991770 1.441540 0.043246
1.992790 1.461820 0.043855
1.993810 1.500880 0.045026
1.994830 1.506400 0.045192
1.995850 1.486920 0.044608
1.996870 1.463000 0.043890
1.997890 1.462090 0.043863
1.998910 1.453890 0.043617
1.999930 1.432370 0.042971
2.000950 1.377920 0.041338
2.001970 1.352610 0.040578
2.002990 1.340790 0.040224
2.004010 1.335150 0.040055
2.005030 1.442490 0.043275
2.006050 1.442820 0.043285
2.007070 1.442910 0.043287
2.008090 1.443380 0.043301
2.009110 1.361890 0.040857
2.010130 1.368790 0.041064
2.011150 1.389860 0.041696
2.012170 1.365890 0.040977
2.013190 1.449510 0.043485
2.014210 1.451290 0.043539
2.015230 1.342760 0.040283
2.016250 1.335870 0.040076
2.017270 1.454100 0.043623
2.018290 1.454310 0.043629
2.019310 1.340500 0.040215
2.020330 1.391530 0.041746
2.021350 1.401780 0.042053
2.022370 1.422440 0.042673
2.023390 1.415790 0.042474
2.024410 1.382840 0.041485
2.025430 1.394010 0.041820
2.026450 1.437620 0.043129
2.027470 1.448230 0.043447
2.028490 1.451840 0.043555
2.029510 1.469320 0.044080
2.030530 1.455160 0.043655
2.031550 1.441410 0.043242
2.032570 1.461410 0.043842
2.033590 1.459040 0.043771
2.034610 1.457030 0.043711
2.035630 1.459910 0.043797
2.036650 1.496550 0.044896
2.037670 1.497750 0.044932
2.038690 1.447410 0.043422
2.039710 1.462100 0.043863
2.040730 1.485080 0.044552
2.041750 1.463520 0.043906
2.042770 1.458220 0.043747
2.043790 1.469050 0.044071
2.044810 1.478110 0.044343
2.045830 1.482230 0.044467
2.046850 1.468630 0.044059
2.047870 1.485200 0.044556
2.048890 1.489370 0.044681
2.049910 1.460290 0.043809
2.050920 1.454310 0.021815
2.051940 1.438440 0.021577
2.052960 1.435750 0.021536
2.053980 1.471450 0.022072
2.055000 1.467860 0.022018
2.056020 1.430180 0.021453
2.057040 1.431970 0.021480
2.058060 1.428640 0.021430
2.059080 1.393980 0.020910
2.060100 1.424080 0.021361
2.061120 1.489330 0.022340
2.062140 1.476870 0.022153
2.063160 1.481220 0.022218
2.064180 1.519340 0.022790
2.065200 1.484610 0.022269
2.066220 1.442490 0.021637
2.067240 1.438600 0.021579
2.068260 1.451290 0.021769
2.069280 1.488160 0.022322
2.070300 1.466430 0.021996
2.071320 1.443380 0.021651
2.072340 1.460740 0.021911
2.073360 1.465090 0.021976
2.074380 1.486990 0.022305
2.075400 1.477980 0.022170
2.076420 1.460170 0.021903
2.077440 1.429880 0.021448
2.078460 1.449510 0.021743
2.079480 1.464130 0.021962
2.080500 1.482550 0.022238
2.081520 1.495480 0.022432
2.082540 1.459730 0.021896
2.083560 1.467390 0.022011
2.084580 1.478710 0.022181
2.085600 1.483810 0.022257
2.086620 1.482870 0.022243
2.087640 1.486900 0.022303
2.088660 1.510110 0.022652
2.089680 1.531750 0.022976
2.090700 1.502640 0.022540
2.091720 1.476440 0.022147
2.092740 1.501860 0.022528
2.093760 1.532640 0.022990
2.094780 1.514050 0.022711
2.095800 1.525070 0.022876
2.096820 1.464970 0.021975
2.097840 1.524440 0.022867
2.098860 1.502160 0.022532
2.099880 1.480580 0.022209
2.100900 1.493090 0.022396
2.101920 1.519970 0.022800
2.102940 1.478920 0.022184
2.103960 1.489860 0.022348
2.104980 1.558800 0.023382
2.106000 1.496740 0.022451
2.107020 1.487400 0.022311
2.108040 1.482180 0.022233
2.109060 1.508620 0.022629
2.110080 1.513520 0.022703
2.111100 1.469520 0.022043
2.112120 1.483270 0.022249
2.113140 1.459870 0.021898
2.114160 1.480490 0.022207
2.115180 1.523680 0.022855
2.116200 1.508910 0.022634
2.117220 1.517510 0.022763
2.118240 1.540280 0.023104
2.119260 1.492840 0.022393
2.120280 1.524430 0.022866
2.121300 1.497020 0.022455
2.122320 1.473210 0.022098
2.123340 1.502290 0.022534
2.124360 1.500150 0.022502
2.125380 1.560110 0.023402
2.126400 1.516740 0.022751
2.127420 1.490020 0.022350
2.128440 1.497840 0.022468
2.129460 1.487120 0.022307
2.130480 1.505800 0.022587
2.131500 1.490900 0.022364
2.132520 1.515090 0.022726
2.133540 1.521920 0.022829
2.134560 1.519120 0.022787
2.135580 1.480080 0.022201
2.136590 1.520610 0.022809
2.137610 1.508640 0.022630
2.138630 1.499630 0.022494
2.139650 1.516280 0.022744
2.140670 1.504340 0.022565
2.141690 1.508740 0.022631
2.142710 1.494890 0.022423
2.143730 1.518050 0.022771
2.144750 1.496070 0.022441
2.145770 1.506650 0.022600
2.146790 1.518790 0.022782
2.147810 1.502990 0.022545
2.148830 1.513890 0.022708
2.149850 1.517910 0.022769
2.150870 1.541000 0.023115
2.151890 1.511840 0.022678
2.152910 1.503070 0.022546
2.153930 1.504120 0.022562
2.154950 1.477410 0.022161
2.155970 1.510720 0.022661
2.156990 1.571350 0.023570
2.158010 1.590580 0.023859
2.159030 1.551660 0.023275
2.160050 1.506830 0.022602
2.161070 1.528830 0.022932
2.162090 1.549860 0.023248
2.163110 1.501630 0.022524
2.164130 1.503000 0.022545
2.165150 1.562060 0.023431
2.166170 1.546870 0.023203
2.167190 1.492740 0.022391
2.168210 1.479760 0.022196
2.169230 1.510360 0.022655
2.170250 1.524510 0.022868
2.171270 1.531650 0.022975
2.172290 1.513190 0.022698
2.173310 1.493550 0.022403
2.174330 1.532030 0.022980
2.175350 1.510600 0.022659
2.176370 1.513110 0.022697
2.177390 1.541870 0.023128
2.178410 1.540060 0.023101
2.179430 1.517370 0.022761
2.180450 1.515620 0.022734
2.181470 1.534080 0.023011
2.182490 1.566090 0.023491
2.183510 1.542990 0.023145
2.184530 1.548190 0.023223
2.185550 1.485680 0.022285
2.186570 1.569170 0.023538
2.187590 1.525490 0.022882
2.188610 1.526210 0.022893
2.189630 1.554200 0.023313
2.190650 1.477210 0.022158
2.191670 1.556500 0.023347
2.192690 1.537910 0.023069
2.193710 1.554430 0.023316
2.194730 1.550230 0.023253
2.195750 1.514370 0.022716
2.196770 1.527900 0.022919
2.197790 1.539170 0.023088
2.198810 1.563880 0.023458
2.199830 1.550090 0.023251
2.200850 1.595220 0.023928
2.201870 1.522880 0.022843
2.202890 1.483490 0.022252
2.203910 1.475230 0.022128
2.204930 1.523160 0.022847
2.205950 1.554500 0.023317
2.206970 1.557340 0.023360
2.207990 1.516900 0.022753
2.209010 1.495720 0.022436
2.210030 1.517450 0.022762
2.211050 1.552830 0.023292
2.212070 1.549190 0.023238
2.213090 1.540260 0.023104
2.214110 1.557430 0.023361
2.215130 1.547500 0.023212
2.216150 1.534440 0.023017
2.217170 1.541610 0.023124
2.218190 1.554920 0.023324
2.219210 1.555250 0.023329
2.220220 1.540790 0.023112
2.221240 1.523490 0.022852
2.222260 1.505390 0.022581
2.223280 1.516180 0.022743
2.224300 1.592000 0.023880
2.225320 1.603750 0.024056
2.226340 1.539150 0.023087
2.227360 1.540170 0.023103
2.228380 1.510990 0.022665
2.229400 1.557340 0.023360
2.230420 1.544000 0.023160
2.231440 1.533530 0.023003
2.232460 1.577720 0.023666
2.233480 1.498240 0.022474
2.234500 1.519460 0.022792
2.235520 1.578690 0.023680
2.236540 1.548790 0.023232
2.237560 1.542380 0.023136
2.238580 1.546790 0.023202
2.239600 1.621350 0.024320
2.240620 1.510630 0.022659
2.241640 1.534460 0.023017
2.242660 1.536810 0.023052
2.243680 1.513320 0.022700
2.244700 1.493720 0.022406
2.245720 1.526420 0.022896
2.246740 1.526030 0.022890
2.247760 1.551540 0.023273
2.248780 1.570260 0.023554
2.249800 1.644600 0.024669
2.250820 1.524170 0.022863
2.251840 1.543940 0.023159
2.252860 1.492700 0.022390
2.253880 1.628330 0.024425
2.254900 1.517450 0.022762
2.255920 1.551040 0.023266
2.256940 1.589720 0.023846
2.257960 1.528650 0.022930
2.258980 1.550290 0.023254
2.260000 1.601850 0.024028
2.261020 1.551070 0.023266
2.262040 1.531070 0.022966
2.263060 1.511450 0.022672
2.264080 1.499560 0.022493
2.265100 1.506980 0.022605
2.266120 1.503110 0.022547
2.267140 1.537670 0.023065
2.268160 1.504330 0.022565
2.269180 1.462300 0.021934
2.270200 1.513930 0.022709
2.271220 1.537660 0.023065
2.272240 1.555280 0.023329
2.273260 1.544760 0.023171
2.274280 1.514380 0.022716
2.275300 1.516830 0.022752
2.276320 1.508250 0.022624
2.277340 1.501620 0.022524
2.278360 1.542250 0.023134
2.279380 1.595620 0.023934
2.280400 1.540010 0.023100
2.281420 1.491090 0.022366
2.282440 1.543720 0.023156
2.283460 1.483020 0.022245
2.284480 1.549290 0.023239
2.285500 1.557920 0.023369
2.286520 1.536350 0.023045
2.287540 1.528320 0.022925
2.288560 1.552660 0.023290
2.289580 1.630420 0.024456
2.290600 1.654370 0.024816
2.291620 1.541660 0.023125
2.292640 1.502960 0.022544
2.293660 1.570790 0.023562
2.294680 1.499780 0.022497
2.295700 1.598740 0.023981
2.296720 1.544760 0.023171
2.297740 1.522130 0.022832
2.298760 1.534470 0.023017
2.299780 1.555270 0.023329
2.300800 1.551860 0.023278
2.301820 1.480720 0.022211
2.302840 1.541140 0.023117
2.303860 1.523250 0.022849
2.304880 1.499410 0.022491
2.305890 1.557300 0.023359
2.306910 1.597220 0.023958
2.307930 1.552880 0.023293
2.308950 1.578150 0.023672
2.309970 1.558300 0.023374
2.310990 1.602150 0.024032
2.312010 1.646890 0.024703
2.313030 1.583840 0.023758
2.314050 1.565170 0.023478
2.315070 1.557010 0.023355
2.316090 1.616640 0.024250
2.317110 1.615170 0.024228
2.318130 1.548820 0.023232
2.319150 1.551910 0.023279
2.320170 1.538070 0.023071
2.321190 1.509060 0.022636
2.322210 1.507060 0.022606
2.323230 1.574730 0.023621
2.324250 1.581100 0.023717
2.325270 1.555870 0.023338
2.326290 1.637450 0.024562
2.327310 1.554240 0.023314
2.328330 1.530270 0.022954
2.329350 1.570150 0.023552
2.330370 1.557560 0.023363
2.331390 1.517820 0.022767
2.332410 1.552830 0.023292
2.333430 1.657110 0.024857
2.334450 1.563180 0.023448
2.335470 1.437860 0.021568
2.336490 1.553130 0.023297
2.337510 1.521330 0.022820
2.338530 1.563910 0.023459
2.339550 1.464540 0.021968
2.340570 1.519530 0.022793
2.341590 1.608340 0.024125
2.342610 1.504980 0.022575
2.343630 1.481560 0.022223
2.344650 1.491190 0.022368
2.345670 1.469160 0.022037
2.346690 1.483570 0.022254
2.347710 1.434680 0.021520
2.348730 1.570630 0.023559
2.349750 1.609030 0.024135
2.350770 1.555140 0.023327
2.351790 1.521880 0.022828
2.352810 1.465960 0.021989
2.353830 1.514170 0.022713
2.354850 1.511710 0.022676
2.355870 1.438580 0.021579
2.356890 1.557410 0.023361
2.357910 1.583820 0.023757
2.358930 1.557370 0.023361
2.359950 1.531890 0.022978
2.360970 1.515630 0.022734
2.361990 1.551720 0.023276
2.363010 1.529410 0.022941
2.364030 1.521080 0.022816
2.365050 1.613060 0.024196
2.366070 1.603200 0.024048
2.367090 1.627920 0.024419
2.368110 1.658060 0.024871
2.369130 1.627490 0.024412
2.370150 1.463770 0.021957
2.371170 1.583440 0.023752
2.372190 1.557010 0.023355
2.373210 1.557010 0.023355
2.374230 1.537130 0.023057
2.375250 1.531930 0.022979
2.376270 1.657320 0.024860
2.377290 1.567880 0.023518
2.378310 1.620260 0.024304
2.379330 1.483080 0.022246
2.380350 1.557300 0.023359
2.381370 1.621520 0.024323
2.382390 1.503660 0.022555
2.383410 1.555870 0.023338
2.384430 1.612340 0.024185
2.385450 1.561990 0.023430
2.386470 1.649550 0.024743
2.387490 1.487210 0.022308
2.388510 1.446070 0.021691
2.389530 1.555140 0.023327
2.390540 1.576480 0.023647
2.391560 1.555870 0.023338
2.392580 1.625590 0.024384
2.393600 1.554040 0.023311
2.394620 1.560640 0.023410
2.395640 1.600850 0.024013
2.396660 1.555870 0.023338
2.397680 1.557010 0.023355
2.398700 1.593320 0.023900
2.399720 1.582010 0.023730
2.400740 1.659800 0.024897
2.401760 1.626540 0.024398
2.402780 1.565440 0.023482
2.403800 1.668720 0.025031
2.404820 1.662450 0.024937
2.405840 1.491650 0.022375
2.406860 1.557560 0.023363
2.407880 1.450270 0.021754
2.408900 1.447590 0.021714
2.409920 1.561130 0.023417
2.410940 1.636590 0.024549
2.411960 1.561130 0.023417
2.412980 1.583630 0.023754
2.414000 1.561130 0.023417
2.415020 1.561130 0.023417
2.416040 1.561990 0.023430
2.417060 1.561990 0.023430
2.418080 1.565430 0.023481
2.419100 1.563910 0.023459
2.420120 1.445280 0.021679
2.421140 1.592530 0.023888
2.422160 1.470880 0.022063
2.423180 1.598780 0.023982
2.424200 1.645280 0.024679
2.425220 1.609790 0.024147
2.426240 1.571400 0.023571
2.427260 1.627140 0.024407
2.428280 1.655340 0.024830
2.429300 1.541060 0.023116
2.430320 1.632200 0.024483
2.431340 1.634490 0.024517
2.432360 1.560640 0.023410
2.433380 1.605060 0.024076
2.434400 1.560640 0.023410
2.435420 1.561130 0.023417
2.436440 1.555400 0.023331
2.437460 1.680240 0.025204
2.438480 1.607640 0.024115
2.439500 1.447410 0.021711
2.440520 1.663740 0.024956
2.441540 1.681130 0.025217
2.442560 1.563180 0.023448
2.443580 1.671170 0.025068
2.444600 1.566770 0.023502
2.445620 1.561130 0.023417
2.446640 1.561130 0.023417
2.447660 1.561990 0.023430
2.448680 1.561990 0.023430
2.449700 1.459920 0.021899
2.450720 1.561990 0.023430
2.451740 1.561990 0.023430
2.452760 1.582620 0.023739
2.453780 1.683810 0.025257
2.454800 1.563180 0.023448
2.455820 1.539410 0.023091
2.456840 1.561990 0.023430
2.457860 1.496800 0.022452
2.458880 1.593230 0.023898
2.459900 1.563180 0.023448
2.460920 1.563910 0.023459
2.461940 1.563910 0.023459
2.462960 1.565430 0.023481
2.463980 1.565440 0.023482
2.465000 1.640980 0.024615
2.466020 1.585610 0.023784
2.467040 1.565430 0.023481
2.468060 1.497980 0.022470
2.469080 1.565440 0.023482
2.470100 1.535980 0.023040
2.471120 1.548670 0.023230
2.472140 1.646900 0.024704
2.473160 1.533010 0.022995
2.474180 1.671600 0.025074
2.475200 1.566770 0.023502
2.476210 1.567880 0.023518
2.477230 1.648620 0.024729
2.478250 1.584340 0.023765
2.479270 1.570630 0.023559
2.480290 1.571400 0.023571
2.481310 1.619650 0.024295
2.482330 1.502770 0.022542
2.483350 1.666420 0.024996
2.484370 1.619200 0.024288
2.485390 1.571400 0.023571
2.486410 1.576480 0.023647
2.487430 1.613350 0.024200
2.488450 1.582620 0.023739
2.489470 1.582620 0.023739
2.490490 1.582620 0.023739
2.491510 1.582620 0.023739
2.492530 1.582620 0.023739
2.493550 1.583440 0.023752
2.494570 1.583630 0.023754
2.495590 1.584340 0.023765
2.496610 1.483640 0.022255
2.497630 1.584340 0.023765
2.498650 1.494200 0.022413
2.499670 1.584340 0.023765
