0.509971 1.006070 0.015091
0.510254 0.969368 0.009694
0.510537 0.991703 0.009917
0.510819 0.992752 0.009928
0.511102 0.993057 0.009931
0.511385 0.978065 0.009781
0.511668 0.991261 0.009913
0.511951 1.015040 0.010150
0.512233 0.964103 0.009641
0.512516 0.967995 0.009680
0.512799 1.000680 0.010007
0.513082 0.991703 0.009917
0.513365 1.000290 0.010003
0.513648 0.985138 0.009851
0.513930 0.959573 0.009596
0.514213 0.995039 0.009950
0.514496 1.016600 0.010166
0.514779 1.009850 0.010099
0.515062 0.992579 0.009926
0.515344 0.986725 0.009867
0.515627 1.006950 0.010069
0.515910 1.004510 0.010045
0.516193 1.002010 0.010020
0.516476 1.005690 0.010057
0.516758 0.990824 0.009908
0.517041 0.974163 0.009742
0.517324 0.988065 0.009881
0.517607 0.961873 0.009619
0.517890 0.987557 0.009876
0.518173 0.983768 0.009838
0.518455 0.960446 0.009604
0.518738 0.981364 0.009814
0.519021 0.976656 0.009767
0.519304 0.987881 0.009879
0.519587 1.000750 0.010007
0.519869 0.979029 0.009790
0.520152 0.979035 0.009790
0.520435 0.990824 0.009908
0.520718 0.966800 0.009668
0.521001 0.996726 0.009967
0.521283 1.006580 0.010066
0.521566 0.997774 0.009978
0.521849 0.988256 0.009883
0.522132 1.004360 0.010044
0.522415 0.984466 0.009845
0.522697 0.988065 0.009881
0.522980 0.983339 0.009833
0.523263 0.988256 0.009883
0.523546 0.991658 0.009917
0.523829 0.985448 0.009854
0.524112 1.014740 0.010147
0.524394 0.994434 0.009944
0.524677 1.016020 0.010160
0.524960 1.003320 0.010033
0.525243 1.020140 0.010201
0.525526 0.997901 0.009979
0.525808 0.988256 0.009883
0.526091 1.012920 0.010129
0.526374 1.005830 0.010058
0.526657 1.003860 0.010039
0.526940 0.975162 0.009752
0.527222 0.983031 0.009830
0.527505 0.988498 0.009885
0.527788 0.982847 0.009828
0.528071 0.983391 0.009834
0.528354 0.991862 0.009919
0.528636 0.970110 0.009701
0.528919 0.987999 0.009880
0.529202 0.987315 0.009873
0.529485 0.988498 0.009885
0.529768 0.979351 0.009794
0.530051 0.981330 0.009813
0.530333 0.964975 0.009650
0.530616 0.969290 0.009693
0.530899 0.978975 0.009790
0.531182 0.998426 0.009984
0.531465 0.984945 0.009849
0.531747 1.009420 0.010094
0.532030 0.990626 0.009906
0.532313 0.999767 0.009998
0.532596 0.989630 0.009896
0.532879 0.984945 0.009849
0.533161 1.000090 0.010001
0.533444 0.982319 0.009823
0.533727 0.961694 0.009617
0.534010 0.983857 0.009839
0.534293 1.005650 0.010057
0.534575 0.981195 0.009812
0.534858 0.959623 0.009596
0.535141 0.964201 0.009642
0.535424 0.979783 0.009798
0.535707 0.979776 0.009798
0.535990 1.001200 0.010012
0.536272 1.002960 0.010030
0.536555 1.006730 0.010067
0.536838 1.002130 0.010021
0.537121 0.996791 0.009968
0.537404 0.971185 0.009712
0.537686 0.987905 0.009879
0.537969 0.990524 0.009905
0.538252 0.990389 0.009904
0.538535 1.010950 0.010109
0.538818 1.008640 0.010086
0.539100 0.990532 0.009905
0.539383 0.985175 0.009852
0.539666 0.999575 0.009996
0.539949 1.018380 0.010184
0.540232 1.014350 0.010144
0.540515 0.985725 0.009857
0.540797 0.967639 0.009676
0.541080 0.974305 0.009743
0.541363 0.982491 0.009825
0.541646 0.985709 0.009857
0.541929 0.999355 0.009994
0.542211 0.994765 0.009948
0.542494 0.969775 0.009698
0.542777 0.994763 0.009948
0.543060 0.991148 0.009911
0.543343 0.986767 0.009868
0.543625 0.994424 0.009944
0.543908 0.996588 0.009966
0.544191 0.998918 0.009989
0.544474 0.998239 0.009982
0.544757 0.982951 0.009830
0.545039 0.982969 0.009830
0.545322 0.981571 0.009816
0.545605 0.992739 0.009927
0.545888 1.013670 0.010137
0.546171 1.011810 0.010118
0.546454 0.986342 0.009863
0.546736 0.996717 0.009967
0.547019 1.013220 0.010132
0.547302 1.015540 0.010155
0.547585 1.009740 0.010097
0.547868 1.002270 0.010023
0.548150 1.015940 0.010159
0.548433 1.020760 0.010208
0.548716 1.011690 0.010117
0.548999 1.002660 0.010027
0.549282 1.007390 0.010074
0.549564 1.001970 0.010020
0.549847 0.990974 0.009910
0.550130 0.984409 0.009844
0.550413 1.012970 0.010130
0.550696 1.009680 0.010097
0.550978 1.005560 0.010056
0.551261 0.997917 0.009979
0.551544 1.006700 0.010067
0.551827 0.996398 0.009964
0.552110 1.004510 0.010045
0.552393 1.004830 0.010048
0.552675 1.017700 0.010177
0.552958 1.004210 0.010042
0.553241 0.994247 0.009942
0.553524 0.989090 0.009891
0.553807 0.993173 0.009932
0.554089 1.003430 0.010034
0.554372 0.992352 0.009924
0.554655 0.991504 0.009915
0.554938 1.015750 0.010158
0.555221 0.997645 0.009976
0.555503 1.024100 0.010241
0.555786 1.006820 0.010068
0.556069 1.009190 0.010092
0.556352 0.990108 0.009901
0.556635 0.965755 0.009658
0.556917 0.973393 0.009734
0.557200 0.986706 0.009867
0.557483 0.990785 0.009908
0.557766 1.011550 0.010115
0.558049 1.040350 0.010403
0.558332 1.035490 0.010355
0.558614 0.997713 0.009977
0.558897 1.028110 0.010281
0.559180 1.008890 0.010089
0.559463 1.012930 0.010129
0.559746 1.000690 0.010007
0.560028 0.997713 0.009977
0.560311 0.992988 0.009930
0.560594 0.977034 0.009770
0.560877 0.993627 0.009936
0.561160 0.991650 0.009916
0.561442 1.007280 0.010073
0.561725 0.986001 0.009860
0.562008 0.976248 0.009762
0.562291 0.986760 0.009868
0.562574 1.007210 0.010072
0.562856 1.005390 0.010054
0.563139 1.015620 0.010156
0.563422 1.009860 0.010099
0.563705 0.994508 0.009945
0.563988 1.003610 0.010036
0.564271 0.994614 0.009946
0.564553 1.005790 0.010058
0.564836 1.013120 0.010131
0.565119 1.025130 0.010251
0.565402 1.037510 0.010375
0.565685 1.022940 0.010229
0.565967 1.008440 0.010084
0.566250 0.985801 0.009858
0.566533 0.977829 0.009778
0.566816 0.975909 0.009759
0.567099 0.971652 0.009717
0.567381 0.971422 0.009714
0.567664 0.985649 0.009856
0.567947 1.014300 0.010143
0.568230 1.027920 0.010279
0.568513 1.011110 0.010111
0.568796 1.002480 0.010025
0.569078 1.009990 0.010100
0.569361 0.992238 0.009922
0.569644 0.999143 0.009991
0.569927 1.018410 0.010184
0.570210 1.015190 0.010152
0.570492 1.025920 0.010259
0.570775 1.007000 0.010070
0.571058 0.989428 0.009894
0.571341 0.996318 0.009963
0.571624 0.979512 0.009795
0.571906 0.989202 0.009892
0.572189 0.987419 0.009874
0.572472 0.978913 0.009789
0.572755 0.982811 0.009828
0.573038 0.998208 0.009982
0.573320 0.990302 0.009903
0.573603 0.975343 0.009753
0.573886 0.983770 0.009838
0.574169 0.995606 0.009956
0.574452 1.003640 0.010036
0.574735 0.996040 0.009960
0.575017 0.993331 0.009933
0.575300 0.997150 0.009971
0.575583 0.993356 0.009934
0.575866 0.996211 0.009962
0.576149 1.007200 0.010072
0.576431 0.994801 0.009948
0.576714 1.014170 0.010142
0.576997 1.014880 0.010149
0.577280 1.012440 0.010124
0.577563 1.017210 0.010172
0.577845 0.996882 0.009969
0.578128 1.005250 0.010052
0.578411 1.015260 0.010153
0.578694 0.990063 0.009901
0.578977 0.985061 0.009851
0.579259 0.973793 0.009738
0.579542 0.982570 0.009826
0.579825 0.991766 0.009918
0.580108 0.996867 0.009969
0.580391 1.000950 0.010009
0.580674 0.995023 0.009950
0.580956 0.999931 0.009999
0.581239 1.012600 0.010126
0.581522 1.016940 0.010169
0.581805 1.000150 0.010001
0.582088 0.989328 0.009893
0.582370 0.997565 0.009976
0.582653 0.980006 0.009800
0.582936 0.977528 0.009775
0.583219 0.990010 0.009900
0.583502 0.989263 0.009893
0.583784 0.972452 0.009725
0.584067 0.976753 0.009768
0.584350 0.993358 0.009934
0.584633 1.015320 0.010153
0.584916 1.003770 0.010038
0.585198 1.003490 0.010035
0.585481 1.018590 0.010186
0.585764 1.006150 0.010061
0.586047 1.006120 0.010061
0.586330 0.997459 0.009975
0.586613 0.992045 0.009920
0.586895 1.009170 0.010092
0.587178 1.009250 0.010093
0.587461 1.000550 0.010006
0.587744 0.996120 0.009961
0.588027 1.002860 0.010029
0.588309 1.005990 0.010060
0.588592 1.012130 0.010121
0.588875 1.020710 0.010207
0.589158 1.005820 0.010058
0.589441 0.998165 0.009982
0.589723 1.018390 0.010184
0.590006 0.991401 0.009914
0.590289 0.979568 0.009796
0.590572 0.993348 0.009933
0.590855 0.987202 0.009872
0.591138 1.009610 0.010096
0.591420 1.004920 0.010049
0.591703 0.986641 0.009866
0.591986 1.005640 0.010056
0.592269 0.978866 0.009789
0.592552 0.980466 0.009805
0.592834 0.990583 0.009906
0.593117 0.995432 0.009954
0.593400 0.989520 0.009895
0.593683 0.989709 0.009897
0.593966 0.992639 0.009926
0.594248 0.993849 0.009938
0.594531 1.004220 0.010042
0.594814 0.996130 0.009961
0.595097 1.003120 0.010031
0.595380 1.008580 0.010086
0.595662 0.996521 0.009965
0.595945 0.993105 0.009931
0.596228 1.007040 0.010070
0.596511 1.008190 0.010082
0.596794 1.000470 0.010005
0.597077 0.991103 0.009911
0.597359 1.008070 0.010081
0.597642 1.007410 0.010074
0.597925 0.998269 0.009983
0.598208 1.010300 0.010103
0.598491 1.015850 0.010158
0.598773 1.017630 0.010176
0.599056 1.010840 0.010108
0.599339 1.005490 0.010055
0.599622 1.008970 0.010090
0.599905 1.003730 0.010037
0.600187 1.002490 0.010025
0.600470 1.006620 0.010066
0.600753 0.992783 0.009928
0.601036 0.992284 0.009923
0.601319 1.007370 0.010074
0.601601 0.998691 0.009987
0.601884 1.009050 0.010091
0.602167 1.000570 0.010006
0.602450 0.992263 0.009923
0.602733 0.995663 0.009957
0.603016 0.997161 0.009972
0.603298 0.979290 0.009793
0.603581 0.989094 0.009891
0.603864 1.014310 0.010143
0.604147 1.011620 0.010116
0.604430 0.999462 0.009995
0.604712 1.002410 0.010024
0.604995 1.004570 0.010046
0.605278 1.003950 0.010039
0.605561 1.012850 0.010128
0.605844 1.004510 0.010045
0.606126 1.009900 0.010099
0.606409 1.013110 0.010131
0.606692 0.995236 0.009952
0.606975 0.988198 0.009882
0.607258 0.997828 0.009978
0.607540 0.999683 0.009997
0.607823 1.001580 0.010016
0.608106 1.018630 0.010186
0.608389 1.013630 0.010136
0.608672 1.004960 0.010050
0.608955 1.006300 0.010063
0.609237 0.999344 0.009993
0.609520 0.997267 0.009973
0.609803 1.017740 0.010177
0.610086 1.017290 0.010173
0.610369 1.020030 0.010200
0.610651 1.006840 0.010068
0.610934 1.002720 0.010027
0.611217 1.008560 0.010086
0.611500 1.011100 0.010111
0.611783 1.020130 0.010201
0.612065 1.020440 0.010204
0.612348 1.003530 0.010035
0.612631 1.017780 0.010178
0.612914 1.023900 0.010239
0.613197 1.022590 0.010226
0.613479 1.043100 0.010431
0.613762 1.006610 0.010066
0.614045 1.019020 0.010190
0.614328 1.017640 0.010176
0.614611 1.004150 0.010042
0.614894 0.999580 0.009996
0.615176 1.030320 0.010303
0.615459 1.021640 0.010216
0.615742 1.018980 0.010190
0.616025 1.028810 0.010288
0.616308 1.020560 0.010206
0.616590 1.011310 0.010113
0.616873 1.013430 0.010134
0.617156 1.010250 0.010102
0.617439 0.993558 0.009936
0.617722 0.994828 0.009948
0.618004 0.997602 0.009976
0.618287 0.999240 0.009992
0.618570 1.006760 0.010068
0.618853 1.009190 0.010092
0.619136 1.000190 0.010002
0.619419 0.997032 0.009970
0.619701 1.002810 0.010028
0.619984 1.005360 0.010054
0.620267 1.019110 0.010191
0.620550 1.012490 0.010125
0.620833 1.001960 0.010020
0.621115 1.018260 0.010183
0.621398 1.020620 0.010206
0.621681 1.016370 0.010164
0.621964 1.008750 0.010087
0.622247 1.011440 0.010114
0.622529 1.016490 0.010165
0.622812 1.012480 0.010125
0.623095 1.019390 0.010194
0.623378 1.026310 0.010263
0.623661 1.022640 0.010226
0.623943 1.021610 0.010216
0.624226 1.025090 0.010251
0.624509 1.025830 0.010258
0.624792 1.031680 0.010317
0.625075 1.032480 0.010325
0.625358 1.010580 0.010106
0.625640 1.017310 0.010173
0.625923 1.024210 0.010242
0.626206 1.021360 0.010214
0.626489 1.007740 0.010077
0.626772 1.003580 0.010036
0.627054 1.000650 0.010007
0.627337 1.001020 0.010010
0.627620 1.014300 0.010143
0.627903 1.021350 0.010213
0.628186 1.017740 0.010177
0.628468 1.005600 0.010056
0.628751 0.990166 0.009902
0.629034 0.992620 0.009926
0.629317 1.002240 0.010022
0.629600 1.022250 0.010223
0.629882 1.024560 0.010246
0.630165 1.017640 0.010176
0.630448 1.027310 0.010273
0.630731 1.029020 0.010290
0.631014 1.023610 0.010236
0.631297 1.032820 0.010328
0.631579 1.029450 0.010295
0.631862 1.046360 0.010464
0.632145 1.016460 0.010165
0.632428 0.999617 0.009996
0.632711 1.004990 0.010050
0.632993 1.016760 0.010168
0.633276 1.022340 0.010223
0.633559 1.031260 0.010313
0.633842 1.038700 0.010387
0.634125 1.015130 0.010151
0.634407 1.022580 0.010226
0.634690 1.027780 0.010278
0.634973 1.021650 0.010216
0.635256 1.021320 0.010213
0.635539 1.030470 0.010305
0.635821 1.014250 0.010143
0.636104 1.030920 0.010309
0.636387 1.052040 0.010520
0.636670 1.010300 0.010103
0.636953 1.040430 0.010404
0.637235 1.014280 0.010143
0.637518 1.012930 0.010129
0.637801 1.013040 0.010130
0.638084 1.008970 0.010090
0.638367 1.026930 0.010269
0.638650 1.030810 0.010308
0.638932 1.045720 0.010457
0.639215 1.035400 0.010354
0.639498 1.032600 0.010326
0.639781 1.031240 0.010312
0.640064 1.029490 0.010295
0.640346 1.032890 0.010329
0.640629 1.027130 0.010271
0.640912 1.029640 0.010296
0.641195 1.019160 0.010192
0.641478 1.041170 0.010412
0.641760 1.023080 0.010231
0.642043 1.022930 0.010229
0.642326 1.019170 0.010192
0.642609 1.001980 0.010020
0.642892 1.020170 0.010202
0.643175 1.027840 0.010278
0.643457 1.009800 0.010098
0.643740 1.011580 0.010116
0.644023 1.032440 0.010324
0.644306 1.029500 0.010295
0.644589 1.025410 0.010254
0.644871 1.018520 0.010185
0.645154 1.025900 0.010259
0.645437 1.002000 0.010020
0.645720 1.021030 0.010210
0.646003 1.020940 0.010209
0.646285 1.018730 0.010187
0.646568 1.027820 0.010278
0.646851 1.016600 0.010166
0.647134 1.016310 0.010163
0.647417 1.028860 0.010289
0.647700 1.041820 0.010418
0.647982 1.034330 0.010343
0.648265 1.026460 0.010265
0.648548 1.024120 0.010241
0.648831 1.018540 0.010185
0.649114 1.028300 0.010283
0.649396 1.041730 0.010417
0.649679 1.029100 0.010291
0.649962 1.031120 0.010311
0.650245 1.026480 0.010265
0.650528 1.025990 0.010260
0.650810 1.011150 0.010111
0.651093 1.010640 0.010106
0.651376 1.017540 0.010175
0.651659 1.016610 0.010166
0.651942 1.016290 0.010163
0.652224 1.034470 0.010345
0.652507 1.031890 0.010319
0.652790 1.036750 0.010367
0.653073 1.033910 0.010339
0.653356 1.029770 0.010298
0.653639 1.018240 0.010182
0.653921 1.012920 0.010129
0.654204 1.020520 0.010205
0.654487 1.030590 0.010306
0.654770 1.033030 0.010330
0.655053 1.047840 0.010478
0.655335 1.054510 0.010545
0.655618 1.062460 0.010625
0.655901 1.025990 0.010260
0.656184 1.024740 0.010247
0.656467 1.052030 0.010520
0.656749 1.017490 0.010175
0.657032 1.010970 0.010110
0.657315 1.023400 0.010234
0.657598 1.011970 0.010120
0.657881 1.016720 0.010167
0.658163 1.021630 0.010216
0.658446 1.022560 0.010226
0.658729 1.031160 0.010312
0.659012 1.033510 0.010335
0.659295 1.047990 0.010480
0.659577 1.031770 0.010318
0.659860 1.036550 0.010366
0.660143 1.038490 0.010385
0.660426 1.020920 0.010209
0.660709 1.021990 0.010220
0.660992 1.024740 0.010247
0.661274 1.007650 0.010076
0.661557 1.021700 0.010217
0.661840 1.019890 0.010199
0.662123 1.026780 0.010268
0.662406 1.033500 0.010335
0.662688 1.038400 0.010384
0.662971 1.039770 0.010398
0.663254 1.048750 0.010488
0.663537 1.026890 0.010269
0.663820 1.042260 0.010423
0.664102 1.059410 0.010594
0.664385 1.035490 0.010355
0.664668 1.030120 0.010301
0.664951 1.012680 0.010127
0.665234 1.021370 0.010214
0.665517 1.033910 0.010339
0.665799 1.046930 0.010469
0.666082 1.032380 0.010324
0.666365 1.048190 0.010482
0.666648 1.044510 0.010445
0.666931 1.028210 0.010282
0.667213 1.014310 0.010143
0.667496 1.017580 0.010176
0.667779 1.019380 0.010194
0.668062 1.034680 0.010347
0.668345 1.024620 0.010246
0.668627 1.026710 0.010267
0.668910 1.035210 0.010352
0.669193 1.028140 0.010281
0.669476 1.048870 0.010489
0.669759 1.030070 0.010301
0.670042 1.031570 0.010316
0.670324 1.031400 0.010314
0.670607 1.039940 0.010399
0.670890 1.030470 0.010305
0.671173 1.033250 0.010332
0.671456 1.054380 0.010544
0.671738 1.048400 0.010484
0.672021 1.036540 0.010365
0.672304 1.040140 0.010401
0.672587 1.052170 0.010522
0.672870 1.025910 0.010259
0.673152 1.027580 0.010276
0.673435 1.030350 0.010303
0.673718 1.047670 0.010477
0.674001 1.035440 0.010354
0.674284 1.026940 0.010269
0.674566 1.053240 0.010532
0.674849 1.033390 0.010334
0.675132 1.031040 0.010310
0.675415 1.021970 0.010220
0.675698 1.029750 0.010297
0.675980 1.026870 0.010269
0.676263 1.048630 0.010486
0.676546 1.027970 0.010280
0.676829 1.040800 0.010408
0.677112 1.034260 0.010343
0.677395 1.035790 0.010358
0.677677 1.022240 0.010222
0.677960 1.017420 0.010174
0.678243 1.019260 0.010193
0.678526 1.031920 0.010319
0.678809 1.035100 0.010351
0.679091 1.023410 0.010234
0.679374 1.049530 0.010495
0.679657 1.038920 0.010389
0.679940 1.029310 0.010293
0.680223 1.040420 0.010404
0.680505 1.027150 0.010271
0.680788 1.016550 0.010165
0.681071 1.036530 0.010365
0.681354 1.034960 0.010350
0.681637 1.036910 0.010369
0.681919 1.030850 0.010309
0.682202 1.020650 0.010207
0.682485 1.035870 0.010359
0.682768 1.044720 0.010447
0.683051 1.042150 0.010421
0.683334 1.047060 0.010471
0.683616 1.053620 0.010536
0.683899 1.057520 0.010575
0.684182 1.063580 0.010636
0.684465 1.044830 0.010448
0.684748 1.035850 0.010359
0.685030 1.053220 0.010532
0.685313 1.058460 0.010585
0.685596 1.047550 0.010475
0.685879 1.035260 0.010353
0.686162 1.024440 0.010244
0.686444 1.034510 0.010345
0.686727 1.072150 0.010722
0.687010 1.035260 0.010353
0.687293 1.064010 0.010640
0.687576 1.030880 0.010309
0.687858 1.021510 0.010215
0.688141 1.014060 0.010141
0.688424 1.009580 0.010096
0.688707 1.025230 0.010252
0.688990 1.028650 0.010287
0.689273 1.035130 0.010351
0.689555 1.032840 0.010328
0.689838 1.035240 0.010352
0.690121 1.029520 0.010295
0.690404 1.035540 0.010355
0.690687 1.039930 0.010399
0.690969 1.030570 0.010306
0.691252 1.013960 0.010140
0.691535 1.022150 0.010221
0.691818 1.021090 0.010211
0.692101 1.027830 0.010278
0.692383 1.049170 0.010492
0.692666 1.037690 0.010377
0.692949 1.037100 0.010371
0.693232 1.045820 0.010458
0.693515 1.040080 0.010401
0.693798 1.022790 0.010228
0.694080 1.036550 0.010366
0.694363 1.043190 0.010432
0.694646 1.058330 0.010583
0.694929 1.052510 0.010525
0.695212 1.043670 0.010437
0.695494 1.054170 0.010542
0.695777 1.054790 0.010548
0.696060 1.028870 0.010289
0.696343 1.028040 0.010280
0.696626 1.034370 0.010344
0.696908 1.033270 0.010333
0.697191 1.059470 0.010595
0.697474 1.036990 0.010370
0.697757 1.034560 0.010346
0.698040 1.035880 0.010359
0.698322 1.052620 0.010526
0.698605 1.044430 0.010444
0.698888 1.044670 0.010447
0.699171 1.037030 0.010370
0.699454 1.040310 0.010403
0.699737 1.049280 0.010493
0.700019 1.057740 0.010577
0.700302 1.065400 0.010654
0.700585 1.065990 0.010660
0.700868 1.067090 0.010671
0.701151 1.063590 0.010636
0.701433 1.044690 0.010447
0.701716 1.044100 0.010441
0.701999 1.054010 0.010540
0.702282 1.064530 0.010645
0.702565 1.068620 0.010686
0.702847 1.064160 0.010642
0.703130 1.060670 0.010607
0.703413 1.060030 0.010600
0.703696 1.050620 0.010506
0.703979 1.042040 0.010420
0.704261 1.041340 0.010413
0.704544 1.045260 0.010453
0.704827 1.061210 0.010612
0.705110 1.076300 0.010763
0.705393 1.079360 0.010794
0.705676 1.060220 0.010602
0.705958 1.053860 0.010539
0.706241 1.042650 0.010426
0.706524 1.032590 0.010326
0.706807 1.039960 0.010400
0.707090 1.037880 0.010379
0.707372 1.044930 0.010449
0.707655 1.057660 0.010577
0.707938 1.072130 0.010721
0.708221 1.058150 0.010581
0.708504 1.061620 0.010616
0.708786 1.041640 0.010416
0.709069 1.051650 0.010517
0.709352 1.044750 0.010447
0.709635 1.058460 0.010585
0.709918 1.065600 0.010656
0.710200 1.043900 0.010439
0.710483 1.072210 0.010722
0.710766 1.038250 0.010382
0.711049 1.046140 0.010461
0.711332 1.042450 0.010424
0.711615 1.053570 0.010536
0.711897 1.055030 0.010550
0.712180 1.046800 0.010468
0.712463 1.052780 0.010528
0.712746 1.051670 0.010517
0.713029 1.051920 0.010519
0.713311 1.055910 0.010559
0.713594 1.048450 0.010484
0.713877 1.058640 0.010586
0.714160 1.049030 0.010490
0.714443 1.049690 0.010497
0.714725 1.053430 0.010534
0.715008 1.046670 0.010467
0.715291 1.041020 0.010410
0.715574 1.040460 0.010405
0.715857 1.041250 0.010412
0.716140 1.051120 0.010511
0.716422 1.069470 0.010695
0.716705 1.090650 0.010906
0.716988 1.089650 0.010897
0.717271 1.073300 0.010733
0.717554 1.071910 0.010719
0.717836 1.063560 0.010636
0.718119 1.044430 0.010444
0.718402 1.048330 0.010483
0.718685 1.066620 0.010666
0.718968 1.082930 0.010829
0.719250 1.090410 0.010904
0.719533 1.058110 0.010581
0.719816 1.044090 0.010441
0.720099 1.045040 0.010450
0.720382 1.033310 0.010333
0.720664 1.049160 0.010492
0.720947 1.047430 0.010474
0.721230 1.043990 0.010440
0.721513 1.053630 0.010536
0.721796 1.060320 0.010603
0.722079 1.072460 0.010725
0.722361 1.069070 0.010691
0.722644 1.053880 0.010539
0.722927 1.098570 0.010986
0.723210 1.088770 0.010888
0.723493 1.074580 0.010746
0.723775 1.037470 0.010375
0.724058 1.037580 0.010376
0.724341 1.049010 0.010490
0.724624 1.066060 0.010661
0.724907 1.048310 0.010483
0.725189 1.062400 0.010624
0.725472 1.068760 0.010688
0.725755 1.077800 0.010778
0.726038 1.070350 0.010704
0.726321 1.053740 0.010537
0.726603 1.044810 0.010448
0.726886 1.056450 0.010564
0.727169 1.065520 0.010655
0.727452 1.061490 0.010615
0.727735 1.055800 0.010558
0.728018 1.061650 0.010616
0.728300 1.069460 0.010695
0.728583 1.077280 0.010773
0.728866 1.081470 0.010815
0.729149 1.078880 0.010789
0.729432 1.061820 0.010618
0.729714 1.036140 0.010361
0.729997 1.040050 0.010401
0.730280 1.057910 0.010579
0.730563 1.060800 0.010608
0.730846 1.068050 0.010681
0.731128 1.082210 0.010822
0.731411 1.073560 0.010736
0.731694 1.056860 0.010569
0.731977 1.054400 0.010544
0.732260 1.066890 0.010669
0.732542 1.072980 0.010730
0.732825 1.088120 0.010881
0.733108 1.058120 0.010581
0.733391 1.060860 0.010609
0.733674 1.049440 0.010494
0.733957 1.078700 0.010787
0.734239 1.086000 0.010860
0.734522 1.099120 0.010991
0.734805 1.092510 0.010925
0.735088 1.061760 0.010618
0.735371 1.047010 0.010470
0.735653 1.032330 0.010323
0.735936 1.055550 0.010555
0.736219 1.055190 0.010552
0.736502 1.064970 0.010650
0.736785 1.067600 0.010676
0.737067 1.073400 0.010734
0.737350 1.084450 0.010844
0.737633 1.084940 0.010849
0.737916 1.091710 0.010917
0.738199 1.083610 0.010836
0.738481 1.076070 0.010761
0.738764 1.069740 0.010697
0.739047 1.056920 0.010569
0.739330 1.045420 0.010454
0.739613 1.043380 0.010434
0.739896 1.058140 0.010581
0.740178 1.078700 0.010787
0.740461 1.091640 0.010916
0.740744 1.092580 0.010926
0.741027 1.090480 0.010905
0.741310 1.079090 0.010791
0.741592 1.045850 0.010459
0.741875 1.052270 0.010523
0.742158 1.073400 0.010734
0.742441 1.040360 0.010404
0.742724 1.036390 0.010364
0.743006 1.060300 0.010603
0.743289 1.081940 0.010819
0.743572 1.072250 0.010723
0.743855 1.088650 0.010886
0.744138 1.096600 0.010966
0.744421 1.082150 0.010821
0.744703 1.064780 0.010648
0.744986 1.068160 0.010682
0.745269 1.052810 0.010528
0.745552 1.063220 0.010632
0.745835 1.052200 0.010522
0.746117 1.070660 0.010707
0.746400 1.088060 0.010881
0.746683 1.095660 0.010957
0.746966 1.082520 0.010825
0.747249 1.081050 0.010811
0.747531 1.089000 0.010890
0.747814 1.075780 0.010758
0.748097 1.068530 0.010685
0.748380 1.061300 0.010613
0.748663 1.049530 0.010495
0.748945 1.053380 0.010534
0.749228 1.064290 0.010643
0.749511 1.063040 0.010630
0.749794 1.060680 0.010607
0.750077 1.064290 0.010643
0.750360 1.063220 0.010632
0.750642 1.063040 0.010630
0.750925 1.063220 0.010632
0.751208 1.024850 0.010248
0.751491 1.048890 0.010489
0.751774 1.051690 0.010517
0.752056 1.051460 0.010515
0.752339 1.058240 0.010582
0.752622 1.043190 0.010432
0.752905 1.085620 0.010856
0.753188 1.091990 0.010920
0.753470 1.098830 0.010988
0.753753 1.089940 0.010899
0.754036 1.076460 0.010765
0.754319 1.071850 0.010718
0.754602 1.075880 0.010759
0.754884 1.061810 0.010618
0.755167 1.060850 0.010608
0.755450 1.062770 0.010628
0.755733 1.051980 0.010520
0.756016 1.061330 0.010613
0.756299 1.068720 0.010687
0.756581 1.086130 0.010861
0.756864 1.099290 0.010993
0.757147 1.101530 0.011015
0.757430 1.101130 0.011011
0.757713 1.078150 0.010782
0.757995 1.066300 0.010663
0.758278 1.067010 0.010670
0.758561 1.045980 0.010460
0.758844 1.046420 0.010464
0.759127 1.088350 0.010883
0.759409 1.068720 0.010687
0.759692 1.067010 0.010670
0.759975 1.066300 0.010663
0.760258 1.062770 0.010628
0.760541 1.062770 0.010628
0.760823 1.062770 0.010628
0.761106 1.049980 0.010500
0.761389 1.066300 0.010663
0.761672 1.067010 0.010670
0.761955 1.067010 0.010670
0.762238 1.067010 0.010670
0.762520 1.060070 0.010601
0.762803 1.073480 0.010735
0.763086 1.084120 0.010841
0.763369 1.035880 0.010359
0.763652 1.071910 0.010719
0.763934 1.069940 0.010699
0.764217 1.033340 0.010333
0.764500 1.071910 0.010719
0.764783 1.069940 0.010699
0.765066 1.060740 0.010607
0.765348 1.060020 0.010600
0.765631 1.042040 0.010420
0.765914 1.044970 0.010450
0.766197 1.035550 0.010355
0.766480 1.044980 0.010450
0.766762 1.069040 0.010690
0.767045 1.079620 0.010796
0.767328 1.100590 0.011006
0.767611 1.111540 0.011115
0.767894 1.107940 0.011079
0.768177 1.103550 0.011035
0.768459 1.109550 0.011095
0.768742 1.082310 0.010823
0.769025 1.084740 0.010847
0.769308 1.076940 0.010769
0.769591 1.077230 0.010772
0.769873 1.037620 0.010376
0.770156 1.068690 0.010687
0.770439 1.079620 0.010796
0.770722 1.072850 0.010728
0.771005 1.101760 0.011018
0.771287 1.082220 0.010822
0.771570 1.100480 0.011005
0.771853 1.094320 0.010943
0.772136 1.094790 0.010948
0.772419 1.056140 0.010561
0.772702 1.059210 0.010592
0.772984 1.064580 0.010646
0.773267 1.066350 0.010664
0.773550 1.053330 0.010533
0.773833 1.061540 0.010615
0.774116 1.077560 0.010776
0.774398 1.087250 0.010873
0.774681 1.102500 0.011025
0.774964 1.112990 0.011130
0.775247 1.099030 0.010990
0.775530 1.085500 0.010855
0.775812 1.086790 0.010868
0.776095 1.073780 0.010738
0.776378 1.071810 0.010718
0.776661 1.075790 0.010758
0.776944 1.078580 0.010786
0.777226 1.068690 0.010687
0.777509 1.049520 0.010495
0.777792 1.074710 0.010747
0.778075 1.072320 0.010723
0.778358 1.095340 0.010953
0.778641 1.090000 0.010900
0.778923 1.106800 0.011068
0.779206 1.106650 0.011067
0.779489 1.106940 0.011069
0.779772 1.083870 0.010839
0.780055 1.077910 0.010779
0.780337 1.052010 0.010520
0.780620 1.074010 0.010740
0.780903 1.064600 0.010646
0.781186 1.060700 0.010607
0.781469 1.059870 0.010599
0.781751 1.067360 0.010674
0.782034 1.091530 0.010915
0.782317 1.078580 0.010786
0.782600 1.077910 0.010779
0.782883 1.111720 0.011117
0.783165 1.091330 0.010913
0.783448 1.081060 0.010811
0.783731 1.079410 0.010794
0.784014 1.056290 0.010563
0.784297 1.052340 0.010523
0.784580 1.070190 0.010702
0.784862 1.065120 0.010651
0.785145 1.042090 0.010421
0.785428 1.064180 0.010642
0.785711 1.075740 0.010757
0.785994 1.074630 0.010746
0.786276 1.105440 0.011054
0.786559 1.085030 0.010850
0.786842 1.094680 0.010947
0.787125 1.108480 0.011085
0.787408 1.091120 0.010911
0.787690 1.088320 0.010883
0.787973 1.056660 0.010567
0.788256 1.059880 0.010599
0.788539 1.058160 0.010582
0.788822 1.061350 0.010613
0.789104 1.076840 0.010768
0.789387 1.092500 0.010925
0.789670 1.098390 0.010984
0.789953 1.114640 0.011146
0.790236 1.107430 0.011074
0.790519 1.110040 0.011100
0.790801 1.103490 0.011035
0.791084 1.081050 0.010811
0.791367 1.113260 0.011133
0.791650 1.123970 0.011240
0.791933 1.109420 0.011094
0.792215 1.119450 0.011194
0.792498 1.092980 0.010930
0.792781 1.084680 0.010847
0.793064 1.088260 0.010883
0.793347 1.087090 0.010871
0.793629 1.097430 0.010974
0.793912 1.111860 0.011119
0.794195 1.116850 0.011168
0.794478 1.118430 0.011184
0.794761 1.067690 0.010677
0.795044 1.119750 0.011197
0.795326 1.091750 0.010917
0.795609 1.089800 0.010898
0.795892 1.091940 0.010919
0.796175 1.077280 0.010773
0.796458 1.054860 0.010549
0.796740 1.067940 0.010679
0.797023 1.065180 0.010652
0.797306 1.058650 0.010587
0.797589 1.073130 0.010731
0.797872 1.081650 0.010816
0.798154 1.085360 0.010854
0.798437 1.100510 0.011005
0.798720 1.095690 0.010957
0.799003 1.085860 0.010859
0.799286 1.119100 0.011191
0.799568 1.089070 0.010891
0.799851 1.087790 0.010878
0.800134 1.112940 0.011129
0.800417 1.095000 0.010950
0.800700 1.074590 0.010746
0.800983 1.051610 0.010516
0.801265 1.077490 0.010775
0.801548 1.081210 0.010812
0.801831 1.089070 0.010891
0.802114 1.087620 0.010876
0.802397 1.083010 0.010830
0.802679 1.087790 0.010878
0.802962 1.099340 0.010993
0.803245 1.075250 0.010753
0.803528 1.098010 0.010980
0.803811 1.110170 0.011102
0.804093 1.104930 0.011049
0.804376 1.115110 0.011151
0.804659 1.098040 0.010980
0.804942 1.085450 0.010855
0.805225 1.082590 0.010826
0.805507 1.071580 0.010716
0.805790 1.075410 0.010754
0.806073 1.085050 0.010850
0.806356 1.075410 0.010754
0.806639 1.068060 0.010681
0.806922 1.082350 0.010824
0.807204 1.114010 0.011140
0.807487 1.105970 0.011060
0.807770 1.096240 0.010962
0.808053 1.100380 0.011004
0.808336 1.079800 0.010798
0.808618 1.101050 0.011010
0.808901 1.135750 0.011358
0.809184 1.129310 0.011293
0.809467 1.113370 0.011134
0.809750 1.073780 0.010738
0.810032 1.072980 0.010730
0.810315 1.064600 0.010646
0.810598 1.082630 0.010826
0.810881 1.088380 0.010884
0.811164 1.080840 0.010808
0.811446 1.090700 0.010907
0.811729 1.107890 0.011079
0.812012 1.115560 0.011156
0.812295 1.132560 0.011326
0.812578 1.125570 0.011256
0.812861 1.107520 0.011075
0.813143 1.102450 0.011025
0.813426 1.095030 0.010950
0.813709 1.100900 0.011009
0.813992 1.096620 0.010966
0.814275 1.081220 0.010812
0.814557 1.101050 0.011010
0.814840 1.071880 0.010719
0.815123 1.092070 0.010921
0.815406 1.087730 0.010877
0.815689 1.110850 0.011108
0.815971 1.111680 0.011117
0.816254 1.111120 0.011111
0.816537 1.086610 0.010866
0.816820 1.132920 0.011329
0.817103 1.119000 0.011190
0.817385 1.123080 0.011231
0.817668 1.096020 0.010960
0.817951 1.100900 0.011009
0.818234 1.082100 0.010821
0.818517 1.096020 0.010960
0.818800 1.095030 0.010950
0.819082 1.083680 0.010837
0.819365 1.092070 0.010921
0.819648 1.073450 0.010734
0.819931 1.052620 0.010526
0.820214 1.060420 0.010604
0.820496 1.110200 0.011102
0.820779 1.131440 0.011314
0.821062 1.138990 0.011390
0.821345 1.140940 0.011409
0.821628 1.140980 0.011410
0.821910 1.120090 0.011201
0.822193 1.129680 0.011297
0.822476 1.130660 0.011307
0.822759 1.088340 0.010883
0.823042 1.077480 0.010775
0.823325 1.080310 0.010803
0.823607 1.082230 0.010822
0.823890 1.105380 0.011054
0.824173 1.107210 0.011072
0.824456 1.070520 0.010705
0.824739 1.088830 0.010888
0.825021 1.094390 0.010944
0.825304 1.116370 0.011164
0.825587 1.137440 0.011374
0.825870 1.117680 0.011177
0.826153 1.108830 0.011088
0.826435 1.117660 0.011177
0.826718 1.139610 0.011396
0.827001 1.142700 0.011427
0.827284 1.107210 0.011072
0.827567 1.096510 0.010965
0.827849 1.110730 0.011107
0.828132 1.099080 0.010991
0.828415 1.105380 0.011054
0.828698 1.115090 0.011151
0.828981 1.125240 0.011252
0.829263 1.082940 0.010829
0.829546 1.107630 0.011076
0.829829 1.123170 0.011232
0.830112 1.106410 0.011064
0.830395 1.110480 0.011105
0.830678 1.148590 0.011486
0.830960 1.136410 0.011364
0.831243 1.128150 0.011281
0.831526 1.132730 0.011327
0.831809 1.126190 0.011262
0.832092 1.114560 0.011146
0.832374 1.083360 0.010834
0.832657 1.097780 0.010978
0.832940 1.104080 0.011041
0.833223 1.093840 0.010938
0.833506 1.086060 0.010861
0.833788 1.088860 0.010889
0.834071 1.089440 0.010894
0.834354 1.100140 0.011001
0.834637 1.107370 0.011074
0.834920 1.097840 0.010978
0.835203 1.127890 0.011279
0.835485 1.106410 0.011064
0.835768 1.128950 0.011289
0.836051 1.104080 0.011041
0.836334 1.101840 0.011018
0.836617 1.141570 0.011416
0.836899 1.101840 0.011018
0.837182 1.090860 0.010909
0.837465 1.096630 0.010966
0.837748 1.086270 0.010863
0.838031 1.065860 0.010659
0.838313 1.104080 0.011041
0.838596 1.081440 0.010814
0.838879 1.076590 0.010766
0.839162 1.107370 0.011074
0.839445 1.107530 0.011075
0.839727 1.112920 0.011129
0.840010 1.126940 0.011269
0.840293 1.119890 0.011199
0.840576 1.127600 0.011276
0.840859 1.131760 0.011318
0.841142 1.112130 0.011121
0.841424 1.093010 0.010930
0.841707 1.097720 0.010977
0.841990 1.113650 0.011136
0.842273 1.128120 0.011281
0.842556 1.145680 0.011457
0.842838 1.107530 0.011075
0.843121 1.135190 0.011352
0.843404 1.107530 0.011075
0.843687 1.078030 0.010780
0.843970 1.112920 0.011129
0.844252 1.112920 0.011129
0.844535 1.132620 0.011326
0.844818 1.143160 0.011432
0.845101 1.121330 0.011213
0.845384 1.146120 0.011461
0.845667 1.150250 0.011502
0.845949 1.151780 0.011518
0.846232 1.121330 0.011213
0.846515 1.140340 0.011403
0.846798 1.088960 0.010890
0.847081 1.128190 0.011282
0.847363 1.128360 0.011284
0.847646 1.098510 0.010985
0.847929 1.102270 0.011023
0.848212 1.106750 0.011067
0.848495 1.128190 0.011282
0.848777 1.135810 0.011358
0.849060 1.093160 0.010932
0.849343 1.128190 0.011282
0.849626 1.128240 0.011282
0.849909 1.101870 0.011019
0.850191 1.128240 0.016924
0.850474 1.128240 0.016924
0.850757 1.159030 0.017385
0.851040 1.128360 0.016925
0.851323 1.093830 0.016407
0.851605 1.147460 0.017212
0.851888 1.131500 0.016972
0.852171 1.144990 0.017175
0.852454 1.106750 0.016601
0.852737 1.106750 0.016601
0.853020 1.142500 0.017137
0.853302 1.127800 0.016917
0.853585 1.080340 0.016205
0.853868 1.098880 0.016483
0.854151 1.083420 0.016251
0.854434 1.098980 0.016485
0.854716 1.131440 0.016972
0.854999 1.128240 0.016924
0.855282 1.114660 0.016720
0.855565 1.136140 0.017042
0.855848 1.142450 0.017137
0.856130 1.114660 0.016720
0.856413 1.114420 0.016716
0.856696 1.114420 0.016716
0.856979 1.114660 0.016720
0.857262 1.114420 0.016716
0.857545 1.109300 0.016639
0.857827 1.100970 0.016515
0.858110 1.089670 0.016345
0.858393 1.084300 0.016265
0.858676 1.102160 0.016532
0.858959 1.085340 0.016280
0.859241 1.114420 0.016716
0.859524 1.137040 0.017056
0.859807 1.146350 0.017195
0.860090 1.114660 0.016720
0.860373 1.114660 0.016720
0.860655 1.097100 0.016456
0.860938 1.129090 0.016936
0.861221 1.115360 0.016730
0.861504 1.085340 0.016280
0.861787 1.107910 0.016619
0.862069 1.126360 0.016895
0.862352 1.117190 0.016758
0.862635 1.090040 0.016351
0.862918 1.117190 0.016758
0.863201 1.090520 0.016358
0.863483 1.099360 0.016490
0.863766 1.135940 0.017039
0.864049 1.168590 0.017529
0.864332 1.134920 0.017024
0.864615 1.135940 0.017039
0.864898 1.135940 0.017039
0.865180 1.163570 0.017454
0.865463 1.151820 0.017277
0.865746 1.157500 0.017362
0.866029 1.142920 0.017144
0.866312 1.129230 0.016938
0.866594 1.158360 0.017375
0.866877 1.149010 0.017235
0.867160 1.114370 0.016716
0.867443 1.090900 0.016363
0.867726 1.092980 0.016395
0.868008 1.105590 0.016584
0.868291 1.134920 0.017024
0.868574 1.134480 0.017017
0.868857 1.120800 0.016812
0.869140 1.149550 0.017243
0.869423 1.134480 0.017017
0.869705 1.132000 0.016980
0.869988 1.158690 0.017380
0.870271 1.129230 0.016938
0.870554 1.132000 0.016980
0.870837 1.104990 0.016575
0.871119 1.122800 0.016842
0.871402 1.088570 0.016329
0.871685 1.120800 0.016812
0.871968 1.120800 0.016812
0.872251 1.120800 0.016812
0.872533 1.085340 0.016280
0.872816 1.117230 0.016758
0.873099 1.136090 0.017041
0.873382 1.146590 0.017199
0.873665 1.146390 0.017196
0.873947 1.122800 0.016842
0.874230 1.129230 0.016938
0.874513 1.129230 0.016938
0.874796 1.128080 0.016921
0.875079 1.089310 0.016340
0.875362 1.152590 0.017289
0.875644 1.146480 0.017197
0.875927 1.135690 0.017035
0.876210 1.119880 0.016798
0.876493 1.101940 0.016529
0.876776 1.113810 0.016707
0.877058 1.128080 0.016921
0.877341 1.143890 0.017158
0.877624 1.164480 0.017467
0.877907 1.155360 0.017330
0.878190 1.152120 0.017282
0.878472 1.126360 0.016895
0.878755 1.132600 0.016989
0.879038 1.168930 0.017534
0.879321 1.143750 0.017156
0.879604 1.136300 0.017044
0.879887 1.107010 0.016605
0.880169 1.128080 0.016921
0.880452 1.094940 0.016424
0.880735 1.110490 0.016657
0.881018 1.127690 0.016915
0.881301 1.086380 0.016296
0.881583 1.091610 0.016374
0.881866 1.136030 0.017040
0.882149 1.141910 0.017129
0.882432 1.135720 0.017036
0.882715 1.140200 0.017103
0.882997 1.156280 0.017344
0.883280 1.153920 0.017309
0.883563 1.152640 0.017290
0.883846 1.160340 0.017405
0.884129 1.127690 0.016915
0.884411 1.098410 0.016476
0.884694 1.118690 0.016780
0.884977 1.103650 0.016555
0.885260 1.088660 0.016330
0.885543 1.127690 0.016915
0.885825 1.094830 0.016422
0.886108 1.104760 0.016571
0.886391 1.090550 0.016358
0.886674 1.127690 0.016915
0.886957 1.109080 0.016636
0.887240 1.133360 0.017000
0.887522 1.126490 0.016897
0.887805 1.146830 0.017202
0.888088 1.126490 0.016897
0.888371 1.166350 0.017495
0.888654 1.140070 0.017101
0.888936 1.130770 0.016962
0.889219 1.154560 0.017318
0.889502 1.121620 0.016824
0.889785 1.146480 0.017197
0.890068 1.121620 0.016824
0.890350 1.146210 0.017193
0.890633 1.119400 0.016791
0.890916 1.126490 0.016897
0.891199 1.108230 0.016623
0.891482 1.121620 0.016824
0.891765 1.121620 0.016824
0.892047 1.104440 0.016567
0.892330 1.098820 0.016482
0.892613 1.118340 0.016775
0.892896 1.107740 0.016616
0.893179 1.140210 0.017103
0.893461 1.160850 0.017413
0.893744 1.137430 0.017061
0.894027 1.124170 0.016863
0.894310 1.137990 0.017070
0.894593 1.124170 0.016863
0.894875 1.141090 0.017116
0.895158 1.105420 0.016581
0.895441 1.097310 0.016460
0.895724 1.090460 0.016357
0.896007 1.082660 0.016240
0.896289 1.096700 0.016450
0.896572 1.102770 0.016542
0.896855 1.117230 0.016758
0.897138 1.101470 0.016522
0.897421 1.123760 0.016856
0.897704 1.123760 0.016856
0.897986 1.149820 0.017247
0.898269 1.124170 0.016863
0.898552 1.125600 0.016884
0.898835 1.128080 0.016921
0.899118 1.125600 0.016884
0.899400 1.159300 0.017389
0.899683 1.127280 0.016909
0.899966 1.154380 0.017316
0.900249 1.162310 0.017435
0.900532 1.127280 0.016909
0.900814 1.128080 0.016921
0.901097 1.106720 0.016601
0.901380 1.134340 0.017015
0.901663 1.134340 0.017015
0.901946 1.134340 0.017015
0.902229 1.117230 0.016758
0.902511 1.127280 0.016909
0.902794 1.123760 0.016856
0.903077 1.099880 0.016498
0.903360 1.117940 0.016769
0.903643 1.134340 0.017015
0.903925 1.159380 0.017391
0.904208 1.134580 0.017019
0.904491 1.137330 0.017060
0.904774 1.154890 0.017323
0.905057 1.139540 0.017093
0.905339 1.157670 0.017365
0.905622 1.160620 0.017409
0.905905 1.137330 0.017060
0.906188 1.138790 0.017082
0.906471 1.139590 0.017094
0.906753 1.109550 0.016643
0.907036 1.095470 0.016432
0.907319 1.101210 0.016518
0.907602 1.120040 0.016801
0.907885 1.103100 0.016546
0.908167 1.171850 0.017578
0.908450 1.134580 0.017019
0.908733 1.134580 0.017019
0.909016 1.138790 0.017082
0.909299 1.139540 0.017093
0.909582 1.139540 0.017093
0.909864 1.159650 0.017395
0.910147 1.139540 0.017093
0.910430 1.177670 0.017665
0.910713 1.115260 0.016729
0.910996 1.103250 0.016549
0.911278 1.115750 0.016736
0.911561 1.133920 0.017009
0.911844 1.133070 0.016996
0.912127 1.119820 0.016797
0.912410 1.105680 0.016585
0.912692 1.130240 0.016954
0.912975 1.139870 0.017098
0.913258 1.133920 0.017009
0.913541 1.143070 0.017146
0.913824 1.151160 0.017267
0.914107 1.171440 0.017572
0.914389 1.133070 0.016996
0.914672 1.164500 0.017467
0.914955 1.133920 0.017009
0.915238 1.139870 0.017098
0.915521 1.148730 0.017231
0.915803 1.133070 0.016996
0.916086 1.097210 0.016458
0.916369 1.141540 0.017123
0.916652 1.103600 0.016554
0.916935 1.103020 0.016545
0.917217 1.125780 0.016887
0.917500 1.143040 0.017146
0.917783 1.119920 0.016799
0.918066 1.108320 0.016625
0.918349 1.157950 0.017369
0.918631 1.111460 0.016672
0.918914 1.102930 0.016544
0.919197 1.122600 0.016839
0.919480 1.141540 0.017123
0.919763 1.141540 0.017123
0.920046 1.133770 0.017007
0.920328 1.133770 0.017007
0.920611 1.141880 0.017128
0.920894 1.133020 0.016995
0.921177 1.151880 0.017278
0.921460 1.115420 0.016731
0.921742 1.104060 0.016561
0.922025 1.128960 0.016934
0.922308 1.129650 0.016945
0.922591 1.124840 0.016873
0.922874 1.127440 0.016912
0.923156 1.133020 0.016995
0.923439 1.154830 0.017322
0.923722 1.120310 0.016805
0.924005 1.109750 0.016646
0.924288 1.165740 0.017486
0.924571 1.151880 0.017278
0.924853 1.154830 0.017322
0.925136 1.165330 0.017480
0.925419 1.133770 0.017007
0.925702 1.180780 0.017712
0.925985 1.159350 0.017390
0.926267 1.151880 0.017278
0.926550 1.151880 0.017278
0.926833 1.149990 0.017250
0.927116 1.149990 0.017250
0.927399 1.149980 0.017250
0.927681 1.182330 0.017735
0.927964 1.159750 0.017396
0.928247 1.149990 0.017250
0.928530 1.124970 0.016875
0.928813 1.184570 0.017769
0.929095 1.149980 0.017250
0.929378 1.149990 0.017250
0.929661 1.157010 0.017355
0.929944 1.160980 0.017415
0.930227 1.177400 0.017661
0.930509 1.134210 0.017013
0.930792 1.172530 0.017588
0.931075 1.149980 0.017250
0.931358 1.165790 0.017487
0.931641 1.126790 0.016902
0.931924 1.149990 0.017250
0.932206 1.149980 0.017250
0.932489 1.149980 0.017250
0.932772 1.149980 0.017250
0.933055 1.137140 0.017057
0.933338 1.136420 0.017046
0.933620 1.140770 0.017112
0.933903 1.144510 0.017168
0.934186 1.124170 0.016863
0.934469 1.169030 0.017535
0.934752 1.144510 0.017168
0.935034 1.144510 0.017168
0.935317 1.150970 0.017265
0.935600 1.118160 0.016772
0.935883 1.144510 0.017168
0.936166 1.134150 0.017012
0.936449 1.150180 0.017253
0.936731 1.137140 0.017057
0.937014 1.172450 0.017587
0.937297 1.140770 0.017112
0.937580 1.098800 0.016482
0.937862 1.136420 0.017046
0.938145 1.136420 0.017046
0.938428 1.136420 0.017046
0.938711 1.136420 0.017046
0.938994 1.154630 0.017319
0.939277 1.141880 0.017128
0.939559 1.135990 0.017040
0.939842 1.150180 0.017253
0.940125 1.150180 0.017253
0.940408 1.150180 0.017253
0.940691 1.150180 0.017253
0.940973 1.145530 0.017183
0.941256 1.116520 0.016748
0.941539 1.145530 0.017183
0.941822 1.145530 0.017183
0.942105 1.141880 0.017128
0.942388 1.117590 0.016764
0.942670 1.097340 0.016460
0.942953 1.119720 0.016796
0.943236 1.171630 0.017574
0.943519 1.120260 0.016804
0.943802 1.148480 0.017227
0.944084 1.148480 0.017227
0.944367 1.179720 0.017696
0.944650 1.141880 0.017128
0.944933 1.148480 0.017227
0.945216 1.148480 0.017227
0.945498 1.148480 0.017227
0.945781 1.148480 0.017227
0.946064 1.148480 0.017227
0.946347 1.145530 0.017183
0.946630 1.110350 0.016655
0.946912 1.110520 0.016658
0.947195 1.148480 0.017227
0.947478 1.147910 0.017219
0.947761 1.147910 0.017219
0.948044 1.147910 0.017219
0.948327 1.147910 0.017219
0.948609 1.147910 0.017219
0.948892 1.148480 0.017227
0.949175 1.172590 0.017589
0.949458 1.147910 0.017219
0.949741 1.177330 0.017660
0.950023 1.148010 0.017220
0.950306 1.120960 0.016814
0.950589 1.115790 0.016737
0.950872 1.151370 0.017271
0.951155 1.148480 0.017227
0.951437 1.172540 0.017588
0.951720 1.147910 0.017219
0.952003 1.144760 0.017171
0.952286 1.166770 0.017502
0.952569 1.148480 0.017227
0.952851 1.119480 0.016792
0.953134 1.151370 0.017271
0.953417 1.151370 0.017271
0.953700 1.151370 0.017271
0.953983 1.148480 0.017227
0.954266 1.127890 0.016918
0.954548 1.151370 0.017271
0.954831 1.148010 0.017220
0.955114 1.148010 0.017220
0.955397 1.174770 0.017622
0.955680 1.144760 0.017171
0.955962 1.144760 0.017171
0.956245 1.148010 0.017220
0.956528 1.168530 0.017528
0.956811 1.105780 0.016587
0.957094 1.143420 0.017151
0.957376 1.143420 0.017151
0.957659 1.174050 0.017611
0.957942 1.164570 0.017469
0.958225 1.162070 0.017431
0.958508 1.144410 0.017166
0.958791 1.127890 0.016918
0.959073 1.132550 0.016988
0.959356 1.142650 0.017140
0.959639 1.151780 0.017277
0.959922 1.143420 0.017151
0.960204 1.125220 0.016878
0.960487 1.143420 0.017151
0.960770 1.142650 0.017140
0.961053 1.104250 0.016564
0.961336 1.132550 0.016988
0.961619 1.125220 0.016878
0.961901 1.123110 0.016847
0.962184 1.085380 0.016281
0.962467 1.099760 0.016496
0.962750 1.132550 0.016988
0.963033 1.142650 0.017140
0.963315 1.125220 0.016878
0.963598 1.125140 0.016877
0.963881 1.125140 0.016877
0.964164 1.104340 0.016565
0.964447 1.125220 0.016878
0.964729 1.164280 0.017464
0.965012 1.128210 0.016923
0.965295 1.125140 0.016877
0.965578 1.123110 0.016847
0.965861 1.151390 0.017271
0.966144 1.125140 0.016877
0.966426 1.119260 0.016789
0.966709 1.119260 0.016789
0.966992 1.104340 0.016565
0.967275 1.133650 0.017005
0.967558 1.101300 0.016519
0.967840 1.101300 0.016519
0.968123 1.138610 0.017079
0.968406 1.104340 0.016565
0.968689 1.103820 0.016557
0.968972 1.101300 0.016519
0.988910 1.156640 0.017350
0.993880 1.148430 0.017226
0.998930 1.119750 0.016796
1.004030 1.165050 0.017476
1.009200 1.143960 0.017159
1.014440 1.129340 0.016940
1.019740 1.164370 0.017466
1.025100 1.165990 0.017490
1.030520 1.177540 0.017663
1.036030 1.151130 0.017267
1.041580 1.177980 0.017670
1.047220 1.188690 0.017830
1.052920 1.175740 0.017636
1.058680 1.142150 0.017132
1.064510 1.160220 0.017403
1.070430 1.170750 0.017561
1.076420 1.188220 0.017823
1.082460 1.188380 0.017826
1.088600 1.169900 0.017548
1.094790 1.174410 0.017616
1.101060 1.178270 0.017674
1.189550 1.210000 0.018150
1.196910 1.202170 0.018033
1.204340 1.223080 0.018346
1.211850 1.228150 0.018422
1.219430 1.221840 0.018328
1.227080 1.233850 0.018508
1.234850 1.216070 0.018241
1.242670 1.241660 0.018625
1.250570 1.227040 0.018406
1.258540 1.227600 0.018414
1.266600 1.248250 0.018724
1.274730 1.227510 0.018413
1.282940 1.231250 0.018469
1.291200 1.243130 0.018647
1.299570 1.241760 0.018626
1.308000 1.237870 0.018568
1.490460 1.306500 0.026130
1.500180 1.293310 0.025866
1.509950 1.305010 0.026100
1.519730 1.285040 0.025701
1.529600 1.287130 0.019307
1.539480 1.296980 0.019455
1.549400 1.302950 0.019544
1.559350 1.326440 0.019897
1.569340 1.304420 0.019566
1.579380 1.322780 0.019842
1.589430 1.311460 0.019672
1.599530 1.316510 0.019748
1.609660 1.308290 0.019624
1.619780 1.298940 0.019484
1.629930 1.290650 0.019360
1.640110 1.329250 0.019939
1.650330 1.311700 0.019675
1.660560 1.321580 0.019824
1.670800 1.327280 0.019909
1.681060 1.313860 0.019708
1.691330 1.295680 0.019435
1.701600 1.318110 0.019772
1.711930 1.347740 0.020216
1.722250 1.341110 0.020117
1.732550 1.336210 0.020043
1.742860 1.307560 0.019613
1.753190 1.311250 0.039337
1.763530 1.328580 0.039857
1.773850 1.319280 0.039578
1.784190 1.315820 0.039475
1.969210 1.358160 0.040745
1.979360 1.373970 0.041219
1.989490 1.358540 0.040756
1.999620 1.337080 0.040112
2.009710 1.308200 0.039246
2.019820 1.335010 0.040050
2.029850 1.379060 0.041372
2.039920 1.384350 0.041530
2.049920 1.396180 0.041885
2.059930 1.378360 0.020675
2.069900 1.359150 0.020387
2.079880 1.374710 0.020621
2.089790 1.399420 0.020991
2.099720 1.409740 0.021146
2.109600 1.451270 0.021769
2.119470 1.418090 0.021271
2.129310 1.408560 0.021128
2.139120 1.457420 0.021861
2.148920 1.479540 0.022193
2.158680 1.457050 0.021856
2.168410 1.430080 0.021451
2.178140 1.413040 0.021196
2.187820 1.436020 0.021540
2.197480 1.412730 0.021191
2.207110 1.430880 0.021463
2.216720 1.435970 0.021540
2.226320 1.406600 0.021099
2.235850 1.448860 0.021733
2.245400 1.406900 0.021103
2.254900 1.442760 0.021641
2.264400 1.407840 0.021118
2.273830 1.416290 0.021244
2.283240 1.415820 0.021237
2.292640 1.432320 0.021485
2.302000 1.436840 0.021553
2.311360 1.442840 0.021643
2.320660 1.422620 0.021339
2.329950 1.378760 0.020681
2.339220 1.402980 0.021045
2.348440 1.405540 0.021083
2.357630 1.406950 0.021104
2.366810 1.401180 0.021018
