    0.8200    0.9914    0.0110         3
    0.8250    0.9791    0.0110         3
    0.8300    0.9579    0.0110         3
    0.8350    0.9666    0.0110         3
    0.8400    0.9448    0.0100         3
    0.8450    0.9423    0.0100         3
    0.8500   -1.0000   -1.0000         0
    0.8550    0.9245    0.0100         1
    0.8600    0.9107    0.0090         3
    0.8650    0.9055    0.0110         3
    0.8700    0.8901    0.0100         3
    0.8750    0.8821    0.0100         3
    0.8800    0.8722    0.0090         3
    0.8850    0.8782    0.0080         3
    0.8900    0.8785    0.0080         3
    0.8950    0.8684    0.0080         3
    0.9000    0.8644    0.0080         3
    0.9050    0.8686    0.0090         3
    0.9100    0.8514    0.0080         3
    0.9150    0.8532    0.0080         3
    0.9200    0.8630    0.0090         3
    0.9250    0.8545    0.0070         3
    0.9300    0.8453    0.0090         3
    0.9350    0.8489    0.0080         3
    0.9400    0.8533    0.0080         3
    0.9450    0.8464    0.0080         3
    0.9500    0.8371    0.0080         3
    0.9550    0.8415    0.0070         3
    0.9600    0.8384    0.0080         3
    0.9650    0.8454    0.0070         3
    0.9700    0.8414    0.0070         3
    0.9750    0.8404    0.0070         3
    0.9800    0.8472    0.0070         3
    0.9850    0.8565    0.0070         3
    0.9900    0.8507    0.0070         3
    0.9950    0.8498    0.0070         3
    1.0000    0.8527    0.0070         3
    1.0050    0.8668    0.0070         3
    1.0100    0.8702    0.0070         3
    1.0150    0.8680    0.0070         3
    1.0200    0.8694    0.0070         3
    1.0250    0.8641    0.0070         3
    1.0300    0.8614    0.0070         3
    1.0350    0.8661    0.0060         3
    1.0400    0.8683    0.0060         3
    1.0450    0.8736    0.0060         3
    1.0500    0.8722    0.0070         3
    1.0550    0.8793    0.0070         3
    1.0600    0.8812    0.0080         3
    1.0650    0.8875    0.0070         3
    1.0700    0.8870    0.0060         3
    1.0750    0.8966    0.0060         3
    1.0800    0.8973    0.0060         3
    1.0850    0.9003    0.0060         3
    1.0900    0.9069    0.0070         3
    1.0950    0.9012    0.0070         3
    1.1000    0.9156    0.0060         3
    1.1050    0.9256    0.0070         3
    1.1100    0.9194    0.0070         3
    1.1150    0.9196    0.0080         3
    1.1200    0.9250    0.0080         3
    1.1250    0.9404    0.0070         3
    1.1300    0.9406    0.0070         3
    1.1350    0.9391    0.0080         3
    1.1400    0.9543    0.0070         3
    1.1450    0.9574    0.0070         3
    1.1500    0.9646    0.0070         3
    1.1550    0.9558    0.0080         3
    1.1600    0.9658    0.0080         3
    1.1650    0.9730    0.0070         3
    1.1700    0.9770    0.0070         3
    1.1750    0.9816    0.0070         3
    1.1800    0.9810    0.0070         3
    1.1850    0.9791    0.0070         3
    1.1900    0.9900    0.0070         3
    1.1950    0.9946    0.0060         3
    1.2000    0.9959    0.0060         3
    1.2050    0.9973    0.0060         3
    1.2100    0.9943    0.0060         3
    1.2150    0.9951    0.0060         3
    1.2200    1.0001    0.0070         3
    1.2250    0.9993    0.0070         3
    1.2300    1.0021    0.0060         3
    1.2350    1.0110    0.0060         3
    1.2400    1.0084    0.0060         3
    1.2450    1.0155    0.0070         3
    1.2500    1.0290    0.0070         1
    1.2550    1.0121    0.0060         3
    1.2600    1.0106    0.0060         3
    1.2650    1.0089    0.0070         3
    1.2700    1.0096    0.0080         3
    1.2750    1.0202    0.0070         3
    1.2800    1.0183    0.0060         3
    1.2850    1.0154    0.0070         3
    1.2900    1.0265    0.0070         3
    1.2950    1.0322    0.0060         3
    1.3000    1.0278    0.0070         3
    1.3050    1.0261    0.0070         3
    1.3100    1.0410    0.0060         3
    1.3150    1.0532    0.0070         3
    1.3200    1.0534    0.0070         3
    1.3250    1.0513    0.0070         3
    1.3300    1.0543    0.0070         3
    1.3350    1.0568    0.0080         3
    1.3400    1.0581    0.0090         1
    1.3450   -1.0000   -1.0000         0
    1.3500   -1.0000   -1.0000         0
    1.3550    1.0572    0.0120         1
    1.3600    1.0592    0.0140         2
    1.3650    1.0595    0.0120         3
    1.3700    1.0743    0.0120         2
    1.3750    1.0691    0.0130         3
    1.3800    1.0778    0.0120         3
    1.3850    1.0673    0.0130         3
    1.3900    1.0761    0.0130         3
    1.3950    1.0899    0.0120         3
    1.4000    1.0917    0.0100         3
    1.4050    1.0967    0.0110         3
    1.4100    1.0980    0.0110         3
    1.4150    1.0989    0.0100         2
    1.4200    1.1022    0.0090         3
    1.4250    1.1032    0.0090         3
    1.4300    1.1074    0.0090         3
    1.4350    1.1184    0.0090         3
    1.4400    1.1200    0.0090         3
    1.4450    1.1196    0.0090         3
    1.4500    1.1261    0.0090         3
    1.4550    1.1304    0.0090         2
    1.4600    1.1100    0.0090         2
    1.4650    1.1151    0.0080         3
    1.4700    1.1330    0.0080         3
    1.4750    1.1422    0.0080         3
    1.4800    1.1201    0.0080         2
    1.4850    1.1283    0.0080         3
    1.4900    1.1433    0.0080         3
    1.4950    1.1325    0.0090         3
    1.5000    1.1304    0.0080         3
    1.5050    1.1432    0.0080         3
    1.5100    1.1454    0.0080         3
    1.5150    1.1445    0.0090         3
    1.5200    1.1194    0.0090         3
    1.5250    1.1417    0.0080         3
    1.5300    1.1645    0.0080         3
    1.5350    1.1547    0.0080         3
    1.5400    1.1431    0.0080         3
    1.5450    1.1601    0.0080         3
    1.5500    1.1521    0.0080         3
    1.5550    1.1509    0.0090         3
    1.5600    1.1534    0.0080         3
    1.5650    1.1631    0.0090         3
    1.5700    1.1566    0.0080         3
    1.5750    1.1565    0.0080         3
    1.5800    1.1636    0.0080         3
    1.5850    1.1512    0.0080         3
    1.5900    1.1626    0.0080         3
    1.5950    1.1633    0.0090         3
    1.6000    1.1565    0.0080         3
    1.6050    1.1488    0.0090         3
    1.6100    1.1439    0.0090         3
    1.6150    1.1441    0.0090         3
    1.6200    1.1403    0.0080         3
    1.6250    1.1696    0.0110         3
    1.6300    1.1458    0.0090         3
    1.6350    1.1525    0.0090         3
    1.6400    1.1416    0.0090         3
    1.6450    1.1314    0.0090         3
    1.6500    1.1376    0.0080         3
    1.6550    1.1435    0.0110         3
    1.6600    1.1509    0.0100         3
    1.6650    1.1419    0.0080         3
    1.6700    1.1371    0.0090         3
    1.6750    1.1339    0.0100         3
    1.6800    1.1246    0.0090         3
    1.6850    1.1221    0.0090         3
    1.6900    1.1131    0.0090         3
    1.6950    1.1325    0.0100         3
    1.7000    1.1303    0.0100         3
    1.7050    1.1189    0.0100         3
    1.7100    1.1214    0.0100         3
    1.7150    1.1259    0.0090         3
    1.7200    1.1215    0.0090         3
    1.7250    1.1313    0.0100         3
    1.7300    1.1179    0.0090         3
    1.7350    1.1093    0.0090         3
    1.7400    1.1083    0.0100         3
    1.7450    1.1170    0.0090         3
    1.7500    1.0992    0.0090         3
    1.7550    1.1030    0.0100         3
    1.7600    1.1012    0.0100         3
    1.7650    1.1164    0.0100         3
    1.7700    1.0960    0.0100         3
    1.7750    1.1098    0.0090         3
    1.7800    1.0944    0.0100         3
    1.7850    1.0911    0.0110         3
    1.7900    1.0818    0.0110         3
    1.7950    1.0953    0.0110         3
    1.8000    1.1107    0.0120         3
    1.8050   -1.0000   -1.0000         0
    1.8100    1.0929    0.0130         3
    1.8150    1.0934    0.0130         3
    1.8200    1.1037    0.0130         3
    1.8250    1.1036    0.0140         3
    1.8300    1.0695    0.0180         3
    1.8350    1.0980    0.0200         2
    1.8400    1.0777    0.0180         3
    1.8450    1.0873    0.0180         3
    1.8500    1.0997    0.0180         3
    1.8550    1.0949    0.0170         3
    1.8600    1.0643    0.0160         3
    1.8650    1.0577    0.0240         1
    1.8700    1.0813    0.0210         2
    1.8750   -1.0000   -1.0000         0
    1.8800    1.1009    0.0170         1
    1.8850    1.0858    0.0170         3
    1.8900    1.0925    0.0160         3
    1.8950    1.0778    0.0190         3
    1.9000    1.0483    0.0200         3
    1.9050    1.0552    0.0170         3
    1.9100    1.0908    0.0210         3
    1.9150    1.0589    0.0170         3
    1.9200    1.0488    0.0160         3
    1.9250    1.0766    0.0150         3
    1.9300    1.0586    0.0140         3
    1.9350    1.0441    0.0150         3
    1.9400    1.0633    0.0140         3
    1.9450    1.0678    0.0140         3
    1.9500    1.0734    0.0150         3
    1.9550    1.0738    0.0140         3
    1.9600    1.0439    0.0130         3
    1.9650    1.0836    0.0150         3
    1.9700    1.0435    0.0140         3
    1.9750    1.0486    0.0120         3
    1.9800    1.0350    0.0120         3
    1.9850    1.0437    0.0120         3
    1.9900    1.0589    0.0130         3
    1.9950    1.0443    0.0160         3
    2.0000    1.0542    0.0180         3
    2.0050    1.0590    0.0170         1
    2.0100    1.0368    0.0150         3
    2.0150    1.0465    0.0160         3
    2.0200    1.0663    0.0160         3
    2.0250    1.0568    0.0140         3
    2.0300    1.0299    0.0130         2
    2.0350    1.0604    0.0120         3
    2.0400    1.0512    0.0130         3
    2.0450    1.0532    0.0140         3
    2.0500    1.0744    0.0140         3
    2.0550    1.0769    0.0140         3
    2.0600    1.0880    0.0140         1
    2.0650    1.0602    0.0150         3
    2.0700    1.0671    0.0130         3
    2.0750    1.0620    0.0130         3
    2.0800    1.0608    0.0130         3
    2.0850    1.0570    0.0120         3
    2.0900    1.0650    0.0120         3
    2.0950    1.0812    0.0120         3
    2.1000    1.0639    0.0130         3
    2.1050    1.0596    0.0140         3
    2.1100    1.0705    0.0130         3
    2.1150    1.0657    0.0130         3
    2.1200    1.0681    0.0130         3
    2.1250    1.0831    0.0120         3
    2.1300    1.0677    0.0120         3
    2.1350    1.0630    0.0150         3
    2.1400    1.0712    0.0150         3
    2.1450    1.0766    0.0130         3
    2.1500    1.0706    0.0130         3
    2.1550    1.1193    0.0160         1
    2.1600    1.0864    0.0150         3
    2.1650    1.0973    0.0130         3
    2.1700    1.0950    0.0140         3
    2.1750    1.0810    0.0130         3
    2.1800    1.0767    0.0150         3
    2.1850    1.0868    0.0130         3
    2.1900    1.0861    0.0150         3
    2.1950    1.0950    0.0150         3
    2.2000    1.0755    0.0140         3
    2.2050   -1.0000   -1.0000         0
    2.2100    1.0771    0.0140         3
    2.2150    1.1003    0.0150         3
    2.2200    1.1013    0.0160         3
    2.2250    1.0901    0.0140         3
    2.2300    1.0912    0.0150         3
    2.2350    1.1063    0.0140         3
    2.2400    1.1079    0.0150         3
    2.2450    1.1047    0.0160         3
    2.2500    1.1182    0.0150         3
    2.2550    1.1323    0.0160         3
    2.2600    1.1064    0.0160         3
    2.2650    1.1158    0.0160         3
    2.2700    1.1487    0.0160         2
    2.2750    1.1471    0.0160         2
    2.2800    1.1426    0.0160         3
    2.2850    1.1131    0.0160         3
    2.2900    1.1146    0.0170         3
    2.2950    1.1295    0.0160         3
    2.3000    1.1027    0.0180         3
    2.3050    1.1386    0.0180         3
    2.3100    1.1138    0.0160         3
    2.3150    1.1324    0.0170         3
    2.3200    1.1077    0.0160         3
    2.3250    1.0951    0.0170         1
    2.3300    1.1107    0.0160         3
    2.3350    1.1214    0.0180         3
    2.3400    1.1153    0.0180         3
    2.3450    1.1227    0.0180         3
    2.3500    1.1106    0.0180         3
    2.3550   -1.0000   -1.0000         0
    2.3600    1.0945    0.0180         3
    2.3650    1.0881    0.0180         2
    2.3700    1.0885    0.0180         2
    2.3750    1.0885    0.0190         3
    2.3800    1.0938    0.0180         3
    2.3850    1.1122    0.0200         3
    2.3900    1.1315    0.0190         3
    2.3950    1.1215    0.0180         3
    2.4000    1.1314    0.0190         3
    2.4050    1.1137    0.0200         3
    2.4100   -1.0000   -1.0000         0
    2.4150   -1.0000   -1.0000         0
    2.4200   -1.0000   -1.0000         0
    2.4250    1.1388    0.0190         3
    2.4300   -1.0000   -1.0000         0
    2.4350   -1.0000   -1.0000         0
    2.4400   -1.0000   -1.0000         0
    2.4450    1.1460    0.0210         1
    2.4500    1.1499    0.0200         3
    2.4550    1.1738    0.0220         1
    2.4600    1.1593    0.0200         3
    2.4650    1.1303    0.0200         3
    2.4700    1.1494    0.0220         2
    2.4750   -1.0000   -1.0000         0
    2.4800    1.1645    0.0200         2
    2.4850    1.1806    0.0220         3
    2.4900   -1.0000   -1.0000         0
