    0.5300    1.0480    0.0590         1
    0.5330    1.0630    0.0660         1
    0.5350    1.0560    0.0690         1
    0.5380    1.0920    0.0540         1
    0.5400    1.0860    0.0590         1
    0.5480    1.0780    0.0610         1
    0.5500    1.0800    0.0900         1
    0.5530    1.0600    0.0650         1
    0.5550    1.1140    0.0890         1
    0.5580    1.0380    0.0290         1
    0.5600    1.0900    0.0610         1
    0.5620    1.1110    0.0460         1
    0.5650    1.0830    0.0520         1
    0.5670    1.0490    0.0510         1
    0.5700    1.1090    0.0910         1
    0.5720    1.1130    0.0810         1
    0.5750    1.1450    0.0780         1
    0.5770    1.1190    0.1180         1
    0.5800    1.1080    0.0910         1
    0.5820    1.1400    0.0710         1
    0.5850    1.1530    0.1130         1
    0.5870    1.1600    0.0860         1
    0.5900    1.2100    0.0920         1
    0.5920    1.1880    0.0790         1
    0.5950    1.1930    0.0770         1
    0.5980    1.1940    0.0790         1
    0.6000    1.1080    0.0870         1
    0.6030    1.1830    0.0720         1
    0.6050    1.1780    0.0930         1
    0.6130    1.1870    0.0790         1
    0.6150    1.2010    0.0470         1
    0.6180    1.1840    0.0830         1
    0.6200    1.1990    0.0030         1
    0.6230    1.1540    0.0100         1
    0.6250    1.2880    0.0450         1
    0.6300    1.2930    0.0020         1
    0.6320    1.1990    0.0710         1
    0.6350    1.2000    0.0970         1
    0.6370    1.1960    0.0390         1
    0.6400    1.2340    0.0840         1
    0.6420    1.2000    0.0750         1
    0.6450    1.2450    0.1140         1
    0.6470    1.1960    0.0610         1
    0.6500    1.1880    0.0540         1
    0.6520    1.2300    0.0670         1
    0.6550    1.2340    0.1010         1
    0.6580    1.1740    0.0600         1
    0.6600    1.2230    0.0880         1
    0.6630    1.2140    0.0920         1
    0.6650    1.2510    0.0720         1
    0.6680    1.2580    0.0870         1
    0.6700    1.2400    0.0650         1
    0.6730    1.2230    0.0840         1
    0.6750    1.2340    0.0690         1
    0.6780    1.2380    0.0870         1
    0.6800    1.2480    0.0840         1
    0.6830    1.2590    0.0670         1
    0.6850    1.2850    0.0710         1
    0.6880    1.2810    0.0640         1
    0.6900    1.2270    0.0680         1
    0.6920    1.2680    0.0740         1
    0.6950    1.2320    0.0750         1
    0.6970    1.2900    0.0940         1
    0.7000    1.2500    0.0890         1
    0.7020    1.2420    0.0670         1
    0.7050    1.2590    0.0570         1
    0.7070    1.2630    0.0700         1
    0.7100    1.2600    0.0600         1
    0.7120    1.2720    0.0650         1
    0.7150    1.2400    0.0600         1
    0.7170    1.2690    0.0700         1
    0.7200    1.2290    0.0550         1
    0.7230    1.2760    0.0870         1
    0.7280    1.2110    0.0230         1
    0.7300    1.2340    0.0480         1
    0.7330    1.2190    0.0680         1
    0.7350    1.2090    0.0770         1
    0.7380    1.2200    0.1220         1
    0.7400    1.2510    0.1040         1
    0.7430    1.1920    0.0840         1
    0.7450    1.1870    0.0840         1
    0.7800    1.0240    0.0590         1
    0.7830    0.9700    0.0470         1
    0.7850    0.9910    0.0730         1
    0.7880    0.9730    0.0560         1
    0.7900    0.9320    0.0230         1
    0.7930    0.9830    0.0240         1
    0.7950    0.9210    0.0600         1
    0.7980    0.9410    0.0300         1
    0.8000    0.9190    0.0360         1
    0.8030    0.9440    0.0690         1
    0.8050    0.9030    0.0240         1
    0.8150    0.8090    0.0110         1
    0.8170    0.8170    0.0370         1
    0.8200    0.7830    0.0190         1
    0.8220    0.7930    0.0060         1
    0.8250    0.7130    0.0100         1
    0.8270    0.7780    0.0480         1
    0.8300    0.7570    0.0390         1
    0.8320    0.6810    0.0110         1
    0.8400    0.7550    0.0610         1
    0.8420    0.7390    0.0700         1
    0.8450    0.7070    0.0550         1
    0.8480    0.7280    0.0530         1
    0.8500    0.6680    0.0670         1
    0.8530    0.7120    0.0750         1
    0.8550    0.5140    0.1300         1
    0.8580    0.6330    0.0710         1
    0.8600    0.4730    0.0920         1
    0.8630    0.4860    0.0360         1
    0.8650    0.5860    0.0160         1
    0.8680    0.6100    0.0380         1
    0.8700    0.5560    0.0120         1
    0.8730    0.5690    0.0400         1
    0.8750    0.5390    0.1000         1
    0.8770    0.5790    0.0300         1
    0.8800    0.5710    0.0300         1
    0.8820    0.5970    0.0060         1
    0.8850    0.6270    0.0250         1
    0.8870    0.5970    0.0160         1
    0.8900    0.5080    0.0220         1
    0.8920    0.5900    0.0140         1
    0.8950    0.6840    0.0920         1
    0.8970    0.5420    0.0040         1
    0.9000    0.5420    0.0270         1
    0.9020    0.5430    0.0410         1
    0.9050    0.5410    0.0390         1
    0.9080    0.5550    0.0540         1
    0.9100    0.5250    0.0080         1
    0.9130    0.5490    0.0240         1
    0.9150    0.5220    0.0620         1
    0.9180    0.5290    0.0310         1
    0.9200    0.4890    0.0390         1

    0.6500   -1.0000   -1.0000         0
    0.6550   -1.0000   -1.0000         0
    0.6600   -1.0000   -1.0000         0
    0.6650   -1.0000   -1.0000         0
    0.6700   -1.0000   -1.0000         0
    0.6750   -1.0000   -1.0000         0
    0.6800   -1.0000   -1.0000         0
    0.6850   -1.0000   -1.0000         0
    0.6900   -1.0000   -1.0000         0
    0.6950   -1.0000   -1.0000         0
    0.7000   -1.0000   -1.0000         0
    0.7050   -1.0000   -1.0000         0
    0.7100   -1.0000   -1.0000         0
    0.7150   -1.0000   -1.0000         0
    0.7200   -1.0000   -1.0000         0
    0.7250   -1.0000   -1.0000         0
    0.7300   -1.0000   -1.0000         0
    0.7350   -1.0000   -1.0000         0
    0.7400   -1.0000   -1.0000         0
    0.7450   -1.0000   -1.0000         0
    0.7500   -1.0000   -1.0000         0
    0.7550   -1.0000   -1.0000         0
    0.7600   -1.0000   -1.0000         0
    0.7650   -1.0000   -1.0000         0
    0.7700   -1.0000   -1.0000         0
    0.7750   -1.0000   -1.0000         0
    0.7800   -1.0000   -1.0000         0
    0.7850   -1.0000   -1.0000         0
    0.7900   -1.0000   -1.0000         0
    0.7950   -1.0000   -1.0000         0
    0.8000    0.7916    0.0152         3
    0.8050    0.7717    0.0145         3
    0.8100    0.7781    0.0155         3
    0.8150    0.7384    0.0145         3
    0.8200    0.7433    0.0132         1
    0.8250    0.7254    0.0128         2
    0.8300    0.6799    0.0150         3
    0.8350    0.6758    0.0133         3
    0.8400    0.6812    0.0137         3
    0.8450    0.6434    0.0121         3
    0.8500    0.6354    0.0124         3
    0.8550    0.6437    0.0126         3
    0.8600    0.6393    0.0121         3
    0.8650    0.6109    0.0116         3
    0.8700    0.6039    0.0113         3
    0.8750    0.5913    0.0119         3
    0.8800    0.5829    0.0114         3
    0.8850    0.5703    0.0119         3
    0.8900    0.5590    0.0109         3
    0.8950    0.5572    0.0108         3
    0.9000    0.5710    0.0125         3
    0.9050    0.5535    0.0112         3
    0.9100    0.5654    0.0118         3
    0.9150    0.5775    0.0117         3
    0.9200    0.5679    0.0115         3
    0.9250    0.5571    0.0102         3
    0.9300    0.5532    0.0124         3
    0.9350    0.5412    0.0111         3
    0.9400    0.5414    0.0114         3
    0.9450    0.5343    0.0118         3
    0.9500    0.5401    0.0121         3
    0.9550    0.5653    0.0107         3
    0.9600    0.5650    0.0117         3
    0.9650    0.5801    0.0120         3
    0.9700    0.5708    0.0104         3
    0.9750    0.5863    0.0110         3
    0.9800    0.6281    0.0147         3
    0.9850    0.6355    0.0123         3
    0.9900    0.6299    0.0101         3
    0.9950    0.6372    0.0101         3
    1.0000    0.6411    0.0102         3
    1.0050    0.6600    0.0100         3
    1.0100    0.6795    0.0104         3
    1.0150    0.7078    0.0102         3
    1.0200    0.7364    0.0113         3
    1.0250    0.7310    0.0109         3
    1.0300    0.7444    0.0114         3
    1.0350    0.7878    0.0107         3
    1.0400    0.8110    0.0115         3
    1.0450    0.8288    0.0114         3
    1.0500    0.8581    0.0117         3
    1.0550    0.8834    0.0116         3
    1.0600    0.8925    0.0120         3
    1.0650    0.9176    0.0122         3
    1.0700    0.9509    0.0126         3
    1.0750    0.9754    0.0120         3
    1.0800    0.9977    0.0126         3
    1.0850    1.0100    0.0127         3
    1.0900    1.0064    0.0129         3
    1.0950    1.0516    0.0126         3
    1.1000    1.0655    0.0130         3
    1.1050    1.0675    0.0136         3
    1.1100    1.0964    0.0141         3
    1.1150    1.0845    0.0156         3
    1.1200    1.0999    0.0173         3
    1.1250    1.1146    0.0177         3
    1.1300    1.1297    0.0165         3
    1.1350    1.1609    0.0194         3
    1.1400    1.1826    0.0178         3
    1.1450    1.1514    0.0166         3
    1.1500    1.1563    0.0162         3
    1.1550    1.1945    0.0162         3
    1.1600    1.1947    0.0156         3
    1.1650    1.2196    0.0149         3
    1.1700    1.2270    0.0152         3
    1.1750    1.2147    0.0138         3
    1.1800    1.2286    0.0145         3
    1.1850    1.2284    0.0143         3
    1.1900    1.2235    0.0144         3
    1.1950    1.2303    0.0148         3
    1.2000    1.2470    0.0150         3
    1.2050    1.2473    0.0132         3
    1.2100    1.2444    0.0131         3
    1.2150    1.2724    0.0136         3
    1.2200    1.2709    0.0152         3
    1.2250    1.3003    0.0146         3
    1.2300    1.3108    0.0148         3
    1.2350    1.2811    0.0161         3
    1.2400    1.2831    0.0150         3
    1.2450    1.2983    0.0145         3
    1.2500    1.2859    0.0141         3
    1.2550    1.3114    0.0129         3
    1.2600    1.2915    0.0136         3
    1.2650    1.2994    0.0134         3
    1.2700    1.3276    0.0142         3
    1.2750    1.3324    0.0146         3
    1.2800    1.3227    0.0157         3
    1.2850   -1.0000   -1.0000         0
    1.2900    1.3644    0.0154         3
    1.2950    1.3493    0.0142         3
    1.3000    1.3557    0.0144         3
    1.3050    1.3770    0.0146         3
    1.3100    1.3557    0.0149         3
    1.3150    1.3607    0.0151         3
    1.3200    1.3720    0.0156         3
    1.3250    1.3941    0.0180         3
    1.3300    1.3970    0.0165         1
    1.3350   -1.0000   -1.0000         0
    1.3400   -1.0000   -1.0000         0
    1.3450   -1.0000   -1.0000         0
    1.3500   -1.0000   -1.0000         0
    1.3550    1.3935    0.0350         1
    1.3600    1.3761    0.0514         1
    1.3650   -1.0000   -1.0000         0
    1.3700   -1.0000   -1.0000         0
    1.3750   -1.0000   -1.0000         0
    1.3800    1.3429    0.0467         3
    1.3850    1.3314    0.0422         3
    1.3900   -1.0000   -1.0000         0
    1.3950    1.3709    0.0376         3
    1.4000    1.3082    0.0328         1
    1.4050   -1.0000   -1.0000         0
    1.4100    1.3097    0.0270         1
    1.4150    1.3047    0.0273         2
    1.4200    1.3054    0.0233         3
    1.4250    1.2945    0.0211         3
    1.4300    1.3113    0.0213         3
    1.4350    1.3238    0.0207         3
    1.4400    1.3347    0.0207         2
    1.4450    1.3287    0.0200         2
    1.4500    1.3001    0.0176         3
    1.4550    1.2956    0.0168         3
    1.4600    1.3004    0.0178         3
    1.4650    1.2767    0.0167         3
    1.4700    1.2656    0.0160         3
    1.4750    1.2344    0.0175         3
    1.4800    1.2370    0.0167         3
    1.4850    1.2327    0.0166         3
    1.4900    1.2250    0.0147         3
    1.4950    1.2199    0.0144         3
    1.5000    1.2010    0.0148         3
    1.5050    1.1845    0.0139         3
    1.5100    1.1836    0.0131         3
    1.5150    1.1947    0.0131         3
    1.5200    1.2048    0.0136         3
    1.5250    1.1746    0.0129         3
    1.5300    1.1653    0.0133         3
    1.5350    1.1281    0.0128         3
    1.5400    1.1254    0.0137         3
    1.5450    1.1427    0.0131         3
    1.5500    1.1223    0.0131         3
    1.5550    1.1016    0.0124         3
    1.5600    1.0975    0.0128         3
    1.5650    1.0894    0.0131         3
    1.5700    1.0799    0.0129         3
    1.5750    1.0697    0.0128         3
    1.5800    1.0619    0.0131         3
    1.5850    1.0456    0.0129         3
    1.5900    1.0423    0.0128         3
    1.5950    1.0539    0.0156         3
    1.6000    1.0460    0.0134         3
    1.6050    1.0006    0.0124         3
    1.6100    0.9931    0.0133         3
    1.6150    1.0108    0.0134         3
    1.6200    0.9989    0.0129         3
    1.6250    1.0013    0.0125         3
    1.6300    0.9890    0.0140         3
    1.6350    0.9651    0.0131         3
    1.6400    0.9559    0.0128         3
    1.6450    0.9417    0.0122         3
    1.6500    0.9228    0.0133         3
    1.6550    0.9096    0.0125         3
    1.6600    0.8950    0.0122         3
    1.6650    0.9051    0.0130         3
    1.6700    0.8862    0.0116         3
    1.6750    0.8958    0.0119         3
    1.6800    0.8875    0.0117         3
    1.6850    0.8815    0.0119         3
    1.6900    0.8735    0.0131         3
    1.6950    0.8514    0.0123         3
    1.7000    0.8230    0.0124         3
    1.7050    0.8357    0.0121         3
    1.7100    0.8232    0.0115         3
    1.7150    0.8006    0.0128         3
    1.7200    0.8203    0.0124         3
    1.7250    0.8429    0.0123         3
    1.7300    0.8338    0.0125         3
    1.7350    0.8033    0.0119         3
    1.7400    0.8030    0.0129         3
    1.7450    0.7858    0.0125         3
    1.7500    0.7858    0.0123         3
    1.7550    0.7918    0.0140         3
    1.7600    0.7790    0.0132         3
    1.7650    0.7832    0.0121         3
    1.7700    0.7596    0.0136         3
    1.7750    0.7672    0.0133         3
    1.7800    0.7712    0.0138         3
    1.7850    0.7484    0.0131         3
    1.7900    0.7340    0.0136         3
    1.7950    0.7372    0.0147         3
    1.8000    0.7235    0.0152         3
    1.8050    0.7207    0.0177         3
    1.8100    0.7258    0.0185         3
    1.8150    0.6939    0.0203         3
    1.8200    0.6972    0.0227         3
    1.8250    0.7239    0.0281         3
    1.8300   -1.0000   -1.0000         0
    1.8350    0.7413    0.0445         2
    1.8400   -1.0000   -1.0000         0
    1.8450   -1.0000   -1.0000         0
    1.8500    0.6701    0.0613         3
    1.8550    0.6471    0.0546         3
    1.8600   -1.0000   -1.0000         0
    1.8650    0.6612    0.0574         3
    1.8700    0.6716    0.0633         3
    1.8750    0.7238    0.0777         3
    1.8800    0.6126    0.0736         1
    1.8850    0.7170    0.0470         3
    1.8900   -1.0000   -1.0000         0
    1.8950    0.6889    0.0391         3
    1.9000    0.6308    0.0399         3
    1.9050   -1.0000   -1.0000         0
    1.9100    0.6270    0.0488         2
    1.9150   -1.0000   -1.0000         0
    1.9200    0.6678    0.0367         3
    1.9250    0.7060    0.0336         1
    1.9300    0.6782    0.0266         3
    1.9350    0.6342    0.0249         3
    1.9400    0.6501    0.0232         3
    1.9450    0.6454    0.0216         3
    1.9500    0.6459    0.0219         3
    1.9550    0.6710    0.0226         3
    1.9600    0.7217    0.0254         3
    1.9650    0.6303    0.0208         3
    1.9700   -1.0000   -1.0000         0
    1.9750    0.6525    0.0164         3
    1.9800    0.6731    0.0143         3
    1.9850    0.6696    0.0136         3
    1.9900    0.6755    0.0150         3
    1.9950    0.6804    0.0166         3
    2.0000    0.6852    0.0193         3
    2.0050    0.7156    0.0208         3
    2.0100    0.7061    0.0234         3
    2.0150    0.6668    0.0225         3
    2.0200    0.7010    0.0191         3
    2.0250    0.6801    0.0199         3
    2.0300    0.7151    0.0177         3
    2.0350    0.7193    0.0158         3
    2.0400    0.7303    0.0147         3
    2.0450    0.7166    0.0152         3
    2.0500    0.7378    0.0154         3
    2.0550    0.7129    0.0181         3
    2.0600    0.7579    0.0173         3
    2.0650    0.7528    0.0183         3
    2.0700    0.7560    0.0207         3
    2.0750    0.7264    0.0189         3
    2.0800   -1.0000   -1.0000         0
    2.0850    0.7314    0.0181         3
    2.0900    0.7500    0.0161         3
    2.0950    0.7738    0.0185         3
    2.1000    0.7696    0.0180         3
    2.1050    0.7708    0.0165         3
    2.1100    0.7706    0.0182         3
    2.1150    0.8251    0.0189         3
    2.1200    0.8064    0.0166         3
    2.1250    0.7908    0.0167         3
    2.1300    0.8226    0.0190         3
    2.1350    0.8102    0.0173         3
    2.1400    0.7931    0.0180         3
    2.1450    0.8019    0.0181         3
    2.1500    0.8039    0.0179         3
    2.1550    0.8305    0.0197         3
    2.1600    0.8003    0.0186         3
    2.1650    0.8251    0.0191         3
    2.1700    0.8123    0.0193         3
    2.1750    0.8405    0.0196         3
    2.1800    0.8254    0.0197         3
    2.1850    0.8643    0.0199         3
    2.1900    0.8623    0.0191         3
    2.1950    0.8660    0.0197         3
    2.2000    0.8577    0.0206         3
    2.2050    0.8707    0.0219         3
    2.2100    0.9169    0.0197         3
    2.2150    0.8652    0.0218         3
    2.2200    0.8728    0.0220         3
    2.2250    0.9394    0.0237         3
    2.2300    0.9155    0.0224         3
    2.2350    0.9276    0.0214         3
    2.2400    0.9154    0.0220         3
    2.2450    0.9315    0.0227         3
    2.2500    0.9409    0.0222         3
    2.2550    0.9673    0.0228         3
    2.2600    0.9835    0.0243         3
    2.2650   -1.0000   -1.0000         0
    2.2700    0.9219    0.0240         3
    2.2750    0.9566    0.0255         3
    2.2800    0.9970    0.0242         3
    2.2850    0.9743    0.0258         3
    2.2900    1.0165    0.0259         3
    2.2950    1.0117    0.0253         3
    2.3000    1.0373    0.0280         3
    2.3050    1.0161    0.0262         3
    2.3100    1.0356    0.0270         3
    2.3150    1.0132    0.0269         3
    2.3200    1.0512    0.0264         3
    2.3250    1.0532    0.0257         3
    2.3300    1.0340    0.0281         3
    2.3350    1.0455    0.0296         3
    2.3400    1.0567    0.0284         3
    2.3450   -1.0000   -1.0000         0
    2.3500    1.0395    0.0301         3
    2.3550    1.0104    0.0277         2
    2.3600    1.0631    0.0303         3
    2.3650    1.0801    0.0297         3
    2.3700    1.1011    0.0321         3
    2.3750    1.1098    0.0284         3
    2.3800    1.0520    0.0297         1
    2.3850   -1.0000   -1.0000         0
    2.3900    1.0856    0.0314         3
    2.3950    1.1017    0.0301         3
    2.4000    1.1095    0.0315         3
    2.4050    1.1561    0.0345         3
    2.4100   -1.0000   -1.0000         0
    2.4150    1.1590    0.0342         3
    2.4200    1.1598    0.0334         3
    2.4250   -1.0000   -1.0000         0
    2.4300   -1.0000   -1.0000         0
    2.4350    1.1147    0.0367         2
    2.4400   -1.0000   -1.0000         0
    2.4450    1.1481    0.0380         2
    2.4500    1.1605    0.0479         3
    2.4550   -1.0000   -1.0000         0
    2.4600   -1.0000   -1.0000         0
    2.4650   -1.0000   -1.0000         0
    2.4700   -1.0000   -1.0000         0
    2.4750   -1.0000   -1.0000         0
    2.4800   -1.0000   -1.0000         0
    2.4850   -1.0000   -1.0000         0
    2.4900   -1.0000   -1.0000         0
