    0.6500   -1.0000   -1.0000         0
    0.6550   -1.0000   -1.0000         0
    0.6600   -1.0000   -1.0000         0
    0.6650   -1.0000   -1.0000         0
    0.6700   -1.0000   -1.0000         0
    0.6750   -1.0000   -1.0000         0
    0.6800   -1.0000   -1.0000         0
    0.6850   -1.0000   -1.0000         0
    0.6900   -1.0000   -1.0000         0
    0.6950   -1.0000   -1.0000         0
    0.7000   -1.0000   -1.0000         0
    0.7050   -1.0000   -1.0000         0
    0.7100   -1.0000   -1.0000         0
    0.7150   -1.0000   -1.0000         0
    0.7200   -1.0000   -1.0000         0
    0.7250   -1.0000   -1.0000         0
    0.7300   -1.0000   -1.0000         0
    0.7350   -1.0000   -1.0000         0
    0.7400   -1.0000   -1.0000         0
    0.7450   -1.0000   -1.0000         0
    0.7500   -1.0000   -1.0000         0
    0.7550   -1.0000   -1.0000         0
    0.7600    1.0168    0.0259         6
    0.7650    1.0108    0.0241         6
    0.7700    0.9849    0.0250         6
    0.7750    0.9946    0.0223         6
    0.7800    1.0014    0.0226         6
    0.7850    1.0160    0.0218         6
    0.7900    1.0259    0.0216         6
    0.7950    1.0020    0.0237         6
    0.8000    0.9851    0.0221         6
    0.8050    1.0167    0.0228         6
    0.8100    1.0085    0.0237         6
    0.8150    0.9865    0.0220         6
    0.8200    1.0043    0.0226         6
    0.8250    0.9808    0.0215         6
    0.8300    0.9832    0.0209         6
    0.8350    0.9989    0.0218         6
    0.8400    0.9854    0.0211         6
    0.8450    0.9653    0.0207         6
    0.8500    0.9791    0.0196         6
    0.8550    0.9919    0.0221         6
    0.8600    0.9758    0.0197         6
    0.8650    0.9835    0.0217         6
    0.8700    0.9876    0.0216         6
    0.8750    0.9877    0.0199         6
    0.8800    0.9719    0.0190         6
    0.8850    0.9547    0.0179         6
    0.8900    0.9693    0.0192         6
    0.8950    0.9778    0.0195         6
    0.9000    0.9829    0.0192         6
    0.9050    0.9806    0.0198         6
    0.9100    0.9805    0.0175         6
    0.9150    0.9819    0.0178         6
    0.9200    0.9734    0.0171         6
    0.9250    0.9642    0.0175         6
    0.9300    0.9623    0.0181         6
    0.9350    0.9714    0.0187         6
    0.9400    0.9936    0.0207         6
    0.9450    0.9895    0.0208         6
    0.9500    1.0064    0.0195         6
    0.9550    1.0037    0.0199         6
    0.9600    0.9814    0.0180         6
    0.9650    0.9727    0.0173         6
    0.9700    0.9943    0.0172         6
    0.9750    1.0038    0.0188         6
    0.9800    0.9968    0.0185         6
    0.9850    1.0013    0.0186         6
    0.9900    0.9856    0.0177         6
    0.9950    1.0059    0.0168         6
    1.0000    0.9992    0.0179         6
    1.0050    1.0024    0.0163         6
    1.0100   -1.0000   -1.0000         0
    1.0150    0.9949    0.0182         6
    1.0200    0.9799    0.0173         6
    1.0250    0.9875    0.0166         6
    1.0300    0.9885    0.0186         6
    1.0350    0.9980    0.0159         6
    1.0400    0.9774    0.0159         6
    1.0450    1.0002    0.0159         6
    1.0500    0.9974    0.0161         6
    1.0550    1.0079    0.0167         6
    1.0600    1.0239    0.0153         6
    1.0650    1.0118    0.0165         6
    1.0700    1.0047    0.0156         6
    1.0750    1.0037    0.0180         6
    1.0800    1.0125    0.0175         6
    1.0850    1.0330    0.0199         6
    1.0900    1.0031    0.0185         6
    1.0950    0.9798    0.0168         5
    1.1000    0.9665    0.0174         4
    1.1050    1.0074    0.0175         6
    1.1100    1.0275    0.0176         6
    1.1150    1.0053    0.0174         6
    1.1200    0.9807    0.0190         6
    1.1250    0.9811    0.0198         6
    1.1300    0.9871    0.0204         6
    1.1350    1.0200    0.0210         6
    1.1400    1.0263    0.0190         6
    1.1450    1.0236    0.0207         6
    1.1500    0.9720    0.0185         5
    1.1550    0.9942    0.0186         6
    1.1600    0.9948    0.0192         6
    1.1650    1.0136    0.0180         6
    1.1700    1.0165    0.0172         6
    1.1750    1.0175    0.0181         6
    1.1800    1.0217    0.0176         6
    1.1850    1.0052    0.0178         6
    1.1900    0.9992    0.0191         6
    1.1950    1.0343    0.0180         5
    1.2000   -1.0000   -1.0000         0
    1.2050    1.0075    0.0179         6
    1.2100    1.0055    0.0178         6
    1.2150    1.0125    0.0183         6
    1.2200    1.0240    0.0175         6
    1.2250    0.9983    0.0192         6
    1.2300    0.9930    0.0176         6
    1.2350    0.9995    0.0165         6
    1.2400    1.0229    0.0176         6
    1.2450    1.0065    0.0175         6
    1.2500    0.9962    0.0196         6
    1.2550    0.9944    0.0168         6
    1.2600    1.0137    0.0204         6
    1.2650    1.0105    0.0183         6
    1.2700    1.0126    0.0184         6
    1.2750    0.9903    0.0182         6
    1.2800    0.9868    0.0182         6
    1.2850    1.0065    0.0188         6
    1.2900    1.0133    0.0224         6
    1.2950    0.9839    0.0204         6
    1.3000    0.9970    0.0175         6
    1.3050    0.9832    0.0171         6
    1.3100    0.9808    0.0169         6
    1.3150    1.0088    0.0189         6
    1.3200    1.0167    0.0177         6
    1.3250    0.9824    0.0192         6
    1.3300    0.9743    0.0173         6
    1.3350    0.9851    0.0194         6
    1.3400    0.9612    0.0219         6
    1.3450    0.9582    0.0244         4
    1.3500    0.9748    0.0302         2
    1.3550    0.9227    0.0318         3
    1.3600    0.9381    0.0387         4
    1.3650    0.9279    0.0469         5
    1.3700    0.9728    0.0524         6
    1.3750    1.0255    0.0523         4
    1.3800    1.0003    0.0349         4
    1.3850    1.0136    0.0412         5
    1.3900   -1.0000   -1.0000         0
    1.3950   -1.0000   -1.0000         0
    1.4000    1.0051    0.0378         5
    1.4050    0.9865    0.0310         6
    1.4100    0.9953    0.0323         4
    1.4150    1.0167    0.0312         6
    1.4200    1.0035    0.0377         1
    1.4250    1.0020    0.0259         5
    1.4300    1.0146    0.0251         6
    1.4350    0.9996    0.0312         1
    1.4400    0.9988    0.0261         6
    1.4450    0.9810    0.0239         6
    1.4500    0.9685    0.0222         6
    1.4550    0.9453    0.0213         6
    1.4600    0.9349    0.0203         5
    1.4650    0.9291    0.0200         4
    1.4700    0.9394    0.0207         6
    1.4750    0.9464    0.0213         6
    1.4800    0.9435    0.0217         5
    1.4850    0.9562    0.0209         6
    1.4900    0.9614    0.0194         6
    1.4950    0.9352    0.0209         1
    1.5000    0.9838    0.0177         5
    1.5050    1.0338    0.0192         5
    1.5100    0.9726    0.0183         6
    1.5150    0.9817    0.0171         6
    1.5200    0.9777    0.0184         6
    1.5250    0.9538    0.0174         6
    1.5300    0.9625    0.0177         6
    1.5350    0.9727    0.0183         6
    1.5400    0.9971    0.0182         6
    1.5450    1.0022    0.0180         6
    1.5500    0.9824    0.0186         6
    1.5550    0.9819    0.0191         6
    1.5600    0.9783    0.0190         6
    1.5650    0.9819    0.0174         6
    1.5700    1.0456    0.0197         6
    1.5750    1.0163    0.0192         6
    1.5800    0.9777    0.0181         6
    1.5850    1.0446    0.0188         6
    1.5900    1.0479    0.0192         6
    1.5950    0.9888    0.0188         6
    1.6000    1.0068    0.0199         6
    1.6050    0.9911    0.0192         6
    1.6100    0.9576    0.0201         6
    1.6150    0.9514    0.0199         6
    1.6200    0.9598    0.0183         6
    1.6250    0.9937    0.0202         6
    1.6300    0.9782    0.0192         6
    1.6350    0.9330    0.0186         6
    1.6400    1.0078    0.0188         6
    1.6450    1.0036    0.0203         6
    1.6500    0.9305    0.0186         6
    1.6550    0.8887    0.0185         6
    1.6600    0.9317    0.0199         6
    1.6650    0.9681    0.0183         6
    1.6700    0.9707    0.0201         6
    1.6750    0.9084    0.0205         6
    1.6800    0.9293    0.0199         6
    1.6850    0.9416    0.0204         6
    1.6900    0.9215    0.0197         6
    1.6950    0.9677    0.0186         6
    1.7000    0.9760    0.0210         6
    1.7050    0.9328    0.0201         6
    1.7100    0.9381    0.0230         6
    1.7150    0.9858    0.0204         6
    1.7200    0.9805    0.0204         6
    1.7250    0.9415    0.0217         6
    1.7300    0.9885    0.0236         6
    1.7350    0.9893    0.0228         6
    1.7400    0.9390    0.0208         6
    1.7450    0.9353    0.0219         6
    1.7500    0.9789    0.0215         6
    1.7550    1.0077    0.0229         6
    1.7600    0.9934    0.0224         6
    1.7650    0.9034    0.0208         6
    1.7700    0.9003    0.0222         6
    1.7750    0.9089    0.0217         6
    1.7800    0.9635    0.0226         6
    1.7850    1.0051    0.0234         6
    1.7900    0.9177    0.0249         6
    1.7950    0.9551    0.0265         6
    1.8000    0.9465    0.0285         6
    1.8050    0.8746    0.0294         5
    1.8100    0.9212    0.0300         6
    1.8150    0.9242    0.0315         6
    1.8200    0.9278    0.0353         6
    1.8250    0.9554    0.0387         5
    1.8300    0.8919    0.0425         4
    1.8350    0.8760    0.0571         5
    1.8400    0.9741    0.0698         6
    1.8450    1.0294    0.0758         2
    1.8500    0.9194    0.0646         5
    1.8550    0.9200    0.0606         1
    1.8600    0.9393    0.0663         6
    1.8650    0.9462    0.0682         6
    1.8700    0.9407    0.0875         6
    1.8750    0.9340    0.0804         3
    1.8800    0.9015    0.0507         1
    1.8850    0.9139    0.0657         3
    1.8900    0.9144    0.0465         6
    1.8950    0.9314    0.0556         6
    1.9000    1.0307    0.0743         4
    1.9050    0.9294    0.0662         6
    1.9100    0.9845    0.0839         2
    1.9150    0.9494    0.0618         6
    1.9200    0.9835    0.0574         6
    1.9250    0.9628    0.0493         6
    1.9300    1.0048    0.0471         6
    1.9350    0.9174    0.0350         6
    1.9400    0.8935    0.0478         2
    1.9450    0.9197    0.0382         6
    1.9500    0.9483    0.0357         6
    1.9550    0.9155    0.0370         6
    1.9600    0.8893    0.0384         6
    1.9650    0.9169    0.0353         6
    1.9700    0.9729    0.0393         6
    1.9750    0.9776    0.0317         6
    1.9800    0.9769    0.0284         6
    1.9850    0.9554    0.0284         6
    1.9900    0.9708    0.0329         6
    1.9950    1.0059    0.0301         6
    2.0000    0.9507    0.0328         4
    2.0050    0.9493    0.0430         5
    2.0100    0.9608    0.0423         6
    2.0150    0.8766    0.0404         6
    2.0200    0.8813    0.0363         4
    2.0250    0.9091    0.0375         2
    2.0300    0.8968    0.0299         6
    2.0350    0.9910    0.0286         6
    2.0400    0.9666    0.0291         6
    2.0450    0.8314    0.0319         4
    2.0500    0.8718    0.0376         1
    2.0550    0.9106    0.0334         6
    2.0600    0.9280    0.0350         6
    2.0650    0.9118    0.0364         6
    2.0700    0.9427    0.0315         6
    2.0750    0.9388    0.0311         6
    2.0800    0.9093    0.0313         6
    2.0850    0.9527    0.0307         6
    2.0900    0.9979    0.0296         6
    2.0950    0.9380    0.0299         6
    2.1000    0.9350    0.0280         6
    2.1050    1.0165    0.0336         6
    2.1100    1.0126    0.0302         6
    2.1150    0.9394    0.0297         6
    2.1200    0.9596    0.0296         6
    2.1250    0.9208    0.0296         6
    2.1300    0.8925    0.0295         6
    2.1350    0.9380    0.0351         6
    2.1400    0.9810    0.0334         6
    2.1450   -1.0000   -1.0000         0
    2.1500    0.9733    0.0347         1
    2.1550    0.9761    0.0303         6
    2.1600    0.9784    0.0321         6
    2.1650    0.9929    0.0316         6
    2.1700    0.9436    0.0331         6
    2.1750    0.9178    0.0324         6
    2.1800    0.8966    0.0353         6
    2.1850    0.9670    0.0346         6
    2.1900    0.9579    0.0332         6
    2.1950    0.9145    0.0328         6
    2.2000    0.8759    0.0351         6
    2.2050    0.8727    0.0346         6
    2.2100    0.9194    0.0327         6
    2.2150    0.8691    0.0326         6
    2.2200    0.9311    0.0347         6
    2.2250    0.9061    0.0358         6
    2.2300    0.8977    0.0334         6
    2.2350    0.9569    0.0350         6
    2.2400    0.9102    0.0333         6
    2.2450    0.8514    0.0345         6
    2.2500    0.8799    0.0388         6
    2.2550    0.8518    0.0343         5
    2.2600    0.8589    0.0387         1
    2.2650    0.8766    0.0348         6
    2.2700    0.9317    0.0348         6
    2.2750    0.9452    0.0364         6
    2.2800    0.9514    0.0365         6
    2.2850    0.8746    0.0364         6
    2.2900    0.8816    0.0352         6
    2.2950    0.9281    0.0388         6
    2.3000    0.9362    0.0363         6
    2.3050    1.0255    0.0401         5
    2.3100    1.0084    0.0373         4
    2.3150    0.9667    0.0366         6
    2.3200    0.8539    0.0358         6
    2.3250    0.8591    0.0417         5
    2.3300   -1.0000   -1.0000         0
    2.3350    1.0112    0.0423         1
    2.3400   -1.0000   -1.0000         0
    2.3450    1.0353    0.0481         1
    2.3500    0.9709    0.0364         5
    2.3550    0.8746    0.0402         6
    2.3600    0.9356    0.0396         6
    2.3650    0.9600    0.0440         3
    2.3700    0.9117    0.0395         6
    2.3750    0.8953    0.0475         6
    2.3800    0.9521    0.0415         6
    2.3850    0.9222    0.0432         6
    2.3900    0.9006    0.0450         6
    2.3950    0.8383    0.0389         6
    2.4000    0.8227    0.0396         6
    2.4050    0.8927    0.0457         6
    2.4100   -1.0000   -1.0000         0
    2.4150   -1.0000   -1.0000         0
    2.4200    0.9948    0.0491         1
    2.4250    0.9735    0.0499         5
    2.4300    1.0313    0.0506         1
    2.4350    0.9888    0.0468         6
    2.4400    0.9466    0.0515         6
    2.4450    0.9567    0.0457         6
    2.4500    0.8691    0.0494         6
    2.4550    0.8854    0.0488         2
    2.4600    0.9385    0.0526         6
    2.4650    0.9556    0.0461         5
    2.4700    0.9703    0.0531         1
    2.4750    1.0143    0.0556         6
    2.4800    0.9651    0.0577         5
    2.4850   -1.0000   -1.0000         0
    2.4900   -1.0000   -1.0000         0
