    0.4350    0.8158    0.0511         1
    0.4375    0.8126    0.0450         1
    0.4400    0.8320    0.0412         1
    0.4425    0.8580    0.0362         1
    0.4450    0.8527    0.0313         1
    0.4475    0.8719    0.0285         1
    0.4500    0.8780    0.0249         1
    0.4525    0.8296    0.0218         1
    0.4550    0.8586    0.0208         1
    0.4575    0.8708    0.0191         1
    0.4600    0.8372    0.0171         1
    0.4625    0.8778    0.0160         1
    0.4650    0.8745    0.0147         1
    0.4675    0.8766    0.0140         1
    0.4700    0.8811    0.0132         1
    0.4725    0.8872    0.0124         1
    0.4750    0.9063    0.0117         1
    0.4775    0.8849    0.0108         1
    0.4800    0.9091    0.0103         1
    0.4825    0.8963    0.0096         1
    0.4850    0.8877    0.0091         1
    0.4875    0.8727    0.0088         1
    0.4900    0.9140    0.0090         1
    0.4925    0.9273    0.0085         1
    0.4950    0.9151    0.0079         1
    0.4975    0.9318    0.0076         1
    0.5000    0.9199    0.0072         1
    0.5025    0.9187    0.0070         1
    0.5050    0.9352    0.0069         1
    0.5075    0.9472    0.0067         1
    0.5100    0.9693    0.0064         1
    0.5125    0.9479    0.0062         1
    0.5150    0.9506    0.0060         1
    0.5175    0.9299    0.0058         1
    0.5200    0.9309    0.0058         1
    0.5225    0.9768    0.0059         1
    0.5250    0.9951    0.0057         1
    0.5275    0.9634    0.0053         1
    0.5300    0.9589    0.0052         1
    0.5325    0.9894    0.0051         1
    0.5350    0.9805    0.0049         1
    0.5375    0.9697    0.0047         1
    0.5400    0.9704    0.0065         1
    0.5425    0.9641    0.0064         1
    0.5450    0.9620    0.0063         1
    0.5475    0.9830    0.0044         1
    0.5500    0.9926    0.0043         1
    0.5525    1.0014    0.0043         1
    0.5550    1.0116    0.0042         1
    0.5575    1.0139    0.0042         1
    0.5600    1.0131    0.0044         1
    0.5625    1.0150    0.0043         1
    0.5650    1.0312    0.0042         1
    0.5675    1.0256    0.0040         1
    0.5700    1.0308    0.0039         1
    0.5725    1.0322    0.0039         1
    0.5750    1.0351    0.0038         1
    0.5775    1.0409    0.0037         1
    0.5800    1.0372    0.0037         1
    0.5825    1.0448    0.0036         1
    0.5850    1.0643    0.0036         1
    0.5875    1.0539    0.0036         1
    0.5900    1.0503    0.0036         1
    0.5925    1.0535    0.0037         1
    0.5950    1.0625    0.0036         1
    0.5975    1.0680    0.0035         1
    0.6000    1.0690    0.0034         1
    0.6025    1.0706    0.0034         1
    0.6050    1.0846    0.0034         1
    0.6075    1.0693    0.0033         1
    0.6100    1.0735    0.0033         1
    0.6125    1.0795    0.0032         1
    0.6150    1.0865    0.0032         1
    0.6175    1.0876    0.0032         1
    0.6200    1.0932    0.0032         1
    0.6225    1.1063    0.0032         1
    0.6250    1.0985    0.0032         1
    0.6275    1.0964    0.0032         1
    0.6300    1.0973    0.0033         1
    0.6325    1.0995    0.0034         1
    0.6350    1.1105    0.0034         1
    0.6375    1.1227    0.0033         1
    0.6400    1.1293    0.0032         1
    0.6425    1.1324    0.0031         1
    0.6450    1.1310    0.0031         1
    0.6475    1.1362    0.0031         1
    0.6500    1.1302    0.0031         1
    0.6525    1.1365    0.0031         1
    0.6550    1.1428    0.0031         1
    0.6575    1.1252    0.0031         1
    0.6600    1.1434    0.0031         1
    0.6625    1.1731    0.0031         1
    0.6650    1.1611    0.0030         1
    0.6675    1.1544    0.0030         1
    0.6700    1.1615    0.0029         1
    0.6725    1.1656    0.0029         1
    0.6750    1.1672    0.0029         1
    0.6775    1.1739    0.0029         1
    0.6800    1.1725    0.0029         1
    0.6825    1.1712    0.0029         1
    0.6850    1.1728    0.0030         1
    0.6925    1.1921    0.0046         1
    0.6950    1.2045    0.0045         1
    0.6975    1.1853    0.0031         1
    0.7000    1.1841    0.0030         1
    0.7025    1.1911    0.0030         1
    0.7050    1.1957    0.0030         1
    0.7075    1.1936    0.0030         1
    0.7100    1.1935    0.0030         1
    0.7125    1.1980    0.0030         1
    0.7150    1.2006    0.0030         1
    0.7175    1.1743    0.0030         1
    0.7200    1.1666    0.0031         1
    0.7225    1.2015    0.0033         1
    0.7250    1.1909    0.0033         1
    0.7275    1.1980    0.0035         1
    0.7300    1.1924    0.0035         1
    0.7325    1.2077    0.0035         1
    0.7350    1.2086    0.0035         1
    0.7375    1.2069    0.0034         1
    0.7400    1.2053    0.0034         1
    0.7425    1.2067    0.0034         1
    0.7450    1.2163    0.0034         1
    0.7475    1.2114    0.0034         1
    0.7500    1.1999    0.0034         1
    0.7525    1.2071    0.0034         1
    0.7550    1.2025    0.0034         1
    0.7725    1.1999    0.0038         1
    0.7750    1.1911    0.0038         1
    0.7775    1.1699    0.0037         1
    0.7800    1.1712    0.0038         1
    0.7825    1.1768    0.0038         1
    0.7850    1.1789    0.0039         1
    0.7875    1.1610    0.0040         1
    0.7900    1.1757    0.0040         1
    0.7925    1.1626    0.0040         1
    0.7950    1.1789    0.0041         1
    0.7975    1.1695    0.0040         1
    0.8000    1.1555    0.0040         1
    0.8025    1.1442    0.0040         1
    0.8050    1.1570    0.0039         1
    0.8075    1.1244    0.0038         1
    0.8100    1.1337    0.0055         1
    0.8125    1.1363    0.0055         1
    0.8150    1.1222    0.0056         1
    0.8175    1.1196    0.0040         1
    0.8200    1.1110    0.0040         1
    0.8225    1.1190    0.0041         1
    0.8250    1.1257    0.0043         1
    0.8275    1.1103    0.0064         1
    0.8300    1.1181    0.0067         1
    0.8450    1.1188    0.0073         1
    0.8475    1.1088    0.0050         1
    0.8500    1.0892    0.0050         1
    0.8525    1.0495    0.0048         1
    0.8550    1.0976    0.0050         1
    0.8575    1.0977    0.0050         1
    0.8600    1.0776    0.0051         1
    0.8625    1.0901    0.0055         1
    0.8650    1.0714    0.0056         1
    0.8675    1.1011    0.0057         1
    0.8700    1.0779    0.0054         1
    0.8725    1.0593    0.0058         1
    0.8750    1.0775    0.0066         1
    0.8775    1.0479    0.0068         1
    0.8800    1.0564    0.0070         1
    0.8825    1.0437    0.0071         1
    0.8850    1.0099    0.0072         1
    0.8875    1.0636    0.0074         1
    0.8900    1.0777    0.0078         1
    0.8925    1.0738    0.0078         1
    0.8950    1.0060    0.0076         1
    0.8975    0.9959    0.0077         1
    0.9000    1.0600    0.0080         1
    0.9025    1.0573    0.0076         1
    0.9050    1.0400    0.0074         1
    0.9075    1.0762    0.0080         1
    0.9100    1.0509    0.0079         1
    0.9125    1.0160    0.0078         1
    0.9150    1.0448    0.0082         1
    0.9175    1.0671    0.0086         1
    0.9200    1.0402    0.0083         1
    0.9225    1.0594    0.0088         1
    0.9250    1.0619    0.0135         1

    0.8200    1.1512    0.0289         3
    0.8250    1.1162    0.0273         3
    0.8300    1.1243    0.0262         3
    0.8350    1.1373    0.0270         3
    0.8400    1.1056    0.0262         3
    0.8450    1.1124    0.0252         3
    0.8500   -1.0000   -1.0000         0
    0.8550    1.1015    0.0238         3
    0.8600    1.0484    0.0270         3
    0.8650    1.0664    0.0257         3
    0.8700    1.0800    0.0252         3
    0.8750    1.0780    0.0251         3
    0.8800    1.0558    0.0250         3
    0.8850    1.0513    0.0256         3
    0.8900    1.0350    0.0221         3
    0.8950    1.0585    0.0222         3
    0.9000    1.0696    0.0219         3
    0.9050    1.0848    0.0252         3
    0.9100    1.0669    0.0222         3
    0.9150    1.0644    0.0234         3
    0.9200    1.0528    0.0217         3
    0.9250    1.0536    0.0236         3
    0.9300    1.0670    0.0220         3
    0.9350    1.0637    0.0222         3
    0.9400    1.0512    0.0216         3
    0.9450    1.0455    0.0232         3
    0.9500    1.0506    0.0198         3
    0.9550    1.0668    0.0208         3
    0.9600    1.0808    0.0217         3
    0.9650    1.0785    0.0193         3
    0.9700    1.0868    0.0202         3
    0.9750    1.0833    0.0180         3
    0.9800    1.0695    0.0187         3
    0.9850    1.0781    0.0205         3
    0.9900    1.0936    0.0206         3
    0.9950    1.0958    0.0200         3
    1.0000    1.0803    0.0195         3
    1.0050    1.0818    0.0181         3
    1.0100    1.0974    0.0190         3
    1.0150    1.0965    0.0186         3
    1.0200    1.1171    0.0209         3
    1.0250    1.0966    0.0194         3
    1.0300    1.1091    0.0192         3
    1.0350    1.1099    0.0186         3
    1.0400    1.0999    0.0189         3
    1.0450    1.0915    0.0196         3
    1.0500    1.0984    0.0200         3
    1.0550    1.1147    0.0212         3
    1.0600    1.1024    0.0190         3
    1.0650    1.1034    0.0183         3
    1.0700    1.1145    0.0194         3
    1.0750    1.1111    0.0175         3
    1.0800    1.1198    0.0186         3
    1.0850    1.1192    0.0199         3
    1.0900    1.1216    0.0190         3
    1.0950    1.1210    0.0203         3
    1.1000    1.1513    0.0197         3
    1.1050    1.1568    0.0184         3
    1.1100    1.1669    0.0181         3
    1.1150    1.1885    0.0199         3
    1.1200    1.1867    0.0196         3
    1.1250    1.1972    0.0189         3
    1.1300    1.1977    0.0210         3
    1.1350    1.2009    0.0196         3
    1.1400    1.1897    0.0190         3
    1.1450    1.2065    0.0211         3
    1.1500    1.2189    0.0194         3
    1.1550    1.2044    0.0176         3
    1.1600    1.2165    0.0193         3
    1.1650    1.2255    0.0173         3
    1.1700    1.2293    0.0176         3
    1.1750    1.2256    0.0188         3
    1.1800    1.2224    0.0175         3
    1.1850    1.2200    0.0176         3
    1.1900    1.2312    0.0163         3
    1.1950    1.2566    0.0184         3
    1.2000    1.2739    0.0184         3
    1.2050    1.2589    0.0177         3
    1.2100    1.2565    0.0184         3
    1.2150    1.2477    0.0175         3
    1.2200    1.2487    0.0180         3
    1.2250    1.2829    0.0181         3
    1.2300    1.2757    0.0182         3
    1.2350    1.2691    0.0167         3
    1.2400    1.2931    0.0181         3
    1.2450    1.2923    0.0182         3
    1.2500    1.2859    0.0174         3
    1.2550    1.2759    0.0192         3
    1.2600    1.2634    0.0195         3
    1.2650    1.2897    0.0193         3
    1.2700    1.2927    0.0187         3
    1.2750    1.2989    0.0199         3
    1.2800    1.3090    0.0203         3
    1.2850    1.3039    0.0204         3
    1.2900    1.3176    0.0194         3
    1.2950    1.3072    0.0191         3
    1.3000    1.3113    0.0181         3
    1.3050    1.3418    0.0178         3
    1.3100    1.3500    0.0191         3
    1.3150    1.3366    0.0201         3
    1.3200    1.3449    0.0185         3
    1.3250    1.3701    0.0185         3
    1.3300    1.3769    0.0205         3
    1.3350    1.3741    0.0196         3
    1.3400   -1.0000   -1.0000         0
    1.3450    1.3814    0.0360         1
    1.3500    1.4102    0.0471         2
    1.3550    1.4262    0.0306         1
    1.3600    1.3744    0.0378         2
    1.3650    1.3995    0.0433         2
    1.3700   -1.0000   -1.0000         0
    1.3750   -1.0000   -1.0000         0
    1.3800    1.3692    0.0358         2
    1.3850    1.3879    0.0382         3
    1.3900   -1.0000   -1.0000         0
    1.3950   -1.0000   -1.0000         0
    1.4000    1.4331    0.0355         2
    1.4050    1.4010    0.0333         3
    1.4100    1.4430    0.0341         3
    1.4150    1.4716    0.0269         1
    1.4200    1.4104    0.0276         3
    1.4250    1.4629    0.0288         3
    1.4300    1.4535    0.0254         3
    1.4350    1.4185    0.0256         3
    1.4400    1.4401    0.0258         3
    1.4450    1.4193    0.0250         3
    1.4500    1.4375    0.0246         3
    1.4550    1.4677    0.0263         3
    1.4600    1.5153    0.0256         1
    1.4650    1.4624    0.0256         3
    1.4700    1.4709    0.0255         3
    1.4750    1.4704    0.0241         3
    1.4800    1.4454    0.0223         3
    1.4850    1.4628    0.0241         3
    1.4900    1.4613    0.0235         3
    1.4950    1.4926    0.0246         3
    1.5000   -1.0000   -1.0000         0
    1.5050    1.5115    0.0239         3
    1.5100    1.4996    0.0228         3
    1.5150    1.4753    0.0227         3
    1.5200    1.4722    0.0233         3
    1.5250    1.5015    0.0228         3
    1.5300    1.4845    0.0232         3
    1.5350    1.4810    0.0233         3
    1.5400    1.4733    0.0235         3
    1.5450    1.4670    0.0241         3
    1.5500    1.5466    0.0263         3
    1.5550    1.5177    0.0239         3
    1.5600    1.5203    0.0253         3
    1.5650    1.5136    0.0242         3
    1.5700    1.5645    0.0267         3
    1.5750    1.5245    0.0257         3
    1.5800    1.4738    0.0245         3
    1.5850    1.4979    0.0244         3
    1.5900    1.4920    0.0228         3
    1.5950    1.4654    0.0226         3
    1.6000    1.4419    0.0287         3
    1.6050    1.4158    0.0284         3
    1.6100    1.4708    0.0238         3
    1.6150    1.4778    0.0258         3
    1.6200    1.4374    0.0230         3
    1.6250    1.4573    0.0250         3
    1.6300    1.4409    0.0236         3
    1.6350    1.4557    0.0239         3
    1.6400    1.4079    0.0263         3
    1.6450    1.4396    0.0244         3
    1.6500    1.4542    0.0235         3
    1.6550    1.4336    0.0243         3
    1.6600    1.4207    0.0263         3
    1.6650    1.4227    0.0262         3
    1.6700    1.4424    0.0248         3
    1.6750    1.4812    0.0264         3
    1.6800    1.4857    0.0263         3
    1.6850    1.4933    0.0250         3
    1.6900    1.4304    0.0258         3
    1.6950    1.3671    0.0285         3
    1.7000    1.4332    0.0269         3
    1.7050    1.4508    0.0262         3
    1.7100    1.4123    0.0259         3
    1.7150    1.4316    0.0266         3
    1.7200    1.4183    0.0255         3
    1.7250    1.4317    0.0261         3
    1.7300    1.3957    0.0291         3
    1.7350    1.4253    0.0251         3
    1.7400    1.3904    0.0278         3
    1.7450    1.4279    0.0296         3
    1.7500    1.4181    0.0271         3
    1.7550    1.4105    0.0270         3
    1.7600    1.4423    0.0278         3
    1.7650    1.4420    0.0289         3
    1.7700    1.4091    0.0265         3
    1.7750    1.4136    0.0279         3
    1.7800    1.3946    0.0321         3
    1.7850    1.4198    0.0307         3
    1.7900    1.3480    0.0327         2
    1.7950    1.3414    0.0326         3
    1.8000    1.4415    0.0356         3
    1.8050    1.4133    0.0345         3
    1.8100    1.4014    0.0381         3
    1.8150    1.3834    0.0426         3
    1.8200    1.4153    0.0439         3
    1.8250    1.3991    0.0460         2
    1.8300    1.4205    0.0534         3
    1.8350   -1.0000   -1.0000         0
    1.8400    1.3852    0.0613         3
    1.8450   -1.0000   -1.0000         0
    1.8500    1.4001    0.0588         1
    1.8550    1.3735    0.0616         3
    1.8600    1.3388    0.0629         3
    1.8650    1.3628    0.0787         2
    1.8700    1.3754    0.0690         3
    1.8750    1.3220    0.0771         2
    1.8800    1.3462    0.0679         2
    1.8850   -1.0000   -1.0000         0
    1.8900    1.3173    0.0482         3
    1.8950    1.3371    0.0541         3
    1.9000    1.3582    0.0544         3
    1.9050    1.3204    0.0584         3
    1.9100    1.3718    0.0501         1
    1.9150    1.3617    0.0622         2
    1.9200    1.4215    0.0574         3
    1.9250    1.4087    0.0525         3
    1.9300    1.3448    0.0491         3
    1.9350    1.4081    0.0459         3
    1.9400    1.3588    0.0424         3
    1.9450    1.2860    0.0446         3
    1.9500    1.3379    0.0447         3
    1.9550    1.3220    0.0465         3
    1.9600    1.3291    0.0441         3
    1.9650    1.3429    0.0425         3
    1.9700    1.3444    0.0383         3
    1.9750    1.3853    0.0405         3
    1.9800    1.3965    0.0390         3
    1.9850    1.3315    0.0351         3
    1.9900    1.3347    0.0347         3
    1.9950    1.3222    0.0462         2
    2.0000    1.3366    0.0497         3
    2.0050    1.3316    0.0555         2
    2.0100    1.3549    0.0474         3
    2.0150    1.3905    0.0484         3
    2.0200    1.3845    0.0472         3
    2.0250    1.3290    0.0387         3
    2.0300    1.3325    0.0350         3
    2.0350    1.3315    0.0358         3
    2.0400    1.3370    0.0381         3
    2.0450    1.3932    0.0375         3
    2.0500    1.3838    0.0408         3
    2.0550    1.3786    0.0404         3
    2.0600    1.3898    0.0430         3
    2.0650    1.3617    0.0380         3
    2.0700    1.3338    0.0396         3
    2.0750    1.3316    0.0371         3
    2.0800    1.3700    0.0388         3
    2.0850    1.3667    0.0380         3
    2.0900    1.3818    0.0380         3
    2.0950    1.4057    0.0382         3
    2.1000    1.3914    0.0387         3
    2.1050    1.3465    0.0397         3
    2.1100    1.3957    0.0370         3
    2.1150    1.4044    0.0390         3
    2.1200    1.4107    0.0394         3
    2.1250    1.3971    0.0393         3
    2.1300    1.4561    0.0429         3
    2.1350    1.4591    0.0434         1
    2.1400    1.4222    0.0431         3
    2.1450    1.4234    0.0390         3
    2.1500    1.4334    0.0400         3
    2.1550    1.4291    0.0424         3
    2.1600    1.4823    0.0481         3
    2.1650    1.4583    0.0419         3
    2.1700    1.4441    0.0451         3
    2.1750    1.4872    0.0483         3
    2.1800    1.4610    0.0472         3
    2.1850    1.3839    0.0424         3
    2.1900    1.3934    0.0465         3
    2.1950    1.3675    0.0416         3
    2.2000    1.3836    0.0428         3
    2.2050    1.4472    0.0457         3
    2.2100    1.4756    0.0433         3
    2.2150    1.4232    0.0468         3
    2.2200    1.4545    0.0444         3
    2.2250    1.4365    0.0453         3
    2.2300    1.4683    0.0462         3
    2.2350    1.3894    0.0471         3
    2.2400    1.3782    0.0460         3
    2.2450    1.4269    0.0533         3
    2.2500    1.4812    0.0492         3
    2.2550    1.3953    0.0469         3
    2.2600    1.4323    0.0501         3
    2.2650    1.4647    0.0507         3
    2.2700    1.3829    0.0489         3
    2.2750    1.3882    0.0483         3
    2.2800    1.4512    0.0574         3
    2.2850    1.4643    0.0556         3
    2.2900    1.4019    0.0507         3
    2.2950    1.4394    0.0511         3
    2.3000    1.4089    0.0510         3
    2.3050    1.3574    0.0484         3
    2.3100    1.4069    0.0512         3
    2.3150    1.4150    0.0525         3
    2.3200    1.3824    0.0496         3
    2.3250    1.3842    0.0594         3
    2.3300   -1.0000   -1.0000         2
    2.3350   -1.0000   -1.0000         3
    2.3400   -1.0000   -1.0000         3
    2.3450   -1.0000   -1.0000         3
    2.3500   -1.0000   -1.0000         3
    2.3550   -1.0000   -1.0000         3
    2.3600   -1.0000   -1.0000         0
    2.3650   -1.0000   -1.0000         1
    2.3700   -1.0000   -1.0000         0
    2.3750   -1.0000   -1.0000         0
    2.3800   -1.0000   -1.0000         0
    2.3850   -1.0000   -1.0000         0
    2.3900   -1.0000   -1.0000         1
    2.3950   -1.0000   -1.0000         2
    2.4000   -1.0000   -1.0000         3
    2.4050   -1.0000   -1.0000         0
    2.4100   -1.0000   -1.0000         0
    2.4150   -1.0000   -1.0000         3
    2.4200   -1.0000   -1.0000         0
    2.4250   -1.0000   -1.0000         0
    2.4300   -1.0000   -1.0000         0
    2.4350   -1.0000   -1.0000         0
    2.4400   -1.0000   -1.0000         1
    2.4450   -1.0000   -1.0000         2
    2.4500   -1.0000   -1.0000         0
    2.4550   -1.0000   -1.0000         2
    2.4600   -1.0000   -1.0000         1
    2.4650   -1.0000   -1.0000         3
    2.4700   -1.0000   -1.0000         0
    2.4750   -1.0000   -1.0000         0
    2.4800   -1.0000   -1.0000         0
    2.4850   -1.0000   -1.0000         0
    2.4900   -1.0000   -1.0000         0
