 0.46113  1.041 -9.999
 0.46222  0.955 -9.999
 0.46331  0.927 -9.999
 0.46440  0.971 -9.999
 0.46549  0.957 -9.999
 0.46659  0.971 -9.999
 0.46768  0.958 -9.999
 0.46877  1.020 -9.999
 0.46986  0.945 -9.999
 0.47095  0.935 -9.999
 0.47204  0.977 -9.999
 0.47313  0.984 -9.999
 0.47422  0.962 -9.999
 0.47531  0.957 -9.999
 0.47640  0.965 -9.999
 0.47749  0.987 -9.999
 0.47858  1.004 -9.999
 0.47967  0.965 -9.999
 0.48076  0.974 -9.999
 0.48186  0.984 -9.999
 0.48295  0.975 -9.999
 0.48404  0.938 -9.999
 0.48513  0.962 -9.999
 0.48622  0.952 -9.999
 0.48731  0.944 -9.999
 0.48840  1.023 -9.999
 0.48949  0.966 -9.999
 0.49058  0.965 -9.999
 0.49167  0.976 -9.999
 0.49276  0.968 -9.999
 0.49385  0.994 -9.999
 0.49494  0.972 -9.999
 0.49603  0.956 -9.999
 0.49713  0.969 -9.999
 0.49822  0.967 -9.999
 0.49931  0.974 -9.999
 0.50040  0.968 -9.999
 0.50149  0.974 -9.999
 0.50258  0.974 -9.999
 0.50367  0.972 -9.999
 0.50476  0.967 -9.999
 0.50585  0.983 -9.999
 0.50694  0.968 -9.999
 0.50803  0.959 -9.999
 0.50912  0.955 -9.999
 0.51021  0.969 -9.999
 0.51130  0.957 -9.999
 0.51240  0.933 -9.999
 0.51349  0.971 -9.999
 0.51458  0.972 -9.999
 0.51567  0.979 -9.999
 0.51676  0.994 -9.999
 0.51785  1.015 -9.999
 0.51894  0.991 -9.999
 0.52003  0.996 -9.999
 0.52112  0.988 -9.999
 0.52221  0.972 -9.999
 0.52330  0.984 -9.999
 0.52439  0.990 -9.999
 0.52548  0.990 -9.999
 0.52658  1.011 -9.999
 0.52767  1.006 -9.999
 0.52876  0.979 -9.999
 0.52985  0.980 -9.999
 0.53094  0.958 -9.999
 0.53203  0.967 -9.999
 0.53312  0.997 -9.999
 0.53421  0.977 -9.999
 0.53530  0.958 -9.999
 0.53639  0.974 -9.999
 0.53748  0.977 -9.999
 0.53857  0.968 -9.999
 0.53966  0.977 -9.999
 0.54075  0.987 -9.999
 0.54185  0.977 -9.999
 0.54294  0.980 -9.999
 0.54403  0.973 -9.999
 0.54512  0.970 -9.999
 0.54621  0.975 -9.999
 0.54730  0.974 -9.999
 0.54839  0.970 -9.999
 0.54948  0.959 -9.999
 0.55057  0.965 -9.999
 0.55166  0.976 -9.999
 0.55275  0.992 -9.999
 0.55384  0.970 -9.999
 0.55493  0.955 -9.999
 0.55602  0.968 -9.999
 0.55712  0.975 -9.999
 0.55821  0.971 -9.999
 0.55930  0.986 -9.999
 0.56039  0.982 -9.999
 0.56148  0.984 -9.999
 0.56257  0.968 -9.999
 0.56366  0.978 -9.999
 0.56475  0.972 -9.999
 0.56584  0.969 -9.999
 0.56693  0.974 -9.999
 0.56802  0.968 -9.999
 0.56911  0.970 -9.999
 0.57020  0.991 -9.999
 0.57129  0.985 -9.999
 0.57239  0.972 -9.999
 0.57348  0.966 -9.999
 0.57457  0.973 -9.999
 0.57566  0.977 -9.999
 0.57675  0.972 -9.999
 0.57784  0.976 -9.999
 0.57893  0.975 -9.999
 0.58002  0.978 -9.999
 0.58111  0.974 -9.999
 0.58220  0.967 -9.999
 0.58329  0.971 -9.999
 0.58438  0.968 -9.999
 0.58547  0.978 -9.999
 0.58656  0.967 -9.999
 0.58766  0.959 -9.999
 0.58875  0.974 -9.999
 0.58984  0.991 -9.999
 0.59093  0.980 -9.999
 0.59202  0.979 -9.999
 0.59311  0.968 -9.999
 0.59420  0.973 -9.999
 0.59529  0.974 -9.999
 0.59638  0.963 -9.999
 0.59747  0.964 -9.999
 0.59856  0.973 -9.999
 0.59965  0.970 -9.999
 0.60074  0.971 -9.999
 0.60183  0.979 -9.999
 0.60293  0.982 -9.999
 0.60402  0.977 -9.999
 0.60511  0.969 -9.999
 0.60620  0.964 -9.999
 0.60729  0.979 -9.999
 0.60838  0.976 -9.999
 0.60947  0.971 -9.999
 0.61056  0.967 -9.999
 0.61165  0.981 -9.999
 0.61274  0.973 -9.999
 0.61383  0.973 -9.999
 0.61492  0.967 -9.999
 0.61601  0.976 -9.999
 0.61711  0.993 -9.999
 0.61820  0.983 -9.999
 0.61929  0.977 -9.999
 0.62038  0.975 -9.999
 0.62147  0.979 -9.999
 0.62256  0.976 -9.999
 0.62365  0.965 -9.999
 0.62474  0.980 -9.999
 0.62583  0.987 -9.999
 0.62692  0.988 -9.999
 0.62801  0.977 -9.999
 0.62910  0.972 -9.999
 0.63019  0.983 -9.999
 0.63128  0.985 -9.999
 0.63238  0.986 -9.999
 0.63347  0.979 -9.999
 0.63456  0.989 -9.999
 0.63565  0.986 -9.999
 0.63674  0.983 -9.999
 0.63783  0.979 -9.999
 0.63892  0.982 -9.999
 0.64001  0.981 -9.999
 0.64110  0.983 -9.999
 0.64219  0.978 -9.999
 0.64328  0.982 -9.999
 0.64437  0.988 -9.999
 0.64546  0.983 -9.999
 0.64655  0.983 -9.999
 0.64765  0.985 -9.999
 0.64874  0.979 -9.999
 0.64983  0.990 -9.999
 0.65092  0.989 -9.999
 0.65201  0.981 -9.999
 0.65310  0.988 -9.999
 0.65419  0.976 -9.999
 0.65528  0.944 -9.999
 0.65637  0.987 -9.999
 0.65746  1.018 -9.999
 0.65855  0.993 -9.999
 0.65964  0.991 -9.999
 0.66073  0.990 -9.999
 0.66182  0.975 -9.999
 0.66292  0.977 -9.999
 0.66401  0.995 -9.999
 0.66510  0.992 -9.999
 0.66619  0.986 -9.999
 0.66728  0.986 -9.999
 0.66837  0.985 -9.999
 0.66946  0.987 -9.999
 0.67055  0.992 -9.999
 0.67164  0.989 -9.999
 0.67273  0.998 -9.999
 0.67382  0.994 -9.999
 0.67491  0.985 -9.999
 0.67600  0.991 -9.999
 0.67709  0.994 -9.999
 0.67819  0.998 -9.999
 0.67928  0.995 -9.999
 0.68037  0.993 -9.999
 0.68146  0.991 -9.999
 0.68255  1.000 -9.999
 0.68364  0.993 -9.999
 0.68473  0.985 -9.999
 0.68582  0.959 -9.999
 0.68691  0.957 -9.999
 0.68800  1.004 -9.999
 0.68909  1.017 -9.999
 0.69018  1.016 -9.999
 0.69127  1.007 -9.999
 0.69236  1.001 -9.999
 0.69346  0.995 -9.999
 0.69455  1.004 -9.999
 0.69564  1.010 -9.999
 0.69673  0.999 -9.999
 0.69782  0.993 -9.999
 0.69891  0.987 -9.999
 0.70000  0.993 -9.999
 0.70109  1.005 -9.999
 0.70218  1.007 -9.999
 0.70327  1.012 -9.999
 0.70436  0.999 -9.999
 0.70545  0.991 -9.999
 0.70654  0.991 -9.999
 0.70764  1.001 -9.999
 0.70873  1.008 -9.999
 0.70982  1.008 -9.999
 0.71091  1.007 -9.999
 0.71200  0.996 -9.999
 0.71309  0.983 -9.999
 0.71418  1.000 -9.999
 0.71527  1.011 -9.999
 0.71636  1.007 -9.999
 0.71745  0.998 -9.999
 0.71854  1.001 -9.999
 0.71963  0.995 -9.999
 0.72072  1.017 -9.999
 0.72181  1.019 -9.999
 0.72291  1.015 -9.999
 0.72400  1.016 -9.999
 0.72509  1.016 -9.999
 0.72618  1.024 -9.999
 0.72727  1.007 -9.999
 0.72836  0.993 -9.999
 0.72945  0.998 -9.999
 0.73054  1.007 -9.999
 0.73163  1.009 -9.999
 0.73272  1.011 -9.999
 0.73381  1.028 -9.999
 0.73490  1.021 -9.999
 0.73599  0.998 -9.999
 0.73708  0.999 -9.999
 0.73818  0.999 -9.999
 0.73927  1.001 -9.999
 0.74036  1.012 -9.999
 0.74145  1.008 -9.999
 0.74254  1.004 -9.999
 0.74363  0.999 -9.999
 0.74472  0.996 -9.999
 0.74581  1.000 -9.999
 0.74690  1.006 -9.999
 0.74799  1.015 -9.999
 0.74908  1.014 -9.999
 0.75017  1.002 -9.999
 0.75126  0.997 -9.999
 0.75235  0.997 -9.999
 0.75345  1.005 -9.999
 0.75454  1.014 -9.999
 0.75563  1.016 -9.999
 0.75672  1.019 -9.999
 0.75781  0.998 -9.999
 0.75890  0.976 -9.999
 0.75999  0.888 -9.999
 0.76108  0.824 -9.999
 0.76217  1.078 -9.999
 0.76326  1.086 -9.999
 0.76435  1.017 -9.999
 0.76544  1.075 -9.999
 0.76653  1.055 -9.999
 0.76762  1.042 -9.999
 0.76872  1.014 -9.999
 0.76981  1.015 -9.999
 0.77090  1.028 -9.999
 0.77199  1.025 -9.999
 0.77308  1.016 -9.999
 0.77417  1.004 -9.999
 0.77526  0.997 -9.999
 0.77635  0.990 -9.999
 0.77744  1.004 -9.999
 0.77853  1.007 -9.999
 0.77962  1.011 -9.999
 0.78071  1.025 -9.999
 0.78180  1.002 -9.999
 0.78289  1.001 -9.999
 0.78399  0.994 -9.999
 0.78508  0.993 -9.999
 0.78617  1.004 -9.999
 0.78726  1.021 -9.999
 0.78835  1.012 -9.999
 0.78944  1.011 -9.999
 0.79053  1.014 -9.999
 0.79162  1.007 -9.999
 0.79271  0.994 -9.999
 0.79380  0.991 -9.999
 0.79489  1.002 -9.999
 0.79598  1.007 -9.999
 0.79707  1.022 -9.999
 0.79817  1.025 -9.999
 0.79926  1.016 -9.999
 0.80035  1.007 -9.999
 0.80144  0.993 -9.999
 0.80253  1.009 -9.999
 0.80362  1.002 -9.999
 0.80471  1.002 -9.999
 0.80580  1.004 -9.999
 0.80689  1.006 -9.999
 0.80798  1.008 -9.999
 0.80907  1.008 -9.999
 0.81016  1.006 -9.999
 0.81125  1.003 -9.999
 0.81234  1.002 -9.999
 0.81344  1.016 -9.999
 0.81453  1.005 -9.999
 0.81562  1.002 -9.999
 0.81671  1.016 -9.999
 0.81780  1.022 -9.999
 0.81889  1.032 -9.999
 0.81998  1.021 -9.999
 0.82107  1.009 -9.999
 0.82216  1.012 -9.999
 0.82325  1.008 -9.999
 0.82434  0.999 -9.999
 0.82543  1.030 -9.999
 0.82652  1.027 -9.999
 0.82761  1.004 -9.999
 0.82871  1.031 -9.999
 0.82980  1.026 -9.999
 0.83089  1.023 -9.999
 0.83198  1.012 -9.999
 0.83307  1.018 -9.999
 0.83416  1.004 -9.999
 0.83525  0.995 -9.999
 0.83634  1.009 -9.999
 0.83743  1.007 -9.999
 0.83852  1.022 -9.999
 0.83961  1.030 -9.999
 0.84070  1.022 -9.999
 0.84179  1.025 -9.999
 0.84288  1.006 -9.999
 0.84398  0.984 -9.999
 0.84507  1.003 -9.999
 0.84616  0.998 -9.999
 0.84725  0.994 -9.999
 0.84834  1.054 -9.999
 0.84943  1.083 -9.999
 0.85052  1.040 -9.999
 0.85161  1.006 -9.999
 0.85270  0.995 -9.999
 0.85379  1.047 -9.999
 0.85488  1.004 -9.999
 0.85597  0.968 -9.999
 0.85706  1.003 -9.999
 0.85815  1.069 -9.999
 0.85925  1.030 -9.999
 0.86034  1.036 -9.999
 0.86143  1.052 -9.999
 0.86252  1.029 -9.999
 0.86361  1.015 -9.999
 0.86470  1.010 -9.999
 0.86579  1.017 -9.999
 0.86688  1.008 -9.999
 0.86797  0.961 -9.999
 0.86906  0.961 -9.999
 0.87015  1.057 -9.999
 0.87124  1.050 -9.999
 0.87233  1.030 -9.999
 0.87342  1.029 -9.999
 0.87452  1.010 -9.999
 0.87561  1.015 -9.999
 0.87670  1.025 -9.999
 0.87779  1.012 -9.999
 0.87888  1.026 -9.999
 0.87997  1.019 -9.999
 0.88106  1.031 -9.999
 0.88215  1.014 -9.999
 0.88324  1.022 -9.999
 0.88433  1.021 -9.999
 0.88542  1.020 -9.999
 0.88651  0.988 -9.999
 0.88760  1.014 -9.999
 0.88870  1.003 -9.999
 0.88979  1.006 -9.999
 0.89088  1.031 -9.999
 0.89197  1.018 -9.999
 0.89306  1.041 -9.999
 0.89415  1.029 -9.999
 0.89524  1.017 -9.999
 0.89633  1.016 -9.999
 0.89742  1.029 -9.999
 0.89851  1.015 -9.999
 0.89960  1.021 -9.999
 0.90069  1.018 -9.999
 0.90178  1.012 -9.999
 0.90287  1.023 -9.999
 0.90397  1.059 -9.999
 0.90506  1.056 -9.999
 0.90615  1.072 -9.999
 0.90724  1.057 -9.999
 0.90833  1.029 -9.999
 0.90942  1.012 -9.999
 0.91051  1.022 -9.999
 0.91160  1.040 -9.999
 0.91269  1.004 -9.999
 0.91378  1.011 -9.999
 0.91487  1.009 -9.999
 0.91596  1.045 -9.999
 0.91705  1.058 -9.999
 0.91814  1.049 -9.999
 0.91924  1.043 -9.999
 0.92033  1.039 -9.999
 0.92142  1.016 -9.999
 0.92251  1.030 -9.999
 0.92360  1.025 -9.999
 0.92469  1.027 -9.999
 0.92578  0.991 -9.999
 0.92687  1.011 -9.999
 0.92796  1.034 -9.999
 0.92905  1.041 -9.999
 0.93014  1.058 -9.999
 0.93123  1.044 -9.999
 0.93232  1.010 -9.999
 0.93341  1.016 -9.999
 0.93451  1.011 -9.999
 0.93560  0.996 -9.999
 0.93669  1.015 -9.999
 0.93778  1.000 -9.999
 0.93887  1.039 -9.999
 0.93996  1.084 -9.999
 0.94105  1.084 -9.999
 0.94214  1.094 -9.999
 0.94323  1.117 -9.999
 0.94432  1.044 -9.999
 0.94541  1.027 -9.999
 0.94650  0.992 -9.999
 0.94759  1.022 -9.999
 0.94868  1.049 -9.999
 0.94978  1.056 -9.999
 0.95087  1.066 -9.999
 0.95196  1.064 -9.999
 0.95305  1.041 -9.999
 0.95414  1.054 -9.999
 0.95523  1.048 -9.999
 0.95632  1.052 -9.999
 0.95741  1.081 -9.999
 0.95850  1.054 -9.999
 0.95959  1.036 -9.999
 0.96068  1.037 -9.999
 0.96177  1.055 -9.999
 0.96286  1.030 -9.999
 0.96395  1.041 -9.999
 0.96505  1.109 -9.999
 0.96614  1.060 -9.999
 0.96723  1.058 -9.999
 0.96832  1.094 -9.999
 0.96941  1.066 -9.999
 0.97050  1.051 -9.999
 0.97159  1.036 -9.999
 0.97268  1.021 -9.999
 0.97377  1.042 -9.999
 0.97486  1.034 -9.999
 0.97595  1.048 -9.999
 0.97704  1.013 -9.999
 0.97813  1.024 -9.999
 0.97923  1.069 -9.999
 0.98032  1.056 -9.999
 0.98141  1.055 -9.999
 0.98250  1.123 -9.999
 0.98359  1.104 -9.999
 0.98468  1.080 -9.999
 0.98577  1.042 -9.999
 0.98686  1.032 -9.999
 0.98795  1.015 -9.999
 0.98904  1.049 -9.999
 0.99013  1.053 -9.999
 0.99122  1.034 -9.999
 0.99231  1.097 -9.999
 0.99340  1.042 -9.999
 0.99450  1.065 -9.999
 0.99559  1.052 -9.999
 0.99668  1.112 -9.999
 0.99777  1.072 -9.999
