 0.49600  0.918 -9.999
 0.49680  0.963 -9.999
 0.49760  0.954 -9.999
 0.49840  0.953 -9.999
 0.49920  0.970 -9.999
 0.50000  0.954 -9.999
 0.50080  0.946 -9.999
 0.50160  0.955 -9.999
 0.50240  0.978 -9.999
 0.50320  1.000 -9.999
 0.50400  0.983 -9.999
 0.50480  0.978 -9.999
 0.50560  0.975 -9.999
 0.50640  0.976 -9.999
 0.50720  0.953 -9.999
 0.50800  0.968 -9.999
 0.50880  0.966 -9.999
 0.50960  0.978 -9.999
 0.51040  0.967 -9.999
 0.51120  0.967 -9.999
 0.51200  0.965 -9.999
 0.51280  0.962 -9.999
 0.51360  0.963 -9.999
 0.51440  0.957 -9.999
 0.51520  0.970 -9.999
 0.51600  0.973 -9.999
 0.51680  0.984 -9.999
 0.51760  0.975 -9.999
 0.51840  0.962 -9.999
 0.51920  0.955 -9.999
 0.52000  0.976 -9.999
 0.52080  0.954 -9.999
 0.52160  0.969 -9.999
 0.52240  0.962 -9.999
 0.52320  0.970 -9.999
 0.52400  0.977 -9.999
 0.52480  0.969 -9.999
 0.52560  0.987 -9.999
 0.52640  0.985 -9.999
 0.52720  0.992 -9.999
 0.52800  1.000 -9.999
 0.52880  1.006 -9.999
 0.52960  0.987 -9.999
 0.53040  0.983 -9.999
 0.53120  0.979 -9.999
 0.53200  0.968 -9.999
 0.53280  0.971 -9.999
 0.53360  0.971 -9.999
 0.53440  0.987 -9.999
 0.53520  0.992 -9.999
 0.53600  0.981 -9.999
 0.53680  0.965 -9.999
 0.53760  0.971 -9.999
 0.53840  0.974 -9.999
 0.53920  0.983 -9.999
 0.54000  0.972 -9.999
 0.54080  0.989 -9.999
 0.54160  0.985 -9.999
 0.54240  0.977 -9.999
 0.54320  0.978 -9.999
 0.54400  0.990 -9.999
 0.54480  0.983 -9.999
 0.54560  0.969 -9.999
 0.54640  0.973 -9.999
 0.54720  0.980 -9.999
 0.54800  0.982 -9.999
 0.54880  0.978 -9.999
 0.54960  0.992 -9.999
 0.55040  0.999 -9.999
 0.55120  0.992 -9.999
 0.55200  0.984 -9.999
 0.55280  0.993 -9.999
 0.55360  0.997 -9.999
 0.55440  0.987 -9.999
 0.55520  0.984 -9.999
 0.55600  0.983 -9.999
 0.55680  0.980 -9.999
 0.55760  0.981 -9.999
 0.55840  0.979 -9.999
 0.55920  0.997 -9.999
 0.56000  1.001 -9.999
 0.56080  0.993 -9.999
 0.56160  0.985 -9.999
 0.56240  0.987 -9.999
 0.56320  0.989 -9.999
 0.56400  0.981 -9.999
 0.56480  0.993 -9.999
 0.56560  1.002 -9.999
 0.56640  0.980 -9.999
 0.56720  0.998 -9.999
 0.56800  0.985 -9.999
 0.56880  0.985 -9.999
 0.56960  0.987 -9.999
 0.57040  0.984 -9.999
 0.57120  0.997 -9.999
 0.57200  0.997 -9.999
 0.57280  0.989 -9.999
 0.57360  0.978 -9.999
 0.57440  0.978 -9.999
 0.57520  0.975 -9.999
 0.57600  0.983 -9.999
 0.57680  0.989 -9.999
 0.57760  0.993 -9.999
 0.57840  0.982 -9.999
 0.57920  0.986 -9.999
 0.58000  0.990 -9.999
 0.58080  0.990 -9.999
 0.58160  0.990 -9.999
 0.58240  0.991 -9.999
 0.58320  0.992 -9.999
 0.58400  0.980 -9.999
 0.58480  0.976 -9.999
 0.58560  0.982 -9.999
 0.58640  0.981 -9.999
 0.58720  0.982 -9.999
 0.58800  0.984 -9.999
 0.58880  0.968 -9.999
 0.58960  0.978 -9.999
 0.59040  0.996 -9.999
 0.59120  1.001 -9.999
 0.59200  0.976 -9.999
 0.59280  0.994 -9.999
 0.59360  0.967 -9.999
 0.59440  0.982 -9.999
 0.59520  0.978 -9.999
 0.59600  0.973 -9.999
 0.59680  0.972 -9.999
 0.59760  0.980 -9.999
 0.59840  0.979 -9.999
 0.59920  0.983 -9.999
 0.60000  0.979 -9.999
 0.60080  0.986 -9.999
 0.60160  0.984 -9.999
 0.60240  0.991 -9.999
 0.60320  0.994 -9.999
 0.60400  0.983 -9.999
 0.60480  0.981 -9.999
 0.60560  0.973 -9.999
 0.60640  0.981 -9.999
 0.60720  0.981 -9.999
 0.60800  0.977 -9.999
 0.60880  0.979 -9.999
 0.60960  0.992 -9.999
 0.61040  1.001 -9.999
 0.61120  0.991 -9.999
 0.61200  0.990 -9.999
 0.61280  0.981 -9.999
 0.61360  0.995 -9.999
 0.61440  0.994 -9.999
 0.61520  0.989 -9.999
 0.61600  0.995 -9.999
 0.61680  0.996 -9.999
 0.61760  0.993 -9.999
 0.61840  0.982 -9.999
 0.61920  0.978 -9.999
 0.62000  0.984 -9.999
 0.62080  0.981 -9.999
 0.62160  0.988 -9.999
 0.62240  0.980 -9.999
 0.62320  0.987 -9.999
 0.62400  0.976 -9.999
 0.62480  1.001 -9.999
 0.62560  0.998 -9.999
 0.62640  0.994 -9.999
 0.62720  0.989 -9.999
 0.62800  0.979 -9.999
 0.62880  0.990 -9.999
 0.62960  0.992 -9.999
 0.63040  0.996 -9.999
 0.63120  0.995 -9.999
 0.63200  1.003 -9.999
 0.63280  0.997 -9.999
 0.63360  0.998 -9.999
 0.63440  0.997 -9.999
 0.63520  1.003 -9.999
 0.63600  1.003 -9.999
 0.63680  1.002 -9.999
 0.63760  1.007 -9.999
 0.63840  0.994 -9.999
 0.63920  0.983 -9.999
 0.64000  0.986 -9.999
 0.64080  0.989 -9.999
 0.64160  0.992 -9.999
 0.64240  0.997 -9.999
 0.64320  0.989 -9.999
 0.64400  0.989 -9.999
 0.64480  0.991 -9.999
 0.64560  0.994 -9.999
 0.64640  0.993 -9.999
 0.64720  0.986 -9.999
 0.64800  0.986 -9.999
 0.64880  0.991 -9.999
 0.64960  0.997 -9.999
 0.65040  1.000 -9.999
 0.65120  0.993 -9.999
 0.65200  0.988 -9.999
 0.65280  0.984 -9.999
 0.65360  0.992 -9.999
 0.65440  1.001 -9.999
 0.65520  0.984 -9.999
 0.65600  0.981 -9.999
 0.65680  1.000 -9.999
 0.65760  0.991 -9.999
 0.65840  0.993 -9.999
 0.65920  0.986 -9.999
 0.66000  1.004 -9.999
 0.66080  0.992 -9.999
 0.66160  1.002 -9.999
 0.66240  0.995 -9.999
 0.66320  0.983 -9.999
 0.66400  0.989 -9.999
 0.66480  1.004 -9.999
 0.66560  0.985 -9.999
 0.66640  0.979 -9.999
 0.66720  0.985 -9.999
 0.66800  0.995 -9.999
 0.66880  0.996 -9.999
 0.66960  0.994 -9.999
 0.67040  1.000 -9.999
 0.67120  0.993 -9.999
 0.67200  0.990 -9.999
 0.67280  0.997 -9.999
 0.67360  0.991 -9.999
 0.67440  0.983 -9.999
 0.67520  0.986 -9.999
 0.67600  0.995 -9.999
 0.67680  0.992 -9.999
 0.67760  0.992 -9.999
 0.67840  0.999 -9.999
 0.67920  0.994 -9.999
 0.68000  1.002 -9.999
 0.68080  1.004 -9.999
 0.68160  0.997 -9.999
 0.68240  0.989 -9.999
 0.68320  0.989 -9.999
 0.68400  1.004 -9.999
 0.68480  1.000 -9.999
 0.68560  0.994 -9.999
 0.68640  1.000 -9.999
 0.68720  1.000 -9.999
 0.68800  0.999 -9.999
 0.68880  0.999 -9.999
 0.68960  0.995 -9.999
 0.69040  0.991 -9.999
 0.69120  1.002 -9.999
 0.69200  0.998 -9.999
 0.69280  0.992 -9.999
 0.69360  0.996 -9.999
 0.69440  0.993 -9.999
 0.69520  0.989 -9.999
 0.69600  0.996 -9.999
 0.69680  0.992 -9.999
 0.69760  0.994 -9.999
 0.69840  1.006 -9.999
 0.69920  0.998 -9.999
 0.70000  0.993 -9.999
 0.70080  0.990 -9.999
 0.70160  1.003 -9.999
 0.70240  1.005 -9.999
 0.70320  0.996 -9.999
 0.70400  1.004 -9.999
 0.70480  0.999 -9.999
 0.70560  0.994 -9.999
 0.70640  1.004 -9.999
 0.70720  1.001 -9.999
 0.70800  0.995 -9.999
 0.70880  1.001 -9.999
 0.70960  1.005 -9.999
 0.71040  1.005 -9.999
 0.71120  0.995 -9.999
 0.71200  0.996 -9.999
 0.71280  1.003 -9.999
 0.71360  1.002 -9.999
 0.71440  1.006 -9.999
 0.71520  1.004 -9.999
 0.71600  1.007 -9.999
 0.71680  1.000 -9.999
 0.71760  1.003 -9.999
 0.71840  1.000 -9.999
 0.71920  0.996 -9.999
 0.72000  1.004 -9.999
 0.72080  1.011 -9.999
 0.72160  1.004 -9.999
 0.72240  1.004 -9.999
 0.72320  0.998 -9.999
 0.72400  0.999 -9.999
 0.72480  1.006 -9.999
 0.72560  1.017 -9.999
 0.72640  1.003 -9.999
 0.72720  0.997 -9.999
 0.72800  1.000 -9.999
 0.72880  1.013 -9.999
 0.72960  1.020 -9.999
 0.73040  1.016 -9.999
 0.73120  1.001 -9.999
 0.73200  1.012 -9.999
 0.73280  1.009 -9.999
 0.73360  1.013 -9.999
 0.73440  1.020 -9.999
 0.73520  1.018 -9.999
 0.73600  1.013 -9.999
 0.73680  1.002 -9.999
 0.73760  1.030 -9.999
 0.73840  1.021 -9.999
 0.73920  1.012 -9.999
 0.74000  1.014 -9.999
 0.74080  1.010 -9.999
 0.74160  1.006 -9.999
 0.74240  1.000 -9.999
 0.74320  1.011 -9.999
 0.74400  1.009 -9.999
 0.74480  1.024 -9.999
 0.74560  1.010 -9.999
 0.74640  0.993 -9.999
 0.74720  1.008 -9.999
 0.74800  1.015 -9.999
 0.74880  1.031 -9.999
 0.74960  1.017 -9.999
 0.75040  1.015 -9.999
 0.75120  1.014 -9.999
 0.75200  1.016 -9.999
 0.75280  1.019 -9.999
 0.75360  1.025 -9.999
 0.75440  1.020 -9.999
 0.75520  1.017 -9.999
 0.75600  1.011 -9.999
 0.75680  1.018 -9.999
 0.75760  1.012 -9.999
 0.75840  1.008 -9.999
 0.75920  1.015 -9.999
 0.76000  1.000 -9.999
 0.76080  1.026 -9.999
 0.76160  1.024 -9.999
 0.76240  1.013 -9.999
 0.76320  1.018 -9.999
 0.76400  1.016 -9.999
 0.76480  1.014 -9.999
 0.76560  1.010 -9.999
 0.76640  1.019 -9.999
 0.76720  1.023 -9.999
 0.76800  1.012 -9.999
 0.76880  1.002 -9.999
 0.76960  1.011 -9.999
 0.77040  1.011 -9.999
 0.77120  1.027 -9.999
 0.77200  1.029 -9.999
 0.77280  1.038 -9.999
 0.77360  1.028 -9.999
 0.77440  1.028 -9.999
 0.77520  1.029 -9.999
 0.77600  1.036 -9.999
 0.77680  1.031 -9.999
 0.77760  1.028 -9.999
 0.77840  1.018 -9.999
 0.77920  1.014 -9.999
 0.78000  1.028 -9.999
 0.78080  1.028 -9.999
 0.78160  1.033 -9.999
 0.78240  1.047 -9.999
 0.78320  1.034 -9.999
 0.78400  1.015 -9.999
 0.78480  1.025 -9.999
 0.78560  1.023 -9.999
 0.78640  1.030 -9.999
 0.78720  1.026 -9.999
 0.78800  1.018 -9.999
 0.78880  1.019 -9.999
 0.78960  1.026 -9.999
 0.79040  1.020 -9.999
 0.79120  1.028 -9.999
 0.79200  1.024 -9.999
 0.79280  1.060 -9.999
 0.79360  1.046 -9.999
 0.79440  1.039 -9.999
 0.79520  1.042 -9.999
 0.79600  1.020 -9.999
 0.79680  1.036 -9.999
 0.79760  1.037 -9.999
 0.79840  1.011 -9.999
 0.79920  1.016 -9.999
 0.80000  1.038 -9.999
 0.80080  1.040 -9.999
 0.80160  1.043 -9.999
 0.80240  1.032 -9.999
 0.80320  1.048 -9.999
 0.80400  1.045 -9.999
 0.80480  1.034 -9.999
 0.80560  1.046 -9.999
 0.80640  1.037 -9.999
 0.80720  1.049 -9.999
 0.80800  1.035 -9.999
 0.80880  1.035 -9.999
 0.80960  1.033 -9.999
 0.81040  1.033 -9.999
 0.81120  1.047 -9.999
 0.81200  1.034 -9.999
 0.81280  1.049 -9.999
 0.81360  1.032 -9.999
 0.81440  1.047 -9.999
 0.81520  1.057 -9.999
 0.81600  1.048 -9.999
 0.81680  1.037 -9.999
 0.81760  1.037 -9.999
 0.81840  1.046 -9.999
 0.81920  1.033 -9.999
 0.82000  1.052 -9.999
 0.82080  1.057 -9.999
 0.82160  1.059 -9.999
 0.82240  1.043 -9.999
 0.82320  1.049 -9.999
 0.82400  1.064 -9.999
 0.82480  1.056 -9.999
 0.82560  1.047 -9.999
 0.82640  1.036 -9.999
 0.82720  1.036 -9.999
 0.82800  1.033 -9.999
 0.82880  1.037 -9.999
 0.82960  1.062 -9.999
 0.83040  1.062 -9.999
 0.83120  1.044 -9.999
 0.83200  1.063 -9.999
 0.83280  1.060 -9.999
 0.83360  1.042 -9.999
 0.83440  1.069 -9.999
 0.83520  1.071 -9.999
 0.83600  1.063 -9.999
 0.83680  1.058 -9.999
 0.83760  1.054 -9.999
 0.83840  1.046 -9.999
 0.83920  1.048 -9.999
 0.84000  1.028 -9.999
 0.84080  1.072 -9.999
 0.84160  1.040 -9.999
 0.84240  1.034 -9.999
 0.84320  1.052 -9.999
 0.84400  1.063 -9.999
 0.84480  1.039 -9.999
 0.84560  1.046 -9.999
 0.84640  1.066 -9.999
 0.84720  1.060 -9.999
 0.84800  1.061 -9.999
 0.84880  1.053 -9.999
 0.84960  1.060 -9.999
 0.85040  1.074 -9.999
 0.85120  1.066 -9.999
 0.85200  1.048 -9.999
 0.85280  1.051 -9.999
 0.85360  1.046 -9.999
 0.85440  1.087 -9.999
 0.85520  1.069 -9.999
 0.85600  1.055 -9.999
 0.85680  1.075 -9.999
 0.85760  1.054 -9.999
 0.85840  1.056 -9.999
 0.85920  1.027 -9.999
 0.86000  1.061 -9.999
 0.86080  1.041 -9.999
 0.86160  1.044 -9.999
 0.86240  1.062 -9.999
 0.86320  1.045 -9.999
 0.86400  1.044 -9.999
 0.86480  1.036 -9.999
 0.86560  1.053 -9.999
 0.86640  1.075 -9.999
 0.86720  1.095 -9.999
 0.86800  1.080 -9.999
 0.86880  1.077 -9.999
 0.86960  1.081 -9.999
 0.87040  1.059 -9.999
 0.87120  1.045 -9.999
 0.87200  1.073 -9.999
 0.87280  1.058 -9.999
 0.87360  1.034 -9.999
 0.87440  1.043 -9.999
 0.87520  1.045 -9.999
 0.87600  1.041 -9.999
 0.87680  1.064 -9.999
 0.87760  1.035 -9.999
 0.87840  1.082 -9.999
 0.87920  1.051 -9.999
 0.88000  1.051 -9.999
 0.88080  1.049 -9.999
 0.88160  1.022 -9.999
 0.88240  1.037 -9.999
 0.88320  1.036 -9.999
 0.88400  1.056 -9.999
 0.88480  1.067 -9.999
 0.88560  1.051 -9.999
 0.88640  1.062 -9.999
 0.88720  1.066 -9.999
 0.88800  1.053 -9.999
 0.88880  1.070 -9.999
 0.88960  1.087 -9.999
 0.89040  1.069 -9.999
 0.89120  1.042 -9.999
 0.89200  1.049 -9.999
 0.89280  1.046 -9.999
 0.89360  1.064 -9.999
 0.89440  1.060 -9.999
 0.89520  1.077 -9.999
 0.89600  1.062 -9.999
 0.89680  1.053 -9.999
 0.89760  1.058 -9.999
 0.89840  1.053 -9.999
 0.89920  1.070 -9.999
 0.90000  1.084 -9.999
 0.90080  1.079 -9.999
 0.90160  1.065 -9.999
 0.90240  1.055 -9.999
 0.90320  1.087 -9.999
 0.90400  1.072 -9.999
 0.90480  1.055 -9.999
 0.90560  1.048 -9.999
 0.90640  1.066 -9.999
 0.90720  1.068 -9.999
 0.90800  1.041 -9.999
 0.90880  1.056 -9.999
 0.90960  1.067 -9.999
 0.91040  1.083 -9.999
 0.91120  1.092 -9.999
 0.91200  1.051 -9.999
 0.91280  1.035 -9.999
 0.91360  1.049 -9.999
 0.91440  1.096 -9.999
 0.91520  1.078 -9.999
 0.91600  1.050 -9.999
 0.91680  1.033 -9.999
 0.91760  1.062 -9.999
 0.91840  1.064 -9.999
 0.91920  1.098 -9.999
 0.92000  1.047 -9.999
 0.92080  1.035 -9.999
 0.92160  1.023 -9.999
 0.92240  1.039 -9.999
 0.92320  1.047 -9.999
 0.92400  1.087 -9.999
 0.92480  1.064 -9.999
 0.92560  1.006 -9.999
 0.92640  1.046 -9.999
 0.92720  1.085 -9.999
 0.92800  1.112 -9.999
 0.92880  1.074 -9.999
 0.92960  0.974 -9.999
 0.93040  1.009 -9.999
 0.93120  0.999 -9.999
 0.93200  1.125 -9.999
 0.93280  1.063 -9.999
 0.93360  1.094 -9.999
 0.93440  1.088 -9.999
 0.93520  1.099 -9.999
 0.93600  0.998 -9.999
 0.93680  1.060 -9.999
 0.93760  1.007 -9.999
 0.93840  1.104 -9.999
 0.93920  1.158 -9.999
 0.94000  1.081 -9.999
 0.94080  1.028 -9.999
 0.94160  1.070 -9.999
 0.94240  1.125 -9.999
 0.94320  1.032 -9.999
 0.94400  1.105 -9.999
 0.94480  1.038 -9.999
 0.94560  0.951 -9.999
 0.94640  1.031 -9.999
 0.94720  1.104 -9.999
