 0.54600  0.886 -9.999
 0.54670  0.893 -9.999
 0.54740  0.890 -9.999
 0.54810  0.906 -9.999
 0.54880  0.913 -9.999
 0.54950  0.903 -9.999
 0.55020  0.899 -9.999
 0.55090  0.892 -9.999
 0.55160  0.891 -9.999
 0.55230  0.887 -9.999
 0.55300  0.890 -9.999
 0.55370  0.890 -9.999
 0.55440  0.882 -9.999
 0.55510  0.872 -9.999
 0.55580  0.859 -9.999
 0.55650  0.848 -9.999
 0.55720  0.910 -9.999
 0.55790  0.950 -9.999
 0.55860  0.942 -9.999
 0.55930  0.931 -9.999
 0.56000  0.919 -9.999
 0.56070  0.935 -9.999
 0.56140  0.899 -9.999
 0.56210  0.899 -9.999
 0.56280  0.935 -9.999
 0.56350  0.906 -9.999
 0.56420  0.916 -9.999
 0.56490  0.917 -9.999
 0.56560  0.930 -9.999
 0.56630  0.920 -9.999
 0.56700  0.899 -9.999
 0.56770  0.907 -9.999
 0.56840  0.926 -9.999
 0.56910  0.917 -9.999
 0.56980  0.919 -9.999
 0.57050  0.934 -9.999
 0.57120  0.937 -9.999
 0.57190  0.926 -9.999
 0.57260  0.924 -9.999
 0.57330  0.922 -9.999
 0.57400  0.912 -9.999
 0.57470  0.920 -9.999
 0.57540  0.914 -9.999
 0.57610  0.925 -9.999
 0.57680  0.919 -9.999
 0.57750  0.911 -9.999
 0.57820  0.925 -9.999
 0.57890  0.923 -9.999
 0.57960  0.919 -9.999
 0.58030  0.919 -9.999
 0.58100  0.915 -9.999
 0.58170  0.898 -9.999
 0.58240  0.924 -9.999
 0.58310  0.926 -9.999
 0.58380  0.915 -9.999
 0.58450  0.926 -9.999
 0.58520  0.912 -9.999
 0.58590  0.907 -9.999
 0.58660  0.907 -9.999
 0.58730  0.916 -9.999
 0.58800  0.932 -9.999
 0.58870  0.941 -9.999
 0.58940  0.962 -9.999
 0.59010  0.926 -9.999
 0.59080  0.911 -9.999
 0.59150  0.923 -9.999
 0.59220  0.915 -9.999
 0.59290  0.912 -9.999
 0.59360  0.912 -9.999
 0.59430  0.898 -9.999
 0.59500  0.910 -9.999
 0.59570  0.928 -9.999
 0.59640  0.918 -9.999
 0.59710  0.926 -9.999
 0.59780  0.908 -9.999
 0.59850  0.919 -9.999
 0.59920  0.931 -9.999
 0.59990  0.930 -9.999
 0.60060  0.928 -9.999
 0.60130  0.949 -9.999
 0.60200  0.934 -9.999
 0.60270  0.942 -9.999
 0.60340  0.954 -9.999
 0.60410  0.911 -9.999
 0.60480  0.929 -9.999
 0.60550  0.938 -9.999
 0.60620  0.944 -9.999
 0.60690  0.940 -9.999
 0.60760  0.937 -9.999
 0.60830  0.928 -9.999
 0.60900  0.933 -9.999
 0.60970  0.942 -9.999
 0.61040  0.936 -9.999
 0.61110  0.936 -9.999
 0.61180  0.934 -9.999
 0.61250  0.922 -9.999
 0.61320  0.931 -9.999
 0.61390  0.951 -9.999
 0.61460  0.944 -9.999
 0.61530  0.960 -9.999
 0.61600  0.966 -9.999
 0.61670  0.940 -9.999
 0.61740  0.944 -9.999
 0.61810  0.940 -9.999
 0.61880  0.950 -9.999
 0.61950  0.929 -9.999
 0.62020  0.931 -9.999
 0.62090  0.939 -9.999
 0.62160  0.949 -9.999
 0.62230  0.942 -9.999
 0.62300  0.928 -9.999
 0.62370  0.948 -9.999
 0.62440  0.959 -9.999
 0.62510  0.958 -9.999
 0.62580  0.941 -9.999
 0.62650  0.956 -9.999
 0.62720  0.949 -9.999
 0.62790  0.930 -9.999
 0.62860  0.929 -9.999
 0.62930  0.957 -9.999
 0.63000  0.997 -9.999
 0.63070  0.995 -9.999
 0.63140  0.974 -9.999
 0.63210  0.967 -9.999
 0.63280  0.959 -9.999
 0.63350  0.956 -9.999
 0.63420  0.970 -9.999
 0.63490  0.962 -9.999
 0.63560  0.954 -9.999
 0.63630  0.979 -9.999
 0.63700  0.982 -9.999
 0.63770  0.977 -9.999
 0.63840  0.954 -9.999
 0.63910  0.950 -9.999
 0.63980  0.950 -9.999
 0.64050  0.949 -9.999
 0.64120  0.966 -9.999
 0.64190  0.967 -9.999
 0.64260  0.967 -9.999
 0.64330  0.982 -9.999
 0.64400  0.952 -9.999
 0.64470  0.944 -9.999
 0.64540  0.957 -9.999
 0.64610  0.975 -9.999
 0.64680  0.971 -9.999
 0.64750  0.963 -9.999
 0.64820  0.966 -9.999
 0.64890  0.974 -9.999
 0.64960  0.990 -9.999
 0.65030  0.994 -9.999
 0.65100  0.957 -9.999
 0.65170  0.953 -9.999
 0.65240  0.989 -9.999
 0.65310  0.985 -9.999
 0.65380  0.970 -9.999
 0.65450  0.968 -9.999
 0.65520  0.982 -9.999
 0.65590  0.969 -9.999
 0.65660  0.964 -9.999
 0.65730  0.985 -9.999
 0.65800  0.980 -9.999
 0.65870  0.977 -9.999
 0.65940  0.982 -9.999
 0.66010  0.964 -9.999
 0.66080  0.970 -9.999
 0.66150  0.994 -9.999
 0.66220  0.982 -9.999
 0.66290  0.969 -9.999
 0.66360  1.003 -9.999
 0.66430  0.997 -9.999
 0.66500  0.996 -9.999
 0.66570  0.966 -9.999
 0.66640  0.957 -9.999
 0.66710  0.967 -9.999
 0.66780  0.975 -9.999
 0.66850  0.962 -9.999
 0.66920  0.964 -9.999
 0.66990  0.982 -9.999
 0.67060  0.979 -9.999
 0.67130  0.995 -9.999
 0.67200  0.969 -9.999
 0.67270  0.964 -9.999
 0.67340  0.960 -9.999
 0.67410  0.981 -9.999
 0.67480  0.992 -9.999
 0.67550  0.980 -9.999
 0.67620  0.987 -9.999
 0.67690  0.984 -9.999
 0.67760  0.975 -9.999
 0.67830  0.967 -9.999
 0.67900  0.989 -9.999
 0.67970  0.982 -9.999
 0.68040  0.967 -9.999
 0.68110  0.972 -9.999
 0.68180  0.978 -9.999
 0.68250  0.966 -9.999
 0.68320  0.994 -9.999
 0.68390  1.007 -9.999
 0.68460  0.986 -9.999
 0.68530  0.991 -9.999
 0.68600  0.983 -9.999
 0.68670  0.992 -9.999
 0.68740  0.994 -9.999
 0.68810  0.975 -9.999
 0.68880  0.976 -9.999
 0.68950  0.998 -9.999
 0.69020  0.999 -9.999
 0.69090  1.020 -9.999
 0.69160  1.002 -9.999
 0.69230  1.010 -9.999
 0.69300  1.007 -9.999
 0.69370  1.002 -9.999
 0.69440  0.981 -9.999
 0.69510  0.979 -9.999
 0.69580  0.998 -9.999
 0.69650  1.004 -9.999
 0.69720  1.008 -9.999
 0.69790  0.999 -9.999
 0.69860  1.001 -9.999
 0.69930  0.994 -9.999
 0.70000  1.001 -9.999
 0.70070  1.002 -9.999
 0.70140  0.995 -9.999
 0.70210  1.016 -9.999
 0.70280  1.015 -9.999
 0.70350  1.009 -9.999
 0.70420  1.003 -9.999
 0.70490  1.003 -9.999
 0.70560  0.997 -9.999
 0.70630  1.010 -9.999
 0.70700  1.017 -9.999
 0.70770  1.009 -9.999
 0.70840  1.024 -9.999
 0.70910  1.009 -9.999
 0.70980  1.008 -9.999
 0.71050  1.014 -9.999
 0.71120  1.008 -9.999
 0.71190  1.019 -9.999
 0.71260  1.010 -9.999
 0.71330  1.008 -9.999
 0.71400  1.007 -9.999
 0.71470  1.004 -9.999
 0.71540  1.019 -9.999
 0.71610  0.999 -9.999
 0.71680  1.014 -9.999
 0.71750  1.039 -9.999
 0.71820  1.047 -9.999
 0.71890  1.018 -9.999
 0.71960  0.988 -9.999
 0.72030  1.027 -9.999
 0.72100  1.032 -9.999
 0.72170  1.008 -9.999
 0.72240  1.016 -9.999
 0.72310  1.012 -9.999
 0.72380  1.020 -9.999
 0.72450  1.024 -9.999
 0.72520  1.023 -9.999
 0.72590  1.018 -9.999
 0.72660  0.990 -9.999
 0.72730  1.009 -9.999
 0.72800  1.068 -9.999
 0.72870  1.050 -9.999
 0.72940  1.032 -9.999
 0.73010  1.018 -9.999
 0.73080  1.026 -9.999
 0.73150  1.015 -9.999
 0.73220  1.029 -9.999
 0.73290  1.019 -9.999
 0.73360  1.015 -9.999
 0.73430  1.029 -9.999
 0.73500  1.017 -9.999
 0.73570  1.047 -9.999
 0.73640  1.035 -9.999
 0.73710  1.032 -9.999
 0.73780  1.014 -9.999
 0.73850  1.008 -9.999
 0.73920  1.057 -9.999
 0.73990  1.075 -9.999
 0.74060  1.071 -9.999
 0.74130  1.048 -9.999
 0.74200  1.119 -9.999
 0.74270  1.214 -9.999
 0.74340  1.085 -9.999
 0.74410  1.032 -9.999
 0.74480  1.012 -9.999
 0.74550  1.019 -9.999
 0.74620  1.030 -9.999
 0.74690  1.017 -9.999
 0.74760  1.039 -9.999
 0.74830  1.060 -9.999
 0.74900  1.039 -9.999
 0.74970  1.046 -9.999
 0.75040  1.014 -9.999
 0.75110  1.021 -9.999
 0.75180  1.042 -9.999
 0.75250  1.035 -9.999
 0.75320  1.035 -9.999
 0.75390  1.026 -9.999
 0.75460  1.027 -9.999
 0.75530  1.044 -9.999
 0.75600  1.021 -9.999
 0.75670  1.027 -9.999
 0.75740  1.060 -9.999
 0.75810  1.062 -9.999
 0.75880  1.030 -9.999
 0.75950  0.990 -9.999
 0.76020  1.021 -9.999
 0.76090  1.017 -9.999
 0.76160  1.030 -9.999
 0.76230  1.025 -9.999
 0.76300  1.046 -9.999
 0.76370  1.053 -9.999
 0.76440  1.009 -9.999
 0.76510  1.035 -9.999
 0.76580  1.053 -9.999
 0.76650  1.064 -9.999
 0.76720  1.076 -9.999
 0.76790  1.041 -9.999
 0.76860  1.050 -9.999
 0.76930  1.055 -9.999
 0.77000  1.047 -9.999
 0.77070  1.057 -9.999
 0.77140  1.093 -9.999
 0.77210  1.086 -9.999
 0.77280  1.064 -9.999
 0.77350  1.040 -9.999
 0.77420  1.031 -9.999
 0.77490  1.025 -9.999
 0.77560  1.045 -9.999
 0.77630  1.040 -9.999
 0.77700  1.025 -9.999
 0.77770  1.081 -9.999
 0.77840  1.016 -9.999
 0.77910  1.419 -9.999
 0.77980  2.134 -9.999
 0.78050  1.733 -9.999
 0.78120  1.088 -9.999
 0.78190  1.056 -9.999
 0.78260  1.076 -9.999
 0.78330  1.081 -9.999
 0.78400  1.048 -9.999
 0.78470  1.086 -9.999
 0.78540  1.090 -9.999
 0.78610  1.047 -9.999
 0.78680  1.103 -9.999
 0.78750  1.058 -9.999
 0.78820  1.082 -9.999
 0.78890  1.091 -9.999
 0.78960  1.091 -9.999
 0.79030  1.052 -9.999
 0.79100  1.069 -9.999
 0.79170  1.104 -9.999
 0.79240  1.071 -9.999
 0.79310  1.100 -9.999
 0.79380  1.090 -9.999
 0.79450  1.065 -9.999
 0.79520  1.055 -9.999
 0.79590  1.044 -9.999
 0.79660  1.074 -9.999
 0.79730  1.056 -9.999
 0.79800  1.035 -9.999
 0.79870  1.126 -9.999
 0.79940  1.105 -9.999
 0.80010  1.096 -9.999
 0.80080  1.056 -9.999
 0.80150  1.058 -9.999
 0.80220  1.091 -9.999
 0.80290  1.099 -9.999
 0.80360  1.067 -9.999
 0.80430  1.062 -9.999
 0.80500  1.114 -9.999
 0.80570  1.096 -9.999
 0.80640  1.081 -9.999
 0.80710  1.083 -9.999
 0.80780  1.060 -9.999
 0.80850  1.049 -9.999
 0.80920  1.103 -9.999
 0.80990  1.120 -9.999
 0.81060  1.069 -9.999
 0.81130  1.076 -9.999
 0.81200  1.071 -9.999
 0.81270  1.059 -9.999
 0.81340  1.087 -9.999
 0.81410  1.097 -9.999
 0.81480  1.078 -9.999
 0.81550  1.087 -9.999
 0.81620  1.060 -9.999
 0.81690  1.060 -9.999
 0.81760  1.109 -9.999
 0.81830  1.082 -9.999
 0.81900  1.086 -9.999
 0.81970  1.123 -9.999
 0.82040  1.126 -9.999
 0.82110  1.095 -9.999
 0.82180  1.101 -9.999
 0.82250  1.096 -9.999
 0.82320  1.055 -9.999
 0.82390  1.065 -9.999
 0.82460  1.176 -9.999
 0.82530  1.247 -9.999
 0.82600  1.251 -9.999
 0.82670  1.146 -9.999
 0.82740  1.035 -9.999
 0.82810  1.072 -9.999
 0.82880  1.094 -9.999
 0.82950  1.063 -9.999
 0.83020  1.107 -9.999
 0.83090  1.125 -9.999
 0.83160  1.086 -9.999
 0.83230  1.055 -9.999
 0.83300  1.065 -9.999
 0.83370  1.103 -9.999
 0.83440  1.179 -9.999
 0.83510  1.168 -9.999
 0.83580  1.117 -9.999
 0.83650  1.106 -9.999
 0.83720  1.072 -9.999
 0.83790  1.117 -9.999
 0.83860  1.169 -9.999
 0.83930  1.151 -9.999
 0.84000  1.133 -9.999
 0.84070  1.184 -9.999
 0.84140  1.020 -9.999
 0.84210  0.985 -9.999
 0.84280  1.152 -9.999
 0.84350  1.160 -9.999
 0.84420  1.138 -9.999
 0.84490  1.124 -9.999
 0.84560  1.100 -9.999
 0.84630  1.116 -9.999
 0.84700  1.158 -9.999
 0.84770  1.084 -9.999
 0.84840  1.050 -9.999
 0.84910  1.130 -9.999
 0.84980  1.149 -9.999
 0.85050  1.158 -9.999
 0.85120  1.153 -9.999
 0.85190  1.108 -9.999
 0.85260  1.105 -9.999
 0.85330  1.163 -9.999
 0.85400  1.130 -9.999
 0.85470  1.139 -9.999
 0.85540  1.116 -9.999
 0.85610  1.117 -9.999
 0.85680  1.130 -9.999
 0.85750  1.137 -9.999
 0.85820  1.149 -9.999
 0.85890  1.126 -9.999
 0.85960  1.118 -9.999
 0.86030  1.119 -9.999
 0.86100  1.108 -9.999
 0.86170  1.189 -9.999
 0.86240  1.151 -9.999
 0.86310  1.113 -9.999
 0.86380  1.131 -9.999
 0.86450  1.167 -9.999
 0.86520  1.158 -9.999
 0.86590  1.144 -9.999
 0.86660  1.209 -9.999
 0.86730  1.168 -9.999
 0.86800  1.134 -9.999
 0.86870  1.103 -9.999
 0.86940  1.106 -9.999
 0.87010  1.095 -9.999
 0.87080  1.106 -9.999
 0.87150  1.118 -9.999
 0.87220  1.121 -9.999
 0.87290  1.121 -9.999
 0.87360  1.081 -9.999
 0.87430  1.079 -9.999
 0.87500  1.110 -9.999
 0.87570  1.137 -9.999
 0.87640  1.117 -9.999
 0.87710  1.140 -9.999
 0.87780  1.145 -9.999
 0.87850  1.073 -9.999
 0.87920  1.172 -9.999
 0.87990  1.142 -9.999
 0.88060  1.075 -9.999
 0.88130  1.092 -9.999
 0.88200  1.135 -9.999
 0.88270  1.152 -9.999
 0.88340  1.123 -9.999
 0.88410  1.148 -9.999
 0.88480  1.218 -9.999
 0.88550  1.184 -9.999
 0.88620  1.092 -9.999
 0.88690  1.116 -9.999
 0.88760  1.151 -9.999
 0.88830  1.175 -9.999
 0.88900  1.142 -9.999
 0.88970  1.141 -9.999
 0.89040  1.128 -9.999
 0.89110  1.160 -9.999
 0.89180  1.212 -9.999
 0.89250  1.141 -9.999
 0.89320  1.154 -9.999
 0.89390  1.113 -9.999
 0.89460  1.106 -9.999
 0.89530  1.158 -9.999
 0.89600  1.178 -9.999
 0.89670  1.124 -9.999
 0.89740  1.095 -9.999
 0.89810  1.101 -9.999
 0.89880  1.194 -9.999
 0.89950  1.221 -9.999
 0.90020  1.200 -9.999
 0.90090  1.178 -9.999
 0.90160  1.106 -9.999
 0.90230  1.118 -9.999
 0.90300  1.129 -9.999
 0.90370  1.110 -9.999
 0.90440  1.185 -9.999
 0.90510  1.191 -9.999
 0.90580  1.180 -9.999
 0.90650  1.164 -9.999
 0.90720  1.110 -9.999
 0.90790  1.077 -9.999
 0.90860  1.127 -9.999
 0.90930  1.153 -9.999
 0.91000  1.185 -9.999
 0.91070  1.125 -9.999
 0.91140  1.124 -9.999
 0.91210  1.193 -9.999
 0.91280  1.204 -9.999
 0.91350  1.155 -9.999
 0.91420  1.159 -9.999
 0.91490  1.178 -9.999
 0.91560  1.223 -9.999
 0.91630  1.124 -9.999
 0.91700  1.347 -9.999
 0.91770  2.251 -9.999
 0.91840  2.627 -9.999
 0.91910  1.800 -9.999
 0.91980  0.997 -9.999
 0.92050  1.110 -9.999
 0.92120  1.098 -9.999
 0.92190  1.137 -9.999
 0.92260  1.154 -9.999
 0.92330  1.146 -9.999
 0.92400  1.123 -9.999
 0.92470  1.130 -9.999
 0.92540  1.186 -9.999
 0.92610  1.215 -9.999
 0.92680  1.214 -9.999
 0.92750  1.158 -9.999
 0.92820  1.093 -9.999
 0.92890  1.067 -9.999
 0.92960  1.021 -9.999
 0.93030  1.116 -9.999
 0.93100  1.091 -9.999
 0.93170  1.229 -9.999
 0.93240  1.264 -9.999
 0.93310  1.139 -9.999
 0.93380  1.298 -9.999
 0.93450  1.215 -9.999
 0.93520  1.226 -9.999
 0.93590  1.045 -9.999
 0.93660  1.152 -9.999
 0.93730  1.267 -9.999
 0.93800  1.200 -9.999
 0.93870  1.239 -9.999
 0.93940  1.016 -9.999
 0.94010  1.101 -9.999
 0.94080  1.202 -9.999
 0.94150  1.338 -9.999
 0.94220  1.362 -9.999
 0.94290  1.352 -9.999
 0.94360  1.225 -9.999
 0.94430  1.184 -9.999
 0.94500  1.399 -9.999
 0.94570  1.241 -9.999
 0.94640  1.214 -9.999
 0.94710  1.136 -9.999
 0.94780  1.159 -9.999
 0.94850  1.194 -9.999
 0.94920  1.213 -9.999
 0.94990  1.254 -9.999
 0.95060  1.181 -9.999
 0.95130  1.265 -9.999
 0.95200  1.216 -9.999
 0.95270  1.204 -9.999
 0.95340  1.093 -9.999
 0.95410  1.235 -9.999
 0.95480  1.172 -9.999
 0.95550  1.161 -9.999
 0.95620  1.407 -9.999
 0.95690  1.236 -9.999
 0.95760  1.266 -9.999
 0.95830  1.272 -9.999
 0.95900  1.187 -9.999
 0.95970  1.135 -9.999
 0.96040  1.140 -9.999
 0.96110  1.109 -9.999
 0.96180  1.185 -9.999
 0.96250  1.241 -9.999
 0.96320  1.137 -9.999
 0.96390  1.056 -9.999
 0.96460  1.110 -9.999
 0.96530  1.165 -9.999
 0.96600  1.140 -9.999
 0.96670  0.946 -9.999
 0.96740  1.029 -9.999
 0.96810  1.221 -9.999
 0.96880  1.189 -9.999
 0.96950  1.182 -9.999
 0.97020  1.182 -9.999
 0.97090  1.199 -9.999
 0.97160  1.231 -9.999
 0.97230  1.229 -9.999
 0.97300  1.146 -9.999
 0.97370  1.004 -9.999
 0.97440  1.269 -9.999
 0.97510  1.160 -9.999
 0.97580  1.069 -9.999
 0.97650  1.274 -9.999
 0.97720  1.359 -9.999
 0.97790  1.304 -9.999
 0.97860  1.302 -9.999
 0.97930  1.341 -9.999
 0.98000  1.185 -9.999
 0.98070  1.241 -9.999
 0.98140  1.443 -9.999
 0.98210  1.435 -9.999
 0.98280  0.00  -9.999
