    0.6500   -1.0000   -1.0000         3
    0.6550   -1.0000   -1.0000         3
    0.6600   -1.0000   -1.0000         3
    0.6650   -1.0000   -1.0000         3
    0.6700   -1.0000   -1.0000         3
    0.6750   -1.0000   -1.0000         3
    0.6800   -1.0000   -1.0000         3
    0.6850   -1.0000   -1.0000         3
    0.6900    1.2800    0.0860         3
    0.6950    1.1585    0.0628         3
    0.7000    1.1502    0.0547         3
    0.7050    1.1135    0.0484         3
    0.7100    1.1284    0.0436         3
    0.7150    1.1472    0.0419         3
    0.7200   -1.0000   -1.0000         3
    0.7250    1.1312    0.0357         3
    0.7300    1.1073    0.0333         3
    0.7350    1.1157    0.0313         3
    0.7400    1.1254    0.0311         3
    0.7450    1.1377    0.0307         3
    0.7500    1.1267    0.0320         3
    0.7550    1.1414    0.0322         3
    0.7600    1.1568    0.0310         3
    0.7650    1.0984    0.0274         3
    0.7700    1.1451    0.0265         3
    0.7750    1.1555    0.0265         3
    0.7800    1.1035    0.0250         3
    0.7850    1.1528    0.0253         3
    0.7900    1.1432    0.0247         3
    0.7950    1.0841    0.0262         3
    0.8000    1.0897    0.0236         3
    0.8050    1.0949    0.0246         3
    0.8100    1.1057    0.0235         3
    0.8150    1.1403    0.0238         3
    0.8200    1.0648    0.0235         3
    0.8250    1.0454    0.0229         3
    0.8300    1.0198    0.0231         3
    0.8350    1.0100    0.0237         3
    0.8400    1.0361    0.0227         3
    0.8450    1.0619    0.0228         3
    0.8500    1.0556    0.0224         3
    0.8550    1.0443    0.0211         3
    0.8600    1.0340    0.0209         3
    0.8650    1.0349    0.0201         3
    0.8700    1.0158    0.0210         3
    0.8750    0.9824    0.0210         3
    0.8800    0.9648    0.0197         3
    0.8850    0.9716    0.0187         3
    0.8900    1.0013    0.0203         3
    0.8950    1.0152    0.0191         3
    0.9000    1.0141    0.0196         3
    0.9050    1.0172    0.0187         3
    0.9100    1.0258    0.0188         3
    0.9150    1.0226    0.0189         3
    0.9200    0.9988    0.0175         3
    0.9250    0.9929    0.0177         3
    0.9300    0.9996    0.0184         3
    0.9350    1.0143    0.0198         3
    0.9400    1.0320    0.0201         3
    0.9450    1.0340    0.0207         3
    0.9500    1.0194    0.0200         3
    0.9550    1.0152    0.0181         3
    0.9600    1.0121    0.0190         3
    0.9650    1.0069    0.0171         3
    0.9700    0.9980    0.0168         3
    0.9750    0.9853    0.0166         3
    0.9800    0.9893    0.0169         3
    0.9850    1.0021    0.0163         3
    0.9900    1.0022    0.0175         3
    0.9950    1.0212    0.0159         3
    1.0000    1.0207    0.0196         2
    1.0050    1.0330    0.0170         2
    1.0100    1.0054    0.0169         2
    1.0150    1.0147    0.0167         3
    1.0200    1.0066    0.0160         3
    1.0250    0.9981    0.0163         3
    1.0300    0.9922    0.0157         3
    1.0350    0.9905    0.0158         3
    1.0400    0.9817    0.0158         3
    1.0450    0.9831    0.0156         3
    1.0500    0.9958    0.0152         3
    1.0550    1.0086    0.0169         3
    1.0600    1.0165    0.0164         3
    1.0650    1.0272    0.0166         3
    1.0700    1.0346    0.0154         3
    1.0750    1.0207    0.0177         3
    1.0800    1.0146    0.0186         3
    1.0850    1.0169    0.0178         3
    1.0900    1.0189    0.0178         3
    1.0950    1.0284    0.0196         3
    1.1000    1.0260    0.0194         3
    1.1050    1.0315    0.0171         3
    1.1100    1.0208    0.0179         3
    1.1150    1.0085    0.0174         3
    1.1200    1.0062    0.0184         3
    1.1250    1.0009    0.0209         3
    1.1300    0.9946    0.0200         3
    1.1350    1.0154    0.0214         3
    1.1400    1.0483    0.0216         3
    1.1450    1.0687    0.0209         3
    1.1500    1.0464    0.0217         3
    1.1550    1.0247    0.0195         3
    1.1600    1.0374    0.0198         3
    1.1650    1.0678    0.0195         3
    1.1700    1.0786    0.0194         3
    1.1750    1.0671    0.0190         3
    1.1800    1.0853    0.0193         3
    1.1850    1.0950    0.0184         3
    1.1900    1.0834    0.0182         3
    1.1950    1.0987    0.0185         3
    1.2000    1.1198    0.0182         3
    1.2050    1.0936    0.0187         3
    1.2100    1.0803    0.0201         2
    1.2150    1.0171    0.0182         2
    1.2200    1.0876    0.0200         2
    1.2250    1.1031    0.0192         3
    1.2300    1.0887    0.0184         3
    1.2350    1.0597    0.0210         3
    1.2400    1.0814    0.0182         3
    1.2450    1.1253    0.0202         3
    1.2500    1.1482    0.0212         3
    1.2550    1.1126    0.0196         3
    1.2600    1.1146    0.0208         3
    1.2650    1.1441    0.0212         3
    1.2700    1.1505    0.0223         3
    1.2750    1.1455    0.0251         3
    1.2800    1.1154    0.0259         3
    1.2850    1.0739    0.0236         3
    1.2900    1.1147    0.0211         3
    1.2950    1.1501    0.0227         3
    1.3000    1.1342    0.0211         3
    1.3050    1.1172    0.0215         3
    1.3100    1.1147    0.0232         3
    1.3150    1.0938    0.0206         3
    1.3200    1.1235    0.0213         3
    1.3250    1.1647    0.0200         3
    1.3300    1.1898    0.0200         3
    1.3350    1.1852    0.0226         3
    1.3400    1.1647    0.0209         3
    1.3450    1.1450    0.0231         3
    1.3500    1.1721    0.0265         2
    1.3550    1.1183    0.0386         3
    1.3600    1.1223    0.0435         3
    1.3650    1.1285    0.0542         3
    1.3700    1.1665    0.0617         2
    1.3750   -1.0000   -1.0000         0
    1.3800    1.1886    0.0514         2
    1.3850    1.1726    0.0508         3
    1.3900    1.1643    0.0488         3
    1.3950    1.1595    0.0489         3
    1.4000    1.2081    0.0506         3
    1.4050    1.1414    0.0427         3
    1.4100   -1.0000   -1.0000         2
    1.4150    1.1183    0.0376         3
    1.4200    1.1371    0.0353         3
    1.4250    1.2057    0.0328         3
    1.4300    1.2230    0.0320         3
    1.4350    1.1810    0.0343         3
    1.4400    1.1839    0.0321         3
    1.4450    1.1537    0.0346         3
    1.4500    1.1842    0.0291         3
    1.4550    1.2402    0.0284         3
    1.4600    1.2125    0.0313         3
    1.4650    1.2307    0.0309         3
    1.4700    1.2932    0.0316         1
    1.4750    1.2428    0.0264         1
    1.4800    1.2479    0.0274         3
    1.4850    1.2266    0.0250         3
    1.4900    1.3149    0.0275         2
    1.4950    1.2101    0.0207         1
    1.5000    1.2128    0.0238         3
    1.5050    1.1864    0.0253         3
    1.5100    1.2107    0.0238         3
    1.5150    1.1784    0.0222         3
    1.5200    1.1854    0.0226         3
    1.5250    1.2080    0.0227         3
    1.5300    1.1603    0.0235         3
    1.5350    1.1452    0.0231         3
    1.5400    1.1644    0.0244         3
    1.5450    1.1696    0.0232         3
    1.5500    1.1745    0.0214         3
    1.5550    1.2483    0.0247         3
    1.5600    1.1895    0.0237         3
    1.5650    1.2106    0.0235         3
    1.5700    1.3448    0.0246         3
    1.5750    1.2235    0.0231         3
    1.5800    1.1214    0.0248         3
    1.5850    1.2403    0.0260         3
    1.5900    1.3187    0.0252         3
    1.5950    1.3202    0.0255         3
    1.6000    1.4359    0.0282         3
    1.6050   -1.0000   -1.0000         3
    1.6100    1.4106    0.0271         3
    1.6150    1.2998    0.0260         3
    1.6200    1.1420    0.0244         3
    1.6250    1.2089    0.0249         3
    1.6300    1.3541    0.0290         3
    1.6350    1.2929    0.0264         3
    1.6400    1.2929    0.0267         3
    1.6450    1.3103    0.0268         3
    1.6500    1.2667    0.0250         3
    1.6550    1.2797    0.0276         3
    1.6600    1.3790    0.0280         3
    1.6650    1.3512    0.0280         3
    1.6700    1.2311    0.0272         3
    1.6750    1.1945    0.0255         3
    1.6800    1.2184    0.0260         3
    1.6850    1.2376    0.0267         3
    1.6900    1.1796    0.0282         3
    1.6950    1.1902    0.0285         3
    1.7000    1.3202    0.0356         3
    1.7050    1.2711    0.0281         3
    1.7100    1.2265    0.0295         3
    1.7150    1.2018    0.0299         3
    1.7200    1.1973    0.0308         3
    1.7250    1.2857    0.0294         3
    1.7300    1.3044    0.0311         3
    1.7350    1.2506    0.0311         3
    1.7400    1.1868    0.0285         3
    1.7450    1.2106    0.0313         3
    1.7500    1.3684    0.0326         3
    1.7550    1.3432    0.0299         3
    1.7600    1.1561    0.0308         3
    1.7650    1.1929    0.0325         3
    1.7700    1.0945    0.0304         3
    1.7750   -1.0000   -1.0000         3
    1.7800    1.1529    0.0343         3
    1.7850    1.3024    0.0346         3
    1.7900   -1.0000   -1.0000         3
    1.7950   -1.0000   -1.0000         3
    1.8000    1.0710    0.0419         3
    1.8050   -1.0000   -1.0000         0
    1.8100   -1.0000   -1.0000         0
    1.8150    1.0898    0.0562         3
    1.8200    1.3232    0.0535         3
    1.8250    1.2362    0.0611         3
    1.8300    1.4630    0.0782         2
    1.8350    1.1859    0.0831         3
    1.8400    0.9491    0.1025         2
    1.8450    1.0158    0.1163         3
    1.8500    1.3754    0.1322         2
    1.8550    1.2874    0.1105         3
    1.8600    1.1651    0.1060         3
    1.8650    1.2390    0.1220         3
    1.8700    1.1656    0.1226         3
    1.8750    1.3191    0.1504         2
    1.8800    0.9950    0.1002         3
    1.8850    1.0136    0.0948         1
    1.8900    1.1279    0.0686         3
    1.8950    1.1959    0.0755         3
    1.9000    1.1595    0.0846         3
    1.9050    1.0915    0.0939         3
    1.9100    1.0016    0.1076         2
    1.9150    0.9776    0.1012         1
    1.9200    1.1230    0.0770         3
    1.9250    1.1091    0.0842         3
    1.9300    0.9505    0.0671         1
    1.9350    1.0492    0.0609         3
    1.9400    1.0543    0.0566         3
    1.9450    1.0180    0.0564         3
    1.9500    1.2182    0.0582         3
    1.9550    1.2560    0.0609         3
    1.9600    1.0980    0.0592         3
    1.9650    0.9141    0.0590         3
    1.9700    1.0522    0.0501         3
    1.9750    1.2406    0.0513         3
    1.9800    1.1908    0.0428         3
    1.9850    1.0428    0.0416         3
    1.9900    0.9833    0.0405         3
    1.9950    1.1637    0.0488         3
    2.0000    1.1707    0.0540         3
    2.0050    1.3280    0.0704         1
    2.0100   -1.0000   -1.0000         0
    2.0150    1.1502    0.0710         3
    2.0200    0.9999    0.0619         3
    2.0250    1.1795    0.0563         3
    2.0300    1.1807    0.0502         3
    2.0350    1.0496    0.0474         3
    2.0400    1.1115    0.0461         3
    2.0450    1.1980    0.0501         3
    2.0500    1.3848    0.0580         3
    2.0550    1.2463    0.0496         3
    2.0600    0.9699    0.0519         3
    2.0650    1.0524    0.0564         3
    2.0700    1.2110    0.0521         3
    2.0750    1.1903    0.0517         3
    2.0800    0.9358    0.0511         3
    2.0850    1.0811    0.0503         3
    2.0900    1.2089    0.0454         3
    2.0950    1.2412    0.0481         3
    2.1000    1.1736    0.0472         3
    2.1050    1.0741    0.0488         3
    2.1100    1.0960    0.0512         3
    2.1150    1.1549    0.0527         3
    2.1200    1.2193    0.0493         3
    2.1250    1.1253    0.0496         3
    2.1300    1.1065    0.0475         3
    2.1350    1.2100    0.0462         3
    2.1400    1.2284    0.0509         3
    2.1450    1.1880    0.0506         3
    2.1500    1.3159    0.0519         3
    2.1550    1.2973    0.0532         3
    2.1600    1.1415    0.0489         3
    2.1650    1.2319    0.0520         3
    2.1700    1.2491    0.0507         3
    2.1750    1.3080    0.0562         3
    2.1800    1.3696    0.0552         3
    2.1850    1.3441    0.0528         3
    2.1900    1.2085    0.0532         3
    2.1950    1.1267    0.0591         3
    2.2000    1.3228    0.0605         3
    2.2050    1.3176    0.0569         3
    2.2100    1.1892    0.0583         3
    2.2150    1.1014    0.0563         3
    2.2200    1.2863    0.0613         3
    2.2250    1.4967    0.0599         3
    2.2300    1.3164    0.0585         3
    2.2350    1.1083    0.0538         3
    2.2400    1.1487    0.0557         3
    2.2450    1.2768    0.0599         3
    2.2500    1.1931    0.0561         3
    2.2550    1.0637    0.0545         3
    2.2600    1.1785    0.0667         3
    2.2650    1.0712    0.0602         3
    2.2700    1.2375    0.0636         3
    2.2750    1.4361    0.0612         3
    2.2800    1.5407    0.0647         3
    2.2850    1.3862    0.0596         3
    2.2900    1.0807    0.0622         2
    2.2950    1.2528    0.0658         3
    2.3000    1.4229    0.0727         3
    2.3050    1.3871    0.0656         3
    2.3100    1.1854    0.0657         3
    2.3150    1.2074    0.0652         3
    2.3200    1.4087    0.0759         3
    2.3250    1.3395    0.0692         3
    2.3300    1.4852    0.0701         3
    2.3350    1.3501    0.0649         3
    2.3400    1.2929    0.0732         3
    2.3450    1.4015    0.0741         3
    2.3500    1.1217    0.0754         2
    2.3550    1.3579    0.0819         3
    2.3600   -1.0000   -1.0000         0
    2.3650    1.5199    0.0800         3
    2.3700    1.3866    0.0843         3
    2.3750    1.4725    0.0839         3
    2.3800    1.6514    0.0895         3
    2.3850    1.5112    0.0849         3
    2.3900    1.2592    0.0868         3
    2.3950    1.4072    0.0828         3
    2.4000    1.1193    0.0805         3
    2.4050    1.1256    0.0902         3
    2.4100    1.5352    0.0899         3
    2.4150    1.1204    0.0844         3
    2.4200    1.0656    0.0951         3
    2.4250   -1.0000   -1.0000         3
    2.4300    1.1644    0.0853         3
    2.4350    1.0862    0.0893         3
    2.4400   -1.0000   -1.0000         0
    2.4450   -1.0000   -1.0000         0
    2.4500   -1.0000   -1.0000         0
    2.4550   -1.0000   -1.0000         0
    2.4600   -1.0000   -1.0000         0
    2.4650   -1.0000   -1.0000         0
    2.4700    0.8086    0.1086         3
    2.4750    0.8719    0.0989         1
    2.4800   -1.0000   -1.0000         0
    2.4850   -1.0000   -1.0000         0
    2.4900   -1.0000   -1.0000         0
